# step, loss_train, loss_test, metrics_test
0.000000000000000000e+00 5.306457996368408203e+00 1.439859313964843750e+02 1.831885253906250000e+03 3.893185377120971680e+00 1.322499990463256836e+00 3.600000000000000000e+01 4.579600219726562500e+02 1.000000000000000000e+00 5.306985378265380859e+00 1.439879150390625000e+02 1.831873535156250000e+03 3.904390811920166016e+00 1.322499990463256836e+00 3.600000000000000000e+01 4.579600219726562500e+02 1.000000000000000000e+00
2.000000000000000000e+03 6.210411548614501953e+00 1.680987701416015625e+02 1.707115478515625000e+03 3.657791137695312500e+00 3.173877596855163574e-01 3.794932174682617188e+01 4.236595764160156250e+02 4.924955219030380249e-02 6.275392055511474609e+00 1.684028625488281250e+02 1.705658081054687500e+03 3.706028938293457031e+00 3.173877596855163574e-01 3.794932174682617188e+01 4.236595764160156250e+02 4.924955219030380249e-02
4.000000000000000000e+03 2.653055000305175781e+01 5.327075805664062500e+02 6.602828369140625000e+02 3.716408967971801758e+00 5.072141170501708984e+00 3.343804168701171875e+01 3.376787719726562500e+02 1.178695678710937500e+01 2.699012184143066406e+01 5.354811401367187500e+02 6.594869995117187500e+02 3.783010959625244141e+00 5.072141170501708984e+00 3.343804168701171875e+01 3.376787719726562500e+02 1.178695678710937500e+01
6.000000000000000000e+03 3.920709609985351562e+01 7.152037353515625000e+02 3.855669555664062500e+02 3.724673509597778320e+00 5.687181949615478516e+00 3.135018920898437500e+01 2.964978942871093750e+02 1.527785015106201172e+01 3.843125152587890625e+01 7.218403320312500000e+02 3.877618713378906250e+02 3.720432996749877930e+00 5.687181949615478516e+00 3.135018920898437500e+01 2.964978942871093750e+02 1.527785015106201172e+01
8.000000000000000000e+03 4.138452529907226562e+01 7.307379760742187500e+02 3.562001647949218750e+02 3.791517972946166992e+00 4.638008117675781250e+00 2.950118064880371094e+01 2.641063232421875000e+02 1.437613487243652344e+01 4.006456375122070312e+01 7.393367309570312500e+02 3.600551452636718750e+02 3.715618133544921875e+00 4.638008117675781250e+00 2.950118064880371094e+01 2.641063232421875000e+02 1.437613487243652344e+01
1.000000000000000000e+04 4.117248153686523438e+01 7.265811767578125000e+02 3.515455627441406250e+02 3.792745828628540039e+00 3.963894367218017578e+00 2.754895591735839844e+01 2.333392639160156250e+02 1.416400909423828125e+01 4.012216949462890625e+01 7.363134155273437500e+02 3.561896972656250000e+02 3.707911014556884766e+00 3.963894367218017578e+00 2.754895591735839844e+01 2.333392639160156250e+02 1.416400909423828125e+01
1.200000000000000000e+04 4.076161956787109375e+01 7.213480224609375000e+02 3.477239379882812500e+02 3.782046318054199219e+00 3.381272554397583008e+00 2.581772804260253906e+01 2.063207550048828125e+02 1.401502704620361328e+01 3.998729324340820312e+01 7.319589843750000000e+02 3.528171691894531250e+02 3.696143865585327148e+00 3.381272554397583008e+00 2.581772804260253906e+01 2.063207550048828125e+02 1.401502704620361328e+01
1.400000000000000000e+04 4.018168640136718750e+01 7.161323852539062500e+02 3.427996520996093750e+02 3.751420021057128906e+00 2.820118904113769531e+00 2.447259140014648438e+01 1.832778015136718750e+02 1.377156352996826172e+01 3.970372009277343750e+01 7.273182373046875000e+02 3.480336303710937500e+02 3.673598527908325195e+00 2.820118904113769531e+00 2.447259140014648438e+01 1.832778015136718750e+02 1.377156352996826172e+01
1.600000000000000000e+04 3.941048431396484375e+01 7.105214843750000000e+02 3.361464843750000000e+02 3.695013999938964844e+00 2.253968238830566406e+00 2.361473083496093750e+01 1.642840270996093750e+02 1.341258525848388672e+01 3.923611831665039062e+01 7.219752197265625000e+02 3.412435302734375000e+02 3.634517908096313477e+00 2.253968238830566406e+00 2.361473083496093750e+01 1.642840270996093750e+02 1.341258525848388672e+01
1.800000000000000000e+04 3.844425582885742188e+01 7.035103149414062500e+02 3.275308532714843750e+02 3.611621379852294922e+00 1.695930838584899902e+00 2.327468681335449219e+01 1.491594238281250000e+02 1.305796527862548828e+01 3.854090118408203125e+01 7.149617919921875000e+02 3.322403259277343750e+02 3.574974775314331055e+00 1.695930838584899902e+00 2.327468681335449219e+01 1.491594238281250000e+02 1.305796527862548828e+01
2.000000000000000000e+04 3.727922058105468750e+01 6.932751464843750000e+02 3.170925598144531250e+02 3.505070924758911133e+00 1.179380178451538086e+00 2.347595405578613281e+01 1.376349029541015625e+02 1.289291572570800781e+01 3.757514190673828125e+01 7.044749755859375000e+02 3.212231140136718750e+02 3.493443965911865234e+00 1.179380178451538086e+00 2.347595405578613281e+01 1.376349029541015625e+02 1.289291572570800781e+01
2.200000000000000000e+04 3.591938400268554688e+01 6.769057617187500000e+02 3.049798889160156250e+02 3.382345914840698242e+00 7.433121800422668457e-01 2.431425476074218750e+01 1.296482849121093750e+02 1.309444427490234375e+01 3.632635879516601562e+01 6.875701904296875000e+02 3.084806823730468750e+02 3.391062736511230469e+00 7.433121800422668457e-01 2.431425476074218750e+01 1.296482849121093750e+02 1.309444427490234375e+01
2.400000000000000000e+04 3.443812942504882812e+01 6.500160522460937500e+02 2.909162902832031250e+02 3.249984264373779297e+00 4.223305583000183105e-01 2.600886154174804688e+01 1.255278549194335938e+02 1.380842018127441406e+01 3.487538528442382812e+01 6.597362060546875000e+02 2.939706115722656250e+02 3.270574808120727539e+00 4.223305583000183105e-01 2.600886154174804688e+01 1.255278549194335938e+02 1.380842018127441406e+01
2.600000000000000000e+04 3.303154754638671875e+01 6.059408569335937500e+02 2.737077636718750000e+02 3.105248689651489258e+00 2.280418425798416138e-01 2.897211074829101562e+01 1.260894393920898438e+02 1.514435863494873047e+01 3.344244766235351562e+01 6.140201416015625000e+02 2.766536865234375000e+02 3.128782987594604492e+00 2.280418425798416138e-01 2.897211074829101562e+01 1.260894393920898438e+02 1.514435863494873047e+01
2.800000000000000000e+04 3.205115127563476562e+01 5.367893066406250000e+02 2.496116943359375000e+02 2.934222936630249023e+00 1.332232654094696045e-01 3.378199005126953125e+01 1.321316528320312500e+02 1.727044296264648438e+01 3.242651748657226562e+01 5.423121337890625000e+02 2.525549468994140625e+02 2.953796148300170898e+00 1.332232654094696045e-01 3.378199005126953125e+01 1.321316528320312500e+02 1.727044296264648438e+01
3.000000000000000000e+04 3.176037406921386719e+01 4.432490539550781250e+02 2.134476776123046875e+02 2.748004198074340820e+00 7.672587037086486816e-02 4.043222045898437500e+01 1.419415283203125000e+02 2.066611099243164062e+01 3.212944030761718750e+01 4.456755065917968750e+02 2.160609588623046875e+02 2.759489297866821289e+00 7.672587037086486816e-02 4.043222045898437500e+01 1.419415283203125000e+02 2.066611099243164062e+01
3.200000000000000000e+04 3.116673469543457031e+01 3.417237548828125000e+02 1.681506958007812500e+02 2.579978466033935547e+00 1.614347100257873535e-02 4.739503479003906250e+01 1.504676818847656250e+02 2.590174865722656250e+01 3.154342460632324219e+01 3.415936584472656250e+02 1.699657745361328125e+02 2.584328651428222656e+00 1.614347100257873535e-02 4.739503479003906250e+01 1.504676818847656250e+02 2.590174865722656250e+01
3.400000000000000000e+04 2.921247100830078125e+01 2.476615905761718750e+02 1.234735412597656250e+02 2.455882310867309570e+00 5.510652437806129456e-03 5.279321289062500000e+01 1.530110626220703125e+02 3.325968170166015625e+01 2.955569267272949219e+01 2.456709594726562500e+02 1.244530487060546875e+02 2.457879066467285156e+00 5.510652437806129456e-03 5.279321289062500000e+01 1.530110626220703125e+02 3.325968170166015625e+01
3.600000000000000000e+04 2.674222755432128906e+01 1.695249633789062500e+02 8.622361755371093750e+01 2.373282194137573242e+00 5.454441159963607788e-02 5.601383590698242188e+01 1.488066711425781250e+02 4.212915420532226562e+01 2.702384948730468750e+01 1.662548980712890625e+02 8.671126556396484375e+01 2.372742176055908203e+00 5.454441159963607788e-02 5.601383590698242188e+01 1.488066711425781250e+02 4.212915420532226562e+01
3.800000000000000000e+04 2.465091896057128906e+01 1.117889022827148438e+02 5.859159469604492188e+01 2.314764499664306641e+00 1.041673570871353149e-01 5.693676757812500000e+01 1.393595123291015625e+02 5.122510910034179688e+01 2.487866210937500000e+01 1.079323654174804688e+02 5.888104629516601562e+01 2.310316085815429688e+00 1.041673570871353149e-01 5.693676757812500000e+01 1.393595123291015625e+02 5.122510910034179688e+01
4.000000000000000000e+04 2.313196945190429688e+01 7.307540130615234375e+01 3.983663558959960938e+01 2.266998767852783203e+00 1.310357451438903809e-01 5.580265045166015625e+01 1.269757919311523438e+02 5.922598266601562500e+01 2.332212257385253906e+01 6.921755981445312500e+01 4.003490829467773438e+01 2.258466482162475586e+00 1.310357451438903809e-01 5.580265045166015625e+01 1.269757919311523438e+02 5.922598266601562500e+01
4.200000000000000000e+04 2.207344818115234375e+01 4.870473861694335938e+01 2.779758644104003906e+01 2.223031282424926758e+00 1.410983651876449585e-01 5.318840789794921875e+01 1.137861480712890625e+02 6.520306396484375000e+01 2.223912239074707031e+01 4.517561721801757812e+01 2.793646240234375000e+01 2.210367918014526367e+00 1.410983651876449585e-01 5.318840789794921875e+01 1.137861480712890625e+02 6.520306396484375000e+01
4.400000000000000000e+04 2.130739974975585938e+01 3.376916885375976562e+01 2.027664375305175781e+01 2.179993152618408203e+00 1.438041925430297852e-01 4.972006607055664062e+01 1.011739807128906250e+02 6.882216644287109375e+01 2.145865631103515625e+01 3.066956710815429688e+01 2.037355232238769531e+01 2.162879943847656250e+00 1.438041925430297852e-01 4.972006607055664062e+01 1.011739807128906250e+02 6.882216644287109375e+01
4.500000000000000000e+04 2.098816490173339844e+01 2.863678169250488281e+01 1.766217803955078125e+01 2.158658266067504883e+00 1.443550586700439453e-01 4.782660293579101562e+01 9.531046295166015625e+01 6.978985595703125000e+01 2.113544845581054688e+01 2.574664306640625000e+01 1.774370193481445312e+01 2.139149665832519531e+00 1.443550586700439453e-01 4.782660293579101562e+01 9.531046295166015625e+01 6.978985595703125000e+01
4.500000000000000000e+04 2.098816490173339844e+01 2.863678169250488281e+01 1.766217803955078125e+01 2.158658266067504883e+00 1.443550586700439453e-01 4.782660293579101562e+01 9.531046295166015625e+01 6.978985595703125000e+01 2.113544845581054688e+01 2.574664306640625000e+01 1.774370193481445312e+01 2.139149665832519531e+00 1.443550586700439453e-01 4.782660293579101562e+01 9.531046295166015625e+01 6.978985595703125000e+01
4.600000000000000000e+04 1.751532703638076782e-01 1.838723383843898773e-02 2.583244070410728455e-02 1.825567781925201416e-01 1.766639179550111294e-03 2.615622361190617085e-04 7.272261427715420723e-05 3.665896058082580566e-01 1.751532703638076782e-01 1.838723383843898773e-02 2.583244070410728455e-02 1.825567781925201416e-01 1.766639179550111294e-03 2.615622361190617085e-04 7.272261427715420723e-05 3.665896058082580566e-01
4.700000000000000000e+04 4.448968917131423950e-03 2.166354097425937653e-03 6.564704817719757557e-04 7.966397330164909363e-03 3.724434009200194851e-06 1.537046045996248722e-08 1.666048774495720863e-07 1.466901994717773050e-05 4.448968917131423950e-03 2.166354097425937653e-03 6.564704817719757557e-04 7.966397330164909363e-03 3.724434009200194851e-06 1.537046045996248722e-08 1.666048774495720863e-07 1.466901994717773050e-05
4.704100000000000000e+04 4.500938113778829575e-03 2.095181029289960861e-03 6.734735798090696335e-04 7.711918093264102936e-03 2.670740968824247830e-06 7.130438461899757385e-10 1.152657205238938332e-07 1.467267247790005058e-05 7.487331542968750000e+03 7.648149218750000000e+04 1.084043500000000000e+06 3.798669738769531250e+02 2.670740968824247830e-06 7.130438461899757385e-10 1.152657205238938332e-07 1.467267247790005058e-05
4.704100000000000000e+04 4.500938113778829575e-03 2.095181029289960861e-03 6.734735798090696335e-04 7.711918093264102936e-03 2.670740968824247830e-06 7.130438461899757385e-10 1.152657205238938332e-07 1.467267247790005058e-05 7.487331542968750000e+03 7.648149218750000000e+04 1.084043500000000000e+06 3.798669738769531250e+02 2.670740968824247830e-06 7.130438461899757385e-10 1.152657205238938332e-07 1.467267247790005058e-05
4.705000000000000000e+04 1.950612250000000000e+06 2.484564000000000000e+07 5.714028400000000000e+07 4.000000000000000000e+00 8.102619018554687500e+02 4.863166015625000000e+03 3.294464843750000000e+04 5.330507421875000000e+04 1.950612000000000000e+06 2.484564400000000000e+07 5.714028400000000000e+07 4.000000000000000000e+00 8.102619018554687500e+02 4.863166015625000000e+03 3.294464843750000000e+04 5.330507421875000000e+04
