# step, loss_train, loss_test, metrics_test
0.000000000000000000e+00 4.668678665161132812e+01 7.005375488281250000e+03 2.394967079162597656e+01 2.271985249535646290e-05 7.331643104553222656e-01 8.711115121841430664e-01 0.000000000000000000e+00 6.399997472763061523e-01 4.668679046630859375e+01 7.005375488281250000e+03 2.394966888427734375e+01 2.271984703838825226e-05 7.331643104553222656e-01 8.711115121841430664e-01 0.000000000000000000e+00 6.399997472763061523e-01
5.000000000000000000e+03 6.362425629049539566e-04 8.459454984404146671e-04 3.756206016987562180e-03 1.621323525905609131e-01 7.314478158950805664e-01 4.028050899505615234e-01 2.962115977425128222e-04 4.586582183837890625e-01 6.362425046972930431e-04 8.459464297629892826e-04 3.756206715479493141e-03 1.621323525905609131e-01 7.314478158950805664e-01 4.028050899505615234e-01 2.962115977425128222e-04 4.586582183837890625e-01
1.000000000000000000e+04 3.039445437025278807e-04 2.938583747891243547e-06 2.336924626433756202e-05 6.680669263005256653e-03 7.173160910606384277e-01 6.897670682519674301e-04 1.474637974752113223e-04 4.630483984947204590e-01 3.039440489374101162e-04 2.938657644335762598e-06 2.336977922823280096e-05 6.680668797343969345e-03 7.173160910606384277e-01 6.897670682519674301e-04 1.474637974752113223e-04 4.630483984947204590e-01
1.500000000000000000e+04 1.367041591038287152e-06 1.152627078226942103e-07 8.152791451720986515e-06 4.827585071325302124e-04 2.554269740357995033e-03 1.264986203750595450e-04 9.756784129422158003e-05 3.125461935997009277e-02 1.367039203614694998e-06 1.152787447722403158e-07 8.152794180205091834e-06 4.827585071325302124e-04 2.554269740357995033e-03 1.264986203750595450e-04 9.756784129422158003e-05 3.125461935997009277e-02
2.000000000000000000e+04 8.557938002695664181e-08 4.342131987300490437e-08 1.941261871252208948e-07 1.302875625697197393e-05 3.150675911456346512e-05 1.169570055026269984e-06 1.436313141311984509e-06 3.666877513751387596e-03 8.557798736319455202e-08 4.342431481063613319e-08 1.941515677117422456e-07 1.302875807596137747e-05 3.150675911456346512e-05 1.169570055026269984e-06 1.436313141311984509e-06 3.666877513751387596e-03
2.500000000000000000e+04 5.638984390543555492e-08 5.821447324194650719e-09 2.237418783579414594e-07 8.982748909147630911e-07 4.660249942389782518e-06 2.444514848320977762e-07 2.819878943682851968e-07 1.251116744242608547e-03 5.639043010319255700e-08 5.823368454116462090e-09 2.237958085515856510e-07 8.982748909147630911e-07 4.660249942389782518e-06 2.444514848320977762e-07 2.819878943682851968e-07 1.251116744242608547e-03
3.000000000000000000e+04 5.117952241562306881e-05 8.257095469161868095e-04 1.220568176358938217e-02 2.359917016292456537e-05 2.484758567788958317e-07 1.458273914067831356e-06 1.984163391171023250e-04 7.629508036188781261e-04 5.117948967381380498e-05 8.257095469161868095e-04 1.220567896962165833e-02 2.359916470595635474e-05 2.484758567788958317e-07 1.458273914067831356e-06 1.984163391171023250e-04 7.629508036188781261e-04
3.500000000000000000e+04 7.226255149817006895e-08 2.213346306234598160e-08 4.980392986908555031e-07 4.277786458395382851e-10 1.398016593157080933e-06 7.561562256341858301e-07 1.579970785314799286e-07 6.687401328235864639e-04 7.226318388120489544e-08 2.213417182872490230e-08 4.980392986908555031e-07 4.277910248262628556e-10 1.398016593157080933e-06 7.561562256341858301e-07 1.579970785314799286e-07 6.687401328235864639e-04
4.000000000000000000e+04 3.296247541584307328e-08 1.782609615474939346e-10 4.401954356580972672e-08 1.020299009724112693e-07 1.564510057505685836e-06 2.018704634565438027e-07 1.128351101442603976e-07 6.362574640661478043e-04 3.296377926176319306e-08 1.789260267726078268e-10 4.404421005688163859e-08 1.020298867615565541e-07 1.564510057505685836e-06 2.018704634565438027e-07 1.128351101442603976e-07 6.362574640661478043e-04
4.500000000000000000e+04 4.879453285866475198e-08 2.116531732099247165e-06 3.248037683079019189e-05 6.699276582367019728e-07 5.303476768858672585e-07 9.743916962179355323e-07 7.706161341047845781e-06 6.226436235010623932e-04 4.879505510757553566e-08 2.116504219884518534e-06 3.247994391131214797e-05 6.699286814182414673e-07 5.303476768858672585e-07 9.743916962179355323e-07 7.706161341047845781e-06 6.226436235010623932e-04
5.000000000000000000e+04 2.029349616350373253e-06 2.276020313729532063e-05 3.040488518308848143e-04 2.122850588648361736e-07 7.739859597677423153e-07 1.116553903557360172e-06 1.560765326757973526e-06 5.815978511236608028e-04 2.029351662713452242e-06 2.276023224112577736e-05 3.040481824427843094e-04 2.122850872865456040e-07 7.739859597677423153e-07 1.116553903557360172e-06 1.560765326757973526e-06 5.815978511236608028e-04
5.500000000000000000e+04 9.134325227933004498e-05 3.745167749002575874e-03 5.115531384944915771e-02 7.175071203846528078e-08 5.686332769982982427e-06 1.352582785330014303e-06 9.018994205689523369e-06 6.529553211294114590e-04 9.134327410720288754e-05 3.745168447494506836e-03 5.115531757473945618e-02 7.175072624931999599e-08 5.686332769982982427e-06 1.352582785330014303e-06 9.018994205689523369e-06 6.529553211294114590e-04
6.000000000000000000e+04 2.357134007979766466e-06 6.311646575341001153e-05 7.079619099386036396e-04 3.799577825702726841e-06 4.018036392494650499e-08 3.001134132318838965e-07 1.190033508464694023e-04 5.615236586891114712e-04 2.357143330300459638e-06 6.311616016319021583e-05 7.079604547470808029e-04 3.799578053076402284e-06 4.018036392494650499e-08 3.001134132318838965e-07 1.190033508464694023e-04 5.615236586891114712e-04
6.500000000000000000e+04 2.624574690912595543e-08 1.387184056511614472e-08 2.852175384759902954e-07 5.568000460698385723e-07 1.250733816959836986e-06 3.034535325241449755e-07 1.225667034532307298e-07 5.442150286398828030e-04 2.624574868548279483e-08 1.387240367023423460e-08 2.852277418696758104e-07 5.568000460698385723e-07 1.250733816959836986e-06 3.034535325241449755e-07 1.225667034532307298e-07 5.442150286398828030e-04
7.000000000000000000e+04 7.301568984985351562e-07 2.016348116740118712e-05 2.853219339158385992e-04 5.013258146391308401e-07 1.250333639291056897e-06 2.597123227587871952e-07 3.830155037576332688e-07 5.065356963314116001e-04 7.301517825908376835e-07 2.016328471654560417e-05 2.853196638170629740e-04 5.013257577957119793e-07 1.250333639291056897e-06 2.597123227587871952e-07 3.830155037576332688e-07 5.065356963314116001e-04
7.500000000000000000e+04 2.857408709644460032e-08 1.011559902508452069e-07 1.757233462740259711e-06 5.656416988131240942e-07 1.544000951980706304e-06 1.589105522725731134e-07 1.049202467129362049e-07 4.975371994078159332e-04 2.857429137748113135e-08 1.011560044616999221e-07 1.757208337949123234e-06 5.656425514644070063e-07 1.544000951980706304e-06 1.589105522725731134e-07 1.049202467129362049e-07 4.975371994078159332e-04
8.000000000000000000e+04 3.222545785774855176e-07 1.605647499673068523e-03 1.979738660156726837e-02 8.857208740664646029e-05 3.565359747881302610e-06 6.053231118130497634e-05 3.618906717747449875e-03 6.095153512433171272e-04 3.222553175419307081e-07 1.605647965334355831e-03 1.979739032685756683e-02 8.857208013068884611e-05 3.565359747881302610e-06 6.053231118130497634e-05 3.618906717747449875e-03 6.095153512433171272e-04
8.500000000000000000e+04 5.727104507968761027e-05 5.154781392775475979e-04 7.188588846474885941e-03 2.428217703709378839e-05 1.055806819749705028e-06 1.462385898776119575e-05 5.228146328590810299e-04 5.299188778735697269e-04 5.727106690756045282e-05 5.154782556928694248e-04 7.188589777797460556e-03 2.428216794214677066e-05 1.055806819749705028e-06 1.462385898776119575e-05 5.228146328590810299e-04 5.299188778735697269e-04
9.000000000000000000e+04 3.739565363503061235e-05 1.389804878272116184e-03 9.799673222005367279e-03 2.640047291890823544e-08 4.748439437207707670e-07 9.908144704695587279e-08 1.068422352545894682e-04 4.268990014679729939e-04 3.739565727300941944e-05 1.389805576764047146e-03 9.799680672585964203e-03 2.640076601778673648e-08 4.748439437207707670e-07 9.908144704695587279e-08 1.068422352545894682e-04 4.268990014679729939e-04
9.500000000000000000e+04 2.745677285531655798e-08 9.462382877245545387e-09 1.992011675611138344e-07 3.475687435638974421e-07 9.428778753317601513e-07 3.064816382902790792e-07 1.308347776785012684e-07 4.886145470663905144e-04 2.745579052998436964e-08 9.460546124273605528e-09 1.991674025703105144e-07 3.475673793218447827e-07 9.428778753317601513e-07 3.064816382902790792e-07 1.308347776785012684e-07 4.886145470663905144e-04
9.500000000000000000e+04 2.745677285531655798e-08 9.462382877245545387e-09 1.992011675611138344e-07 3.475687435638974421e-07 9.428778753317601513e-07 3.064816382902790792e-07 1.308347776785012684e-07 4.886145470663905144e-04 2.745579052998436964e-08 9.460546124273605528e-09 1.991674025703105144e-07 3.475673793218447827e-07 9.428778753317601513e-07 3.064816382902790792e-07 1.308347776785012684e-07 4.886145470663905144e-04
9.502000000000000000e+04 2.745677285531655798e-08 9.462382877245545387e-09 1.992011675611138344e-07 3.475687435638974421e-07 9.428778753317601513e-07 3.064816382902790792e-07 1.308347776785012684e-07 4.886145470663905144e-04 2.745579052998436964e-08 9.460546124273605528e-09 1.991674025703105144e-07 3.475673793218447827e-07 9.428778753317601513e-07 3.064816382902790792e-07 1.308347776785012684e-07 4.886145470663905144e-04
