# step, loss_train, loss_test, metrics_test
0.000000000000000000e+00 8.106462097167968750e+01 3.338662087917327881e-01 6.236823272705078125e+01 1.258489787578582764e-01 1.322499990463256836e+00 1.333333551883697510e-02 1.500000000000000000e+01 4.000000283122062683e-02 7.128165721893310547e+00 3.327708318829536438e-02 6.878972530364990234e+00 1.254091113805770874e-01 1.322499990463256836e+00 1.333333551883697510e-02 1.500000000000000000e+01 4.000000283122062683e-02
5.000000000000000000e+02 2.434596419334411621e-01 6.808962207287549973e-03 1.632577896118164062e+00 2.157239168882369995e-01 1.434650659561157227e+00 2.419979544356465340e-03 1.993014717102050781e+01 1.071618795394897461e-01 2.440189123153686523e-01 6.724490784108638763e-03 1.649339675903320312e+00 2.063178718090057373e-01 1.434650659561157227e+00 2.419979544356465340e-03 1.993014717102050781e+01 1.071618795394897461e-01
5.000000000000000000e+02 2.434596419334411621e-01 6.808962207287549973e-03 1.632577896118164062e+00 2.157239168882369995e-01 1.434650659561157227e+00 2.419979544356465340e-03 1.993014717102050781e+01 1.071618795394897461e-01 2.440189123153686523e-01 6.724490784108638763e-03 1.649339675903320312e+00 2.063178718090057373e-01 1.434650659561157227e+00 2.419979544356465340e-03 1.993014717102050781e+01 1.071618795394897461e-01
1.000000000000000000e+03 1.336461678147315979e-02 2.797751920297741890e-03 1.528276223689317703e-02 1.867997795343399048e-01 1.046395823323109653e-06 5.470461474033072591e-06 3.248860593885183334e-06 3.883380070328712463e-02 1.336461678147315979e-02 2.797751920297741890e-03 1.528276223689317703e-02 1.867997795343399048e-01 1.046395823323109653e-06 5.470461474033072591e-06 3.248860593885183334e-06 3.883380070328712463e-02
1.067000000000000000e+03 1.303054019808769226e-02 2.777257468551397324e-03 1.472990121692419052e-02 1.875076740980148315e-01 4.969393785358988680e-08 3.520784330746096202e-09 7.216840458568185568e-07 3.887367248535156250e-02 1.373942382633686066e-02 2.364573068916797638e-03 1.705683767795562744e-02 1.885085254907608032e-01 4.969393785358988680e-08 3.520784330746096202e-09 7.216840458568185568e-07 3.887367248535156250e-02
1.067000000000000000e+03 1.303054019808769226e-02 2.777257468551397324e-03 1.472990121692419052e-02 1.875076740980148315e-01 4.969393785358988680e-08 3.520784330746096202e-09 7.216840458568185568e-07 3.887367248535156250e-02 1.373942382633686066e-02 2.364573068916797638e-03 1.705683767795562744e-02 1.885085254907608032e-01 4.969393785358988680e-08 3.520784330746096202e-09 7.216840458568185568e-07 3.887367248535156250e-02
1.089000000000000000e+03 1.302684377878904343e-02 2.779114525765180588e-03 1.473442185670137405e-02 1.875088065862655640e-01 2.651682962095947005e-08 5.120408097525341873e-09 1.186285203402803745e-07 3.887001797556877136e-02 1.373853068798780441e-02 2.364761894568800926e-03 1.705494150519371033e-02 1.885094195604324341e-01 2.651682962095947005e-08 5.120408097525341873e-09 1.186285203402803745e-07 3.887001797556877136e-02
1.089000000000000000e+03 1.302684377878904343e-02 2.779114525765180588e-03 1.473442185670137405e-02 1.875088065862655640e-01 2.651682962095947005e-08 5.120408097525341873e-09 1.186285203402803745e-07 3.887001797556877136e-02 1.373853068798780441e-02 2.364761894568800926e-03 1.705494150519371033e-02 1.885094195604324341e-01 2.651682962095947005e-08 5.120408097525341873e-09 1.186285203402803745e-07 3.887001797556877136e-02
1.107000000000000000e+03 1.302684377878904343e-02 2.779114525765180588e-03 1.473442185670137405e-02 1.875088065862655640e-01 2.651682962095947005e-08 5.120408097525341873e-09 1.186285203402803745e-07 3.887001797556877136e-02 1.373853068798780441e-02 2.364761894568800926e-03 1.705494150519371033e-02 1.885094195604324341e-01 2.651682962095947005e-08 5.120408097525341873e-09 1.186285203402803745e-07 3.887001797556877136e-02
