# step, loss_train, loss_test, metrics_test
0.000000000000000000e+00 4.760446929931640625e+01 6.963780273437500000e+03 2.265474700927734375e+01 1.597711379872635007e-04 7.331643104553222656e-01 8.711115121841430664e-01 0.000000000000000000e+00 6.399997472763061523e-01 4.760446929931640625e+01 6.963780761718750000e+03 2.265474319458007812e+01 1.597711379872635007e-04 7.331643104553222656e-01 8.711115121841430664e-01 0.000000000000000000e+00 6.399997472763061523e-01
5.000000000000000000e+03 1.669447517395019531e+01 6.811710357666015625e+00 5.221362304687500000e+01 3.174380660057067871e-01 1.868219852447509766e+00 8.108448982238769531e-01 5.722063534108201566e-08 3.596877455711364746e-01 1.669447517395019531e+01 6.811709403991699219e+00 5.221361923217773438e+01 3.174380958080291748e-01 1.868219852447509766e+00 8.108448982238769531e-01 5.722063534108201566e-08 3.596877455711364746e-01
1.000000000000000000e+04 2.306595677509903908e-03 8.022558176890015602e-06 4.278792039258405566e-05 2.980924211442470551e-02 7.434808015823364258e-01 7.052437067031860352e-01 1.078711911461915918e-10 4.494477808475494385e-01 2.306595677509903908e-03 8.022559086384717375e-06 4.278798223822377622e-05 2.980923838913440704e-02 7.434808015823364258e-01 7.052437067031860352e-01 1.078711911461915918e-10 4.494477808475494385e-01
1.500000000000000000e+04 2.358637284487485886e-04 9.436441905563697219e-05 1.532666850835084915e-03 1.443683821707963943e-02 7.325968146324157715e-01 5.098819136619567871e-01 1.567888073623180389e-03 4.548746049404144287e-01 2.358636702410876751e-04 9.436425170861184597e-05 1.532666501589119434e-03 1.443684007972478867e-02 7.325968146324157715e-01 5.098819136619567871e-01 1.567888073623180389e-03 4.548746049404144287e-01
2.000000000000000000e+04 3.581041237339377403e-04 1.487440022174268961e-04 6.144400686025619507e-04 4.481836687773466110e-03 7.325847744941711426e-01 1.284438669681549072e-01 7.565730484202504158e-04 4.539757668972015381e-01 3.581040655262768269e-04 1.487439003540202975e-04 6.144401268102228642e-04 4.481836222112178802e-03 7.325847744941711426e-01 1.284438669681549072e-01 7.565730484202504158e-04 4.539757668972015381e-01
2.500000000000000000e+04 2.722106291912496090e-04 3.685057745315134525e-04 1.610771752893924713e-03 2.721177181228995323e-03 7.327536940574645996e-01 2.765072509646415710e-02 1.750052178977057338e-04 4.501355588436126709e-01 2.722106291912496090e-04 3.685058618430048227e-04 1.610771520063281059e-03 2.721176948398351669e-03 7.327536940574645996e-01 2.765072509646415710e-02 1.750052178977057338e-04 4.501355588436126709e-01
3.000000000000000000e+04 9.212431614287197590e-04 1.095838961191475391e-03 3.556580049917101860e-03 2.256303559988737106e-03 7.326061725616455078e-01 6.957917939871549606e-03 2.789054451568517834e-05 4.477920234203338623e-01 9.212431032210588455e-04 1.095839077606797218e-03 3.556579584255814552e-03 2.256303559988737106e-03 7.326061725616455078e-01 6.957917939871549606e-03 2.789054451568517834e-05 4.477920234203338623e-01
3.500000000000000000e+04 1.055949367582798004e-03 1.899429247714579105e-03 6.099939811974763870e-03 2.088650362566113472e-03 7.325477004051208496e-01 1.753526041284203529e-03 9.099494491238147020e-07 4.454803764820098877e-01 1.055949367582798004e-03 1.899428782053291798e-03 6.099939811974763870e-03 2.088650362566113472e-03 7.325477004051208496e-01 1.753526041284203529e-03 9.099494491238147020e-07 4.454803764820098877e-01
4.000000000000000000e+04 2.913623757194727659e-04 4.290618526283651590e-04 1.770078553818166256e-03 2.016856567934155464e-03 7.326787114143371582e-01 4.454962036106735468e-04 6.347818981566888397e-08 4.428310096263885498e-01 2.913623757194727659e-04 4.290619981475174427e-04 1.770078553818166256e-03 2.016856567934155464e-03 7.326787114143371582e-01 4.454962036106735468e-04 6.347818981566888397e-08 4.428310096263885498e-01
4.500000000000000000e+04 5.683545023202896118e-04 7.386576908174902201e-05 2.398384240223094821e-04 1.862550154328346252e-03 7.326100468635559082e-01 1.196539960801601410e-04 4.209369297569764967e-09 4.406636655330657959e-01 5.683545605279505253e-04 7.386569632217288017e-05 2.398385549895465374e-04 1.862550270743668079e-03 7.326100468635559082e-01 1.196539960801601410e-04 4.209369297569764967e-09 4.406636655330657959e-01
5.000000000000000000e+04 7.505489047616720200e-04 1.896481553558260202e-04 5.777180194854736328e-04 1.766218920238316059e-03 7.325989603996276855e-01 3.666514385258778930e-05 6.506512022497190628e-07 4.382565915584564209e-01 7.505453540943562984e-04 1.896420435514301062e-04 5.777030601166188717e-04 1.766219153068959713e-03 7.325989603996276855e-01 3.666514385258778930e-05 6.506512022497190628e-07 4.382565915584564209e-01
5.500000000000000000e+04 5.804112297482788563e-04 3.447544295340776443e-04 1.053541782312095165e-03 1.655035535804927349e-03 7.326130867004394531e-01 1.360337864753091708e-05 1.928814981511095539e-06 4.361083209514617920e-01 5.804112879559397697e-04 3.447543422225862741e-04 1.053541782312095165e-03 1.655035419389605522e-03 7.326130867004394531e-01 1.360337864753091708e-05 1.928814981511095539e-06 4.361083209514617920e-01
6.000000000000000000e+04 7.795463898219168186e-04 6.665736145805567503e-05 2.012677286984398961e-04 1.631872961297631264e-03 7.326343059539794922e-01 7.427275249938247725e-06 3.988442358604515903e-07 4.334909915924072266e-01 7.795467972755432129e-04 6.665754335699602962e-05 2.012671029660850763e-04 1.631873077712953091e-03 7.326343059539794922e-01 7.427275249938247725e-06 3.988442358604515903e-07 4.334909915924072266e-01
6.500000000000000000e+04 6.018934072926640511e-04 1.824992250476498157e-05 3.689259028760716319e-05 1.559977419674396515e-03 7.326645851135253906e-01 4.661533694161335006e-06 2.320217390661127865e-06 4.312890470027923584e-01 6.018932326696813107e-04 1.824984792619943619e-05 3.689291406772099435e-05 1.559977186843752861e-03 7.326645851135253906e-01 4.661533694161335006e-06 2.320217390661127865e-06 4.312890470027923584e-01
7.000000000000000000e+04 1.220670412294566631e-03 2.353182528167963028e-03 7.484427187591791153e-03 1.460808562114834785e-03 7.325922846794128418e-01 3.710870259965304285e-06 1.750129818844925467e-08 4.292132258415222168e-01 1.220670295879244804e-03 2.353182062506675720e-03 7.484426721930503845e-03 1.460808562114834785e-03 7.325922846794128418e-01 3.710870259965304285e-06 1.750129818844925467e-08 4.292132258415222168e-01
7.500000000000000000e+04 7.104803225956857204e-04 6.512843356176745147e-06 1.245768726221285760e-05 1.450974028557538986e-03 7.326980233192443848e-01 3.157281526000588201e-06 4.964211257174611092e-06 4.267126619815826416e-01 7.104802061803638935e-04 6.512867003038991243e-06 1.245771909452741966e-05 1.450974028557538986e-03 7.326980233192443848e-01 3.157281526000588201e-06 4.964211257174611092e-06 4.267126619815826416e-01
8.000000000000000000e+04 1.690161443548277020e-04 1.593708177097141743e-03 5.338888615369796753e-03 1.420800457708537579e-03 7.328112125396728516e-01 3.159399511787341908e-06 4.367007733208083664e-08 4.244021773338317871e-01 1.690158387646079063e-04 1.593708875589072704e-03 5.338881164789199829e-03 1.420800224877893925e-03 7.328112125396728516e-01 3.159399511787341908e-06 4.367007733208083664e-08 4.244021773338317871e-01
8.500000000000000000e+04 1.017346512526273727e-03 2.192535321228206158e-04 9.316148934885859489e-04 1.358153880573809147e-03 7.326962351799011230e-01 3.148392806906485930e-06 6.035075443833193276e-07 4.223825633525848389e-01 1.017346861772239208e-03 2.192538377130404115e-04 9.316132054664194584e-04 1.358154113404452801e-03 7.326962351799011230e-01 3.148392806906485930e-06 6.035075443833193276e-07 4.223825633525848389e-01
9.000000000000000000e+04 1.475480268709361553e-03 4.448757972568273544e-03 1.467895042151212692e-02 1.246915431693196297e-03 7.326201200485229492e-01 2.659451411091140471e-06 1.010252276500978041e-06 4.207422733306884766e-01 1.475480035878717899e-03 4.448757972568273544e-03 1.467895042151212692e-02 1.246915315277874470e-03 7.326201200485229492e-01 2.659451411091140471e-06 1.010252276500978041e-06 4.207422733306884766e-01
9.500000000000000000e+04 1.183293759822845459e-03 4.698107077274471521e-04 1.340895309112966061e-03 1.271824585273861885e-03 7.327154278755187988e-01 2.937561703220126219e-06 4.708685708010307280e-07 4.181499481201171875e-01 1.183293643407523632e-03 4.698106786236166954e-04 1.340895541943609715e-03 1.271824934519827366e-03 7.327154278755187988e-01 2.937561703220126219e-06 4.708685708010307280e-07 4.181499481201171875e-01
9.500000000000000000e+04 1.183293759822845459e-03 4.698107077274471521e-04 1.340895309112966061e-03 1.271824585273861885e-03 7.327154278755187988e-01 2.937561703220126219e-06 4.708685708010307280e-07 4.181499481201171875e-01 1.183293643407523632e-03 4.698106786236166954e-04 1.340895541943609715e-03 1.271824934519827366e-03 7.327154278755187988e-01 2.937561703220126219e-06 4.708685708010307280e-07 4.181499481201171875e-01
9.502100000000000000e+04 8.075796649791300297e-04 5.981865456305968110e-07 1.932028681039810181e-05 1.285832608118653297e-03 7.327616810798645020e-01 2.956798653031000867e-06 5.451203151096706279e-07 4.180547297000885010e-01 8.075796067714691162e-04 5.981933668408601079e-07 1.932028681039810181e-05 1.285832491703331470e-03 7.327616810798645020e-01 2.956798653031000867e-06 5.451203151096706279e-07 4.180547297000885010e-01
