# step, loss_train, loss_test, metrics_test
0.000000000000000000e+00 1.201048027724027634e-03 2.053298614919185638e-02 3.083951377868652344e+01 1.112958908081054688e+01 1.322499990463256836e+00 3.600000000000000000e+01 4.579600219726562500e+02 2.500000000000000000e+01 1.307147089391946793e-03 2.258337102830410004e-02 3.106058502197265625e+01 1.214776325225830078e+01 1.322499990463256836e+00 3.600000000000000000e+01 4.579600219726562500e+02 2.500000000000000000e+01
2.000000000000000000e+02 1.262830018997192383e+00 3.525832891464233398e-01 2.043946266174316406e+01 1.164793491363525391e+00 1.457074522972106934e+00 3.558124542236328125e+01 4.442662658691406250e+02 2.357564926147460938e+01 1.396383047103881836e+00 3.883141577243804932e-01 1.965737724304199219e+01 1.251690268516540527e+00 1.457074522972106934e+00 3.558124542236328125e+01 4.442662658691406250e+02 2.357564926147460938e+01
4.000000000000000000e+02 1.473864436149597168e+00 4.975021779537200928e-01 1.888500785827636719e+01 1.423127412796020508e+00 1.488711595535278320e+00 3.353836441040039062e+01 4.206151428222656250e+02 2.143571853637695312e+01 1.626722097396850586e+00 5.429273843765258789e-01 1.817234802246093750e+01 1.535875201225280762e+00 1.488711595535278320e+00 3.353836441040039062e+01 4.206151428222656250e+02 2.143571853637695312e+01
6.000000000000000000e+02 1.464166760444641113e+00 5.546165704727172852e-01 1.791509246826171875e+01 1.454845428466796875e+00 1.397194623947143555e+00 2.847293853759765625e+01 3.766628112792968750e+02 1.786334419250488281e+01 1.613409161567687988e+00 5.670320987701416016e-01 1.786421585083007812e+01 1.571115612983703613e+00 1.397194623947143555e+00 2.847293853759765625e+01 3.766628112792968750e+02 1.786334419250488281e+01
8.000000000000000000e+02 1.384314417839050293e+00 6.993507742881774902e-01 1.669383811950683594e+01 1.388697028160095215e+00 1.084284663200378418e+00 2.023652267456054688e+01 3.126423950195312500e+02 1.318582344055175781e+01 1.520812988281250000e+00 5.498482584953308105e-01 1.798882484436035156e+01 1.469400048255920410e+00 1.084284663200378418e+00 2.023652267456054688e+01 3.126423950195312500e+02 1.318582344055175781e+01
1.000000000000000000e+03 1.325168371200561523e+00 8.654695749282836914e-01 1.585909843444824219e+01 1.348560333251953125e+00 6.252956986427307129e-01 1.141456604003906250e+01 2.437646636962890625e+02 8.545006752014160156e+00 1.446523189544677734e+00 6.011031866073608398e-01 1.754659461975097656e+01 1.486843705177307129e+00 6.252956986427307129e-01 1.141456604003906250e+01 2.437646636962890625e+02 8.545006752014160156e+00
1.200000000000000000e+03 1.357446789741516113e+00 6.489251852035522461e-01 1.576811504364013672e+01 1.403531789779663086e+00 2.765806317329406738e-01 4.852622032165527344e+00 1.844415588378906250e+02 4.791958332061767578e+00 1.474293112754821777e+00 6.288714408874511719e-01 1.739715766906738281e+01 1.526042342185974121e+00 2.765806317329406738e-01 4.852622032165527344e+00 1.844415588378906250e+02 4.791958332061767578e+00
1.400000000000000000e+03 1.407727360725402832e+00 6.525698304176330566e-01 1.572364711761474609e+01 1.467956066131591797e+00 1.482716053724288940e-01 1.396857261657714844e+00 1.389223785400390625e+02 2.258002519607543945e+00 1.516967773437500000e+00 7.206872701644897461e-01 1.734754943847656250e+01 1.573678851127624512e+00 1.482716053724288940e-01 1.396857261657714844e+00 1.389223785400390625e+02 2.258002519607543945e+00
1.600000000000000000e+03 1.430799961090087891e+00 7.549254894256591797e-01 1.564902114868164062e+01 1.514864206314086914e+00 1.540670841932296753e-01 1.945512294769287109e-01 1.054789352416992188e+02 9.359579086303710938e-01 1.542715311050415039e+00 8.248724341392517090e-01 1.727182197570800781e+01 1.620630145072937012e+00 1.540670841932296753e-01 1.945512294769287109e-01 1.054789352416992188e+02 9.359579086303710938e-01
1.800000000000000000e+03 1.434781432151794434e+00 8.187702298164367676e-01 1.553351402282714844e+01 1.545401811599731445e+00 1.895371526479721069e-01 1.044892087520565838e-05 8.091725921630859375e+01 3.878392577171325684e-01 1.553074836730957031e+00 8.982931375503540039e-01 1.714054298400878906e+01 1.658715009689331055e+00 1.895371526479721069e-01 1.044892087520565838e-05 8.091725921630859375e+01 3.878392577171325684e-01
2.000000000000000000e+03 1.445461988449096680e+00 8.586701750755310059e-01 1.532754421234130859e+01 1.583373785018920898e+00 2.191296070814132690e-01 3.424385562539100647e-02 6.255835342407226562e+01 2.037290632724761963e-01 1.567776441574096680e+00 9.412161111831665039e-01 1.692037200927734375e+01 1.690093278884887695e+00 2.191296070814132690e-01 3.424385562539100647e-02 6.255835342407226562e+01 2.037290632724761963e-01
2.200000000000000000e+03 1.446838259696960449e+00 8.861386775970458984e-01 1.513131523132324219e+01 1.578787565231323242e+00 2.419732362031936646e-01 4.777169600129127502e-02 4.854610443115234375e+01 1.543082147836685181e-01 1.565209865570068359e+00 9.661851525306701660e-01 1.671484184265136719e+01 1.681061506271362305e+00 2.419732362031936646e-01 4.777169600129127502e-02 4.854610443115234375e+01 1.543082147836685181e-01
2.400000000000000000e+03 1.440111994743347168e+00 9.184089303016662598e-01 1.492416667938232422e+01 1.558166027069091797e+00 2.611866891384124756e-01 3.354018554091453552e-02 3.768018722534179688e+01 1.461207717657089233e-01 1.551267743110656738e+00 9.955040216445922852e-01 1.649888420104980469e+01 1.659282684326171875e+00 2.611866891384124756e-01 3.354018554091453552e-02 3.768018722534179688e+01 1.461207717657089233e-01
2.600000000000000000e+03 1.423056840896606445e+00 9.673482775688171387e-01 1.471642684936523438e+01 1.524170398712158203e+00 2.806531786918640137e-01 1.709074899554252625e-02 2.916640281677246094e+01 1.442971676588058472e-01 1.527627110481262207e+00 1.046079158782958984e+00 1.627553176879882812e+01 1.627282738685607910e+00 2.806531786918640137e-01 1.709074899554252625e-02 2.916640281677246094e+01 1.442971676588058472e-01
2.800000000000000000e+03 1.392220258712768555e+00 1.046156644821166992e+00 1.449141216278076172e+01 1.478358387947082520e+00 3.042750954627990723e-01 7.164337206631898880e-03 2.245539474487304688e+01 1.389488130807876587e-01 1.488276362419128418e+00 1.134865999221801758e+00 1.603070449829101562e+01 1.582039356231689453e+00 3.042750954627990723e-01 7.164337206631898880e-03 2.245539474487304688e+01 1.389488130807876587e-01
3.000000000000000000e+03 1.336782455444335938e+00 1.172629833221435547e+00 1.427415752410888672e+01 1.405002236366271973e+00 3.358384966850280762e-01 2.649189671501517296e-03 1.715130043029785156e+01 1.306927651166915894e-01 1.424267888069152832e+00 1.288540601730346680e+00 1.577811527252197266e+01 1.509200692176818848e+00 3.358384966850280762e-01 2.649189671501517296e-03 1.715130043029785156e+01 1.306927651166915894e-01
3.200000000000000000e+03 1.224627137184143066e+00 1.388185501098632812e+00 1.404399204254150391e+01 1.270280361175537109e+00 3.839302957057952881e-01 9.185030939988791943e-04 1.295986557006835938e+01 1.219554767012596130e-01 1.295247197151184082e+00 1.559887290000915527e+00 1.550098419189453125e+01 1.362859964370727539e+00 3.839302957057952881e-01 9.185030939988791943e-04 1.295986557006835938e+01 1.219554767012596130e-01
3.400000000000000000e+03 1.533989012241363525e-01 8.380188345909118652e-01 2.899115681648254395e-01 1.596228405833244324e-02 1.041106939315795898e+00 9.779337560757994652e-04 9.587453842163085938e+00 1.614107564091682434e-02 1.673564314842224121e-01 6.540615558624267578e-01 3.042518496513366699e-01 1.667200215160846710e-02 1.041106939315795898e+00 9.779337560757994652e-04 9.587453842163085938e+00 1.614107564091682434e-02
3.600000000000000000e+03 8.909936249256134033e-02 1.035797297954559326e-01 3.939672186970710754e-02 6.921705324202775955e-03 8.028363585472106934e-01 4.489019629545509815e-04 7.015888690948486328e+00 5.585978180170059204e-02 1.006696671247482300e-01 6.645654141902923584e-02 2.208666503429412842e-02 6.171905901283025742e-03 8.028363585472106934e-01 4.489019629545509815e-04 7.015888690948486328e+00 5.585978180170059204e-02
3.800000000000000000e+03 8.192609250545501709e-02 4.560401663184165955e-02 2.416611649096012115e-02 6.672233343124389648e-03 7.487984299659729004e-01 3.951123508159071207e-04 5.060405731201171875e+00 8.150346577167510986e-02 9.132011234760284424e-02 3.650158271193504333e-02 1.628777757287025452e-02 5.660825874656438828e-03 7.487984299659729004e-01 3.951123508159071207e-04 5.060405731201171875e+00 8.150346577167510986e-02
4.000000000000000000e+03 7.869693636894226074e-02 3.112815134227275848e-02 1.938302069902420044e-02 6.621081847697496414e-03 7.283306717872619629e-01 2.957249525934457779e-04 3.572335481643676758e+00 9.476979821920394897e-02 8.678378909826278687e-02 2.997798472642898560e-02 1.461638230830430984e-02 5.585912615060806274e-03 7.283306717872619629e-01 2.957249525934457779e-04 3.572335481643676758e+00 9.476979821920394897e-02
4.200000000000000000e+03 7.659085094928741455e-02 2.387750707566738129e-02 1.684265397489070892e-02 6.602106615900993347e-03 7.220906019210815430e-01 2.209091908298432827e-04 2.457723379135131836e+00 1.006640642881393433e-01 8.371042460203170776e-02 2.495377697050571442e-02 1.304188650101423264e-02 5.624402314424514771e-03 7.220906019210815430e-01 2.209091908298432827e-04 2.457723379135131836e+00 1.006640642881393433e-01
4.400000000000000000e+03 7.500027120113372803e-02 1.904058456420898438e-02 1.502089761197566986e-02 6.613289471715688705e-03 7.203016281127929688e-01 1.717638078844174743e-04 1.641420602798461914e+00 1.038139685988426208e-01 8.132039755582809448e-02 2.082772925496101379e-02 1.163714565336704254e-02 5.698869936168193817e-03 7.203016281127929688e-01 1.717638078844174743e-04 1.641420602798461914e+00 1.038139685988426208e-01
4.600000000000000000e+03 7.376416772603988647e-02 1.567338034510612488e-02 1.362525019794702530e-02 6.646851543337106705e-03 7.198425531387329102e-01 1.397424202878028154e-04 1.059770226478576660e+00 1.058388501405715942e-01 7.941795140504837036e-02 1.767355948686599731e-02 1.049658656120300293e-02 5.786257795989513397e-03 7.198425531387329102e-01 1.397424202878028154e-04 1.059770226478576660e+00 1.058388501405715942e-01
4.800000000000000000e+03 7.279448211193084717e-02 1.327488850802183151e-02 1.252831611782312393e-02 6.692332215607166290e-03 7.196472883224487305e-01 1.183120039058849216e-04 6.585796475410461426e-01 1.072505563497543335e-01 7.788833975791931152e-02 1.528080552816390991e-02 9.587453678250312805e-03 5.874437279999256134e-03 7.196472883224487305e-01 1.183120039058849216e-04 6.585796475410461426e-01 1.072505563497543335e-01
5.000000000000000000e+03 7.203858345746994019e-02 1.153836026787757874e-02 1.165520306676626205e-02 6.741605233401060104e-03 7.192384600639343262e-01 1.034770466503687203e-04 3.921451866626739502e-01 1.082369163632392883e-01 7.665621489286422729e-02 1.344909425824880600e-02 8.860030211508274078e-03 5.956263747066259384e-03 7.192384600639343262e-01 1.034770466503687203e-04 3.921451866626739502e-01 1.082369163632392883e-01
5.200000000000000000e+03 7.129920274019241333e-02 1.024310477077960968e-02 1.139575894922018051e-02 6.823020521551370621e-03 7.189731001853942871e-01 9.255723125534132123e-05 2.237123697996139526e-01 1.093375235795974731e-01 7.550189644098281860e-02 1.199544686824083328e-02 8.815523236989974976e-03 6.060472689568996429e-03 7.189731001853942871e-01 9.255723125534132123e-05 2.237123697996139526e-01 1.093375235795974731e-01
5.400000000000000000e+03 7.011868059635162354e-02 9.072635322809219360e-03 1.749066449701786041e-02 7.078967522829771042e-03 7.214785814285278320e-01 8.580389112466946244e-05 1.333348453044891357e-01 1.116707697510719299e-01 7.394469529390335083e-02 1.062735356390476227e-02 1.633980497717857361e-02 6.344733759760856628e-03 7.214785814285278320e-01 8.580389112466946244e-05 1.333348453044891357e-01 1.116707697510719299e-01
5.600000000000000000e+03 6.998829543590545654e-02 7.408538367599248886e-03 2.296597324311733246e-02 7.133210543543100357e-03 7.251576185226440430e-01 9.079492883756756783e-05 8.517258614301681519e-02 1.041460782289505005e-01 7.361783832311630249e-02 8.702959865331649780e-03 2.222921140491962433e-02 6.444694940000772476e-03 7.251576185226440430e-01 9.079492883756756783e-05 8.517258614301681519e-02 1.041460782289505005e-01
5.800000000000000000e+03 7.022462040185928345e-02 6.289585027843713760e-03 3.136883676052093506e-02 7.086343597620725632e-03 7.285670042037963867e-01 1.005011072265915573e-04 5.848860740661621094e-02 9.165878593921661377e-02 7.388379424810409546e-02 7.363196462392807007e-03 3.023577295243740082e-02 6.427917629480361938e-03 7.285670042037963867e-01 1.005011072265915573e-04 5.848860740661621094e-02 9.165878593921661377e-02
6.000000000000000000e+03 7.067771255970001221e-02 6.566107738763093948e-03 3.384579345583915710e-02 7.092012558132410049e-03 7.293166518211364746e-01 1.109410513890907168e-04 4.452843219041824341e-02 8.136957138776779175e-02 7.456114143133163452e-02 7.710085716098546982e-03 3.294415399432182312e-02 6.460196804255247116e-03 7.293166518211364746e-01 1.109410513890907168e-04 4.452843219041824341e-02 8.136957138776779175e-02
6.200000000000000000e+03 7.134326547384262085e-02 7.704558316618204117e-03 3.416093066334724426e-02 7.101857103407382965e-03 7.252048254013061523e-01 1.214234289363957942e-04 3.603282943367958069e-02 7.077313214540481567e-02 7.539270073175430298e-02 8.967879228293895721e-03 3.246464207768440247e-02 6.494360044598579407e-03 7.252048254013061523e-01 1.214234289363957942e-04 3.603282943367958069e-02 7.077313214540481567e-02
6.400000000000000000e+03 7.221996039152145386e-02 1.009608339518308640e-02 3.287140280008316040e-02 7.118416950106620789e-03 7.146577835083007812e-01 1.343945186818018556e-04 2.990206703543663025e-02 5.846507847309112549e-02 7.634044438600540161e-02 1.134967710822820663e-02 2.885486558079719543e-02 6.542323622852563858e-03 7.146577835083007812e-01 1.343945186818018556e-04 2.990206703543663025e-02 5.846507847309112549e-02
6.600000000000000000e+03 7.332399487495422363e-02 1.562321744859218597e-02 3.062198869884014130e-02 7.112169172614812851e-03 6.914185285568237305e-01 1.523243554402142763e-04 2.242156490683555603e-02 4.259364679455757141e-02 7.721943408250808716e-02 1.621014997363090515e-02 1.944050937891006470e-02 6.614349316805601120e-03 6.914185285568237305e-01 1.523243554402142763e-04 2.242156490683555603e-02 4.259364679455757141e-02
6.800000000000000000e+03 7.450402528047561646e-02 2.385167032480239868e-02 4.111828655004501343e-02 7.282035890966653824e-03 6.547905206680297852e-01 1.687896146904677153e-04 1.405304390937089920e-02 2.936147898435592651e-02 7.743727415800094604e-02 2.170969918370246887e-02 1.454580575227737427e-02 6.876431871205568314e-03 6.547905206680297852e-01 1.687896146904677153e-04 1.405304390937089920e-02 2.936147898435592651e-02
7.000000000000000000e+03 7.510282099246978760e-02 2.845472469925880432e-02 4.848613590002059937e-02 7.372674532234668732e-03 6.279743313789367676e-01 1.681954163359478116e-04 8.009643293917179108e-03 2.431521937251091003e-02 7.678647339344024658e-02 2.188760787248611450e-02 1.499047502875328064e-02 6.960121449083089828e-03 6.279743313789367676e-01 1.681954163359478116e-04 8.009643293917179108e-03 2.431521937251091003e-02
7.200000000000000000e+03 7.589939981698989868e-02 3.199387341737747192e-02 5.299518629908561707e-02 7.367788814008235931e-03 6.073597669601440430e-01 1.590591709828004241e-04 5.126827396452426910e-03 2.269528619945049286e-02 7.641355693340301514e-02 2.083829790353775024e-02 1.648061349987983704e-02 6.926076021045446396e-03 6.073597669601440430e-01 1.590591709828004241e-04 5.126827396452426910e-03 2.269528619945049286e-02
7.400000000000000000e+03 7.657493650913238525e-02 3.546049073338508606e-02 5.372126772999763489e-02 7.353418506681919098e-03 5.916973352432250977e-01 1.476874167565256357e-04 3.933477215468883514e-03 2.216014452278614044e-02 7.618881016969680786e-02 2.029248699545860291e-02 1.687071472406387329e-02 6.875487510114908218e-03 5.916973352432250977e-01 1.476874167565256357e-04 3.933477215468883514e-03 2.216014452278614044e-02
7.600000000000000000e+03 7.721201330423355103e-02 3.817776963114738464e-02 5.232249200344085693e-02 7.311461493372917175e-03 5.793462395668029785e-01 1.364364725304767489e-04 3.173038130626082420e-03 2.213758043944835663e-02 7.607551664113998413e-02 1.969598047435283661e-02 1.620983891189098358e-02 6.792043335735797882e-03 5.793462395668029785e-01 1.364364725304767489e-04 3.173038130626082420e-03 2.213758043944835663e-02
7.800000000000000000e+03 7.782492786645889282e-02 4.069570824503898621e-02 5.018652230501174927e-02 7.283277809619903564e-03 5.683250427246093750e-01 1.252253714483231306e-04 2.562102628871798515e-03 2.237802930176258087e-02 7.599947601556777954e-02 1.933759637176990509e-02 1.543765980750322342e-02 6.714748218655586243e-03 5.683250427246093750e-01 1.252253714483231306e-04 2.562102628871798515e-03 2.237802930176258087e-02
8.000000000000000000e+03 7.857789099216461182e-02 4.316996037960052490e-02 4.833285138010978699e-02 7.272899150848388672e-03 5.571113824844360352e-01 1.143622139352373779e-04 2.055332064628601074e-03 2.269470877945423126e-02 7.603025436401367188e-02 1.917106099426746368e-02 1.473912037909030914e-02 6.649109069257974625e-03 5.571113824844360352e-01 1.143622139352373779e-04 2.055332064628601074e-03 2.269470877945423126e-02
8.200000000000000000e+03 7.950193434953689575e-02 4.545656219124794006e-02 4.684953019022941589e-02 7.284826133400201797e-03 5.453101992607116699e-01 1.037585752783343196e-04 1.641538226976990700e-03 2.308398298919200897e-02 7.614500075578689575e-02 1.906554773449897766e-02 1.430228818207979202e-02 6.598684936761856079e-03 5.453101992607116699e-01 1.037585752783343196e-04 1.641538226976990700e-03 2.308398298919200897e-02
8.400000000000000000e+03 8.066734671592712402e-02 4.740555211901664734e-02 4.584228992462158203e-02 7.321505341678857803e-03 5.326451063156127930e-01 9.341246186522766948e-05 1.315384986810386181e-03 2.352803200483322144e-02 7.638269662857055664e-02 1.897338405251502991e-02 1.425913348793983459e-02 6.563917268067598343e-03 5.326451063156127930e-01 9.341246186522766948e-05 1.315384986810386181e-03 2.352803200483322144e-02
8.600000000000000000e+03 8.214291185140609741e-02 4.885187372565269470e-02 4.545497521758079529e-02 7.388829719275236130e-03 5.188225507736206055e-01 8.382776286453008652e-05 1.111585763283073902e-03 2.385566756129264832e-02 7.681271433830261230e-02 1.888654381036758423e-02 1.459624618291854858e-02 6.548923905938863754e-03 5.188225507736206055e-01 8.382776286453008652e-05 1.111585763283073902e-03 2.385566756129264832e-02
8.800000000000000000e+03 8.388624340295791626e-02 4.939983040094375610e-02 4.543100669980049133e-02 7.492986507713794708e-03 5.039626955986022949e-01 7.477000326616689563e-05 9.788286406546831131e-04 2.413842640817165375e-02 7.737326622009277344e-02 1.870203204452991486e-02 1.543274614959955215e-02 6.554910447448492050e-03 5.039626955986022949e-01 7.477000326616689563e-05 9.788286406546831131e-04 2.413842640817165375e-02
9.000000000000000000e+03 8.604933321475982666e-02 4.914135858416557312e-02 4.608563706278800964e-02 7.650181185454130173e-03 4.869305193424224854e-01 6.588117685168981552e-05 9.216851904056966305e-04 2.425948157906532288e-02 7.820151746273040771e-02 1.854854077100753784e-02 1.683438383042812347e-02 6.592537276446819305e-03 4.869305193424224854e-01 6.588117685168981552e-05 9.216851904056966305e-04 2.425948157906532288e-02
9.200000000000000000e+03 8.863662928342819214e-02 4.786639660596847534e-02 4.719974845647811890e-02 7.861887104809284210e-03 4.672383666038513184e-01 5.704212162527255714e-05 9.187922114506363869e-04 2.423572354018688202e-02 7.934797555208206177e-02 1.854761131107807159e-02 1.880067400634288788e-02 6.649252027273178101e-03 4.672383666038513184e-01 5.704212162527255714e-05 9.187922114506363869e-04 2.423572354018688202e-02
9.400000000000000000e+03 9.197591245174407959e-02 4.594564065337181091e-02 4.910681396722793579e-02 8.162707090377807617e-03 4.426463246345520020e-01 4.699771307059563696e-05 9.734656196087598801e-04 2.406854555010795593e-02 8.115809410810470581e-02 1.895011588931083679e-02 2.145631797611713409e-02 6.739969830960035324e-03 4.426463246345520020e-01 4.699771307059563696e-05 9.734656196087598801e-04 2.406854555010795593e-02
9.600000000000000000e+03 9.592446684837341309e-02 4.348040372133255005e-02 5.173318460583686829e-02 8.611867204308509827e-03 4.117954969406127930e-01 3.609211853472515941e-05 1.091329613700509071e-03 2.371976152062416077e-02 8.375594764947891235e-02 2.001861110329627991e-02 2.515073306858539581e-02 6.887610070407390594e-03 4.117954969406127930e-01 3.609211853472515941e-05 1.091329613700509071e-03 2.371976152062416077e-02
9.800000000000000000e+03 1.002953946590423584e-01 4.067290201783180237e-02 5.505030974745750427e-02 9.291579015552997589e-03 3.730404376983642578e-01 2.541291360103059560e-05 1.263065147213637829e-03 2.296879328787326813e-02 8.759380131959915161e-02 2.186981588602066040e-02 3.001943789422512054e-02 7.110750768333673477e-03 3.730404376983642578e-01 2.541291360103059560e-05 1.263065147213637829e-03 2.296879328787326813e-02
1.000000000000000000e+04 1.047522947192192078e-01 3.747857362031936646e-02 5.887262150645256042e-02 1.032369770109653473e-02 3.252957165241241455e-01 1.631584200367797166e-05 1.464957487769424915e-03 2.146172337234020233e-02 9.336723387241363525e-02 2.413626387715339661e-02 3.596962988376617432e-02 7.426834199577569962e-03 3.252957165241241455e-01 1.631584200367797166e-05 1.464957487769424915e-03 2.146172337234020233e-02
1.020000000000000000e+04 1.093342676758766174e-01 3.329062461853027344e-02 6.266385316848754883e-02 1.185379084199666977e-02 2.687044441699981689e-01 9.374443834531120956e-06 1.639838563278317451e-03 1.895487681031227112e-02 1.019876226782798767e-01 2.553679421544075012e-02 4.255655780434608459e-02 7.835754193365573883e-03 2.687044441699981689e-01 9.374443834531120956e-06 1.639838563278317451e-03 1.895487681031227112e-02
1.040000000000000000e+04 1.151595264673233032e-01 2.747257985174655914e-02 6.566776335239410400e-02 1.396537013351917267e-02 2.058112472295761108e-01 4.348096354078734294e-06 1.663714181631803513e-03 1.563012599945068359e-02 1.143299490213394165e-01 2.447507902979850769e-02 4.901704192161560059e-02 8.301695808768272400e-03 2.058112472295761108e-01 4.348096354078734294e-06 1.663714181631803513e-03 1.563012599945068359e-02
1.060000000000000000e+04 1.236462146043777466e-01 2.005320414900779724e-02 6.653925031423568726e-02 1.640282385051250458e-02 1.439815461635589600e-01 1.075619479706801940e-06 1.526474952697753906e-03 1.185673382133245468e-02 1.303472518920898438e-01 2.006881684064865112e-02 5.387493968009948730e-02 8.665096946060657501e-03 1.439815461635589600e-01 1.075619479706801940e-06 1.526474952697753906e-03 1.185673382133245468e-02
1.080000000000000000e+04 1.341858208179473877e-01 1.283994223922491074e-02 6.305739283561706543e-02 1.857178658246994019e-02 9.368218481540679932e-02 3.283275873400270939e-08 1.030208542943000793e-03 8.978000842034816742e-03 1.475728601217269897e-01 1.397703494876623154e-02 5.432984977960586548e-02 8.753128349781036377e-03 9.368218481540679932e-02 3.283275873400270939e-08 1.030208542943000793e-03 8.978000842034816742e-03
1.100000000000000000e+04 1.439621895551681519e-01 7.650799117982387543e-03 5.535269528627395630e-02 1.982593536376953125e-02 6.114400923252105713e-02 1.883309550976264291e-06 5.291207344271242619e-04 6.980598438531160355e-03 1.624846458435058594e-01 8.827808313071727753e-03 4.943840578198432922e-02 8.498567156493663788e-03 6.114400923252105713e-02 1.883309550976264291e-06 5.291207344271242619e-04 6.980598438531160355e-03
1.120000000000000000e+04 1.505403220653533936e-01 4.848079755902290344e-03 4.603458940982818604e-02 1.995589956641197205e-02 4.371643066406250000e-02 5.310968845151364803e-06 2.448564046062529087e-04 5.601678509265184402e-03 1.724510192871093750e-01 5.765282083302736282e-03 4.184610769152641296e-02 8.009169250726699829e-03 4.371643066406250000e-02 5.310968845151364803e-06 2.448564046062529087e-04 5.601678509265184402e-03
1.140000000000000000e+04 1.538929045200347900e-01 3.785337554290890694e-03 3.743878379464149475e-02 1.917001977562904358e-02 3.500961884856224060e-02 8.538423571735620499e-06 1.198626559926196933e-04 4.559291992336511612e-03 1.777595281600952148e-01 4.487823229283094406e-03 3.425768762826919556e-02 7.369214203208684921e-03 3.500961884856224060e-02 8.538423571735620499e-06 1.198626559926196933e-04 4.559291992336511612e-03
1.160000000000000000e+04 1.553688198328018188e-01 3.487925743684172630e-03 3.006178140640258789e-02 1.767040416598320007e-02 3.038076311349868774e-02 1.078450895874993876e-05 6.457183189922943711e-05 3.523103427141904831e-03 1.802715808153152466e-01 4.038787912577390671e-03 2.734769321978092194e-02 6.525957491248846054e-03 3.038076311349868774e-02 1.078450895874993876e-05 6.457183189922943711e-05 3.523103427141904831e-03
1.180000000000000000e+04 1.552193760871887207e-01 3.428105032071471214e-03 2.400545589625835419e-02 1.571241952478885651e-02 2.770527452230453491e-02 1.226992935698945075e-05 3.769659451791085303e-05 2.796223852783441544e-03 1.804851144552230835e-01 3.887364175170660019e-03 2.169815078377723694e-02 5.481573287397623062e-03 2.770527452230453491e-02 1.226992935698945075e-05 3.769659451791085303e-05 2.796223852783441544e-03
1.200000000000000000e+04 1.535138487815856934e-01 3.731320612132549286e-03 1.961466297507286072e-02 1.369008980691432953e-02 2.607453987002372742e-02 1.222987611981807277e-05 2.114728340529836714e-05 2.452043350785970688e-03 1.789045333862304688e-01 4.139841999858617783e-03 1.788771897554397583e-02 4.384892061352729797e-03 2.607453987002372742e-02 1.222987611981807277e-05 2.114728340529836714e-05 2.452043350785970688e-03
1.220000000000000000e+04 1.511668711900711060e-01 3.605607897043228149e-03 1.562467869371175766e-02 1.141585875302553177e-02 2.501936815679073334e-02 1.111903929995605722e-05 1.449376577511429787e-05 1.954014645889401436e-03 1.765683889389038086e-01 3.924991004168987274e-03 1.394781563431024551e-02 3.071528626605868340e-03 2.501936815679073334e-02 1.111903929995605722e-05 1.449376577511429787e-05 1.954014645889401436e-03
1.240000000000000000e+04 1.470646858215332031e-01 3.360360860824584961e-03 1.283600367605686188e-02 9.432894177734851837e-03 2.445787563920021057e-02 8.633433935756329447e-06 9.772777957550715655e-06 1.574086258187890053e-03 1.721888780593872070e-01 3.598512383177876472e-03 1.144461892545223236e-02 1.981639303267002106e-03 2.445787563920021057e-02 8.633433935756329447e-06 9.772777957550715655e-06 1.574086258187890053e-03
1.260000000000000000e+04 1.436394751071929932e-01 2.948711160570383072e-03 1.070237345993518829e-02 8.234995417296886444e-03 2.382483705878257751e-02 6.546987606270704418e-06 6.176593615236924961e-06 1.301482669077813625e-03 1.685734987258911133e-01 3.099473193287849426e-03 9.596454910933971405e-03 1.542795915156602859e-03 2.382483705878257751e-02 6.546987606270704418e-06 6.176593615236924961e-06 1.301482669077813625e-03
1.280000000000000000e+04 1.403706371784210205e-01 2.508439123630523682e-03 9.015223011374473572e-03 7.596893236041069031e-03 2.309710159897804260e-02 4.180707037448883057e-06 3.837081749225035310e-06 1.073320629075169563e-03 1.651460081338882446e-01 2.580885775387287140e-03 8.191768079996109009e-03 1.583805773407220840e-03 2.309710159897804260e-02 4.180707037448883057e-06 3.837081749225035310e-06 1.073320629075169563e-03
1.300000000000000000e+04 1.377862244844436646e-01 2.036778256297111511e-03 7.556672208011150360e-03 7.454299833625555038e-03 2.230978012084960938e-02 2.207674697274342179e-06 2.156957634724676609e-06 9.019018616527318954e-04 1.624502539634704590e-01 2.051766030490398407e-03 6.901570595800876617e-03 2.038671635091304779e-03 2.230978012084960938e-02 2.207674697274342179e-06 2.156957634724676609e-06 9.019018616527318954e-04
1.320000000000000000e+04 1.361641883850097656e-01 1.665932009927928448e-03 6.363818887621164322e-03 7.481133099645376205e-03 2.150746807456016541e-02 1.104494003811851144e-06 1.198626705445349216e-06 7.618285599164664745e-04 1.607684642076492310e-01 1.649913494475185871e-03 5.841306410729885101e-03 2.564905211329460144e-03 2.150746807456016541e-02 1.104494003811851144e-06 1.198626705445349216e-06 7.618285599164664745e-04
1.340000000000000000e+04 1.352803260087966919e-01 1.374491024762392044e-03 5.578612908720970154e-03 7.486538030207157135e-03 2.072410471737384796e-02 5.568892333940311801e-07 6.447990017477422953e-07 6.289927987381815910e-04 1.598369926214218140e-01 1.350741949863731861e-03 5.111061502248048782e-03 3.005610778927803040e-03 2.072410471737384796e-02 5.568892333940311801e-07 6.447990017477422953e-07 6.289927987381815910e-04
1.360000000000000000e+04 1.343380063772201538e-01 1.229608082212507725e-03 4.552563186734914780e-03 7.323133759200572968e-03 2.017435058951377869e-02 2.521139776945346966e-07 3.632740117609500885e-07 5.283751524984836578e-04 1.587854176759719849e-01 1.204337342642247677e-03 4.215351771563291550e-03 3.217855468392372131e-03 2.017435058951377869e-02 2.521139776945346966e-07 3.632740117609500885e-07 5.283751524984836578e-04
1.380000000000000000e+04 1.335635632276535034e-01 1.130995922721922398e-03 3.913907799869775772e-03 7.079906761646270752e-03 1.970310509204864502e-02 1.208356934512266889e-07 2.009073796216398478e-07 4.387160879559814930e-04 1.578805893659591675e-01 1.111153513193130493e-03 3.690072335302829742e-03 3.318476025015115738e-03 1.970310509204864502e-02 1.208356934512266889e-07 2.009073796216398478e-07 4.387160879559814930e-04
1.400000000000000000e+04 1.329682767391204834e-01 1.042309682816267014e-03 3.324430203065276146e-03 6.809485144913196564e-03 1.924116536974906921e-02 4.853154678130522370e-08 9.665745892561972141e-08 3.552988928277045488e-04 1.571529060602188110e-01 1.032722182571887970e-03 3.153824480250477791e-03 3.371723927557468414e-03 1.924116536974906921e-02 4.853154678130522370e-08 9.665745892561972141e-08 3.552988928277045488e-04
1.420000000000000000e+04 1.323471963405609131e-01 9.857307886704802513e-04 2.931698458269238472e-03 6.483616307377815247e-03 1.884409412741661072e-02 1.181979314424097538e-08 4.243338480591773987e-08 2.891364856623113155e-04 1.563799232244491577e-01 9.854695526883006096e-04 2.830192446708679199e-03 3.348703728988766670e-03 1.884409412741661072e-02 1.181979314424097538e-08 4.243338480591773987e-08 2.891364856623113155e-04
1.440000000000000000e+04 1.318812966346740723e-01 9.248842252418398857e-04 2.383930841460824013e-03 6.180432159453630447e-03 1.840397343039512634e-02 3.667310011223889887e-09 1.140870153903961182e-08 2.276502200402319431e-04 1.557774990797042847e-01 9.392947540618479252e-04 2.275874605402350426e-03 3.332215594127774239e-03 1.840397343039512634e-02 3.667310011223889887e-09 1.140870153903961182e-08 2.276502200402319431e-04
1.460000000000000000e+04 1.312775760889053345e-01 8.986266911961138248e-04 2.028145361691713333e-03 5.843411199748516083e-03 1.807156577706336975e-02 9.094947017729282379e-11 4.980392986908555031e-09 1.871549466159194708e-04 1.550064384937286377e-01 9.268155554309487343e-04 1.946070464327931404e-03 3.261259756982326508e-03 1.807156577706336975e-02 9.094947017729282379e-11 4.980392986908555031e-09 1.871549466159194708e-04
1.480000000000000000e+04 1.307146102190017700e-01 8.784985984675586224e-04 1.735806348733603954e-03 5.523647181689739227e-03 1.777205243706703186e-02 4.520416041486896574e-09 3.725290298461914062e-09 1.535745832370594144e-04 1.542726308107376099e-01 9.229544084519147873e-04 1.670988160185515881e-03 3.182517830282449722e-03 1.777205243706703186e-02 4.520416041486896574e-09 3.725290298461914062e-09 1.535745832370594144e-04
1.500000000000000000e+04 1.301072090864181519e-01 8.743284852243959904e-04 1.583358156494796276e-03 5.194942001253366470e-03 1.753431558609008789e-02 2.046363078989088535e-08 3.274180926382541656e-09 1.285122853005304933e-04 1.534819155931472778e-01 9.302680264227092266e-04 1.568478997796773911e-03 3.068271558731794357e-03 1.753431558609008789e-02 2.046363078989088535e-08 3.274180926382541656e-09 1.285122853005304933e-04
1.520000000000000000e+04 1.296779662370681763e-01 8.469709428027272224e-04 1.311307307332754135e-03 4.923244006931781769e-03 1.723796129226684570e-02 2.461115400365088135e-08 1.455191522836685181e-09 1.021811840473674238e-04 1.528910696506500244e-01 9.172608843073248863e-04 1.286469399929046631e-03 2.995121991261839867e-03 1.723796129226684570e-02 2.461115400365088135e-08 1.455191522836685181e-09 1.021811840473674238e-04
1.540000000000000000e+04 1.291258335113525391e-01 8.505390724167227745e-04 1.335530309006571770e-03 4.630670417100191116e-03 1.701042428612709045e-02 7.104995347617659718e-08 1.313310349360108376e-09 8.381030056625604630e-05 1.521615386009216309e-01 9.253033786080777645e-04 1.368406577967107296e-03 2.874584868550300598e-03 1.701042428612709045e-02 7.104995347617659718e-08 1.313310349360108376e-09 8.381030056625604630e-05
1.560000000000000000e+04 1.287456452846527100e-01 8.097000536508858204e-04 1.025039353407919407e-03 4.397898912429809570e-03 1.672453060746192932e-02 7.834591997379902750e-08 7.130438461899757385e-10 6.548699457198381424e-05 1.516168117523193359e-01 8.923651184886693954e-04 1.029855338856577873e-03 2.803014591336250305e-03 1.672453060746192932e-02 7.834591997379902750e-08 7.130438461899757385e-10 6.548699457198381424e-05
1.580000000000000000e+04 1.283124089241027832e-01 7.802273612469434738e-04 9.064205223694443703e-04 4.162812605500221252e-03 1.647149398922920227e-02 7.941730473248753697e-08 1.051375875249505043e-09 5.162397064850665629e-05 1.510075032711029053e-01 8.654105477035045624e-04 9.169024997390806675e-04 2.709258813410997391e-03 1.647149398922920227e-02 7.941730473248753697e-08 1.051375875249505043e-09 5.162397064850665629e-05
1.600000000000000000e+04 1.278547942638397217e-01 7.516779005527496338e-04 8.626781054772436619e-04 3.936174325644969940e-03 1.623903401196002960e-02 1.198432073579169810e-07 1.313310349360108376e-09 4.089427966391667724e-05 1.503639221191406250e-01 8.356087491847574711e-04 8.909219759516417980e-04 2.607524394989013672e-03 1.623903401196002960e-02 1.198432073579169810e-07 1.313310349360108376e-09 4.089427966391667724e-05
1.620000000000000000e+04 1.274629980325698853e-01 7.085251272656023502e-04 7.342350436374545097e-04 3.739551175385713577e-03 1.598247513175010681e-02 1.107773641706444323e-07 1.760781742632389069e-09 3.092863698839209974e-05 1.497897952795028687e-01 7.917138864286243916e-04 7.537687779404222965e-04 2.524297451600432396e-03 1.598247513175010681e-02 1.107773641706444323e-07 1.760781742632389069e-09 3.092863698839209974e-05
1.640000000000000000e+04 1.270703375339508057e-01 6.656488403677940369e-04 6.538130692206323147e-04 3.557238494977355003e-03 1.573408767580986023e-02 1.275568592973286286e-07 1.051375875249505043e-09 2.308887087565381080e-05 1.492111533880233765e-01 7.462635403499007225e-04 6.700367666780948639e-04 2.443202072754502296e-03 1.573408767580986023e-02 1.275568592973286286e-07 1.051375875249505043e-09 2.308887087565381080e-05
1.660000000000000000e+04 1.266839802265167236e-01 6.269399891607463360e-04 6.049513467587530613e-04 3.392972517758607864e-03 1.549390517175197601e-02 1.073133191198394343e-07 2.095475792884826660e-09 1.689094460743945092e-05 1.486390233039855957e-01 7.039785268716514111e-04 6.244276883080601692e-04 2.366040367633104324e-03 1.549390517175197601e-02 1.073133191198394343e-07 2.095475792884826660e-09 1.689094460743945092e-05
1.680000000000000000e+04 1.263050734996795654e-01 5.875052302144467831e-04 5.631305975839495659e-04 3.239352256059646606e-03 1.526579633355140686e-02 1.114131009671837091e-07 2.273736754432320595e-09 1.248128592123975977e-05 1.480735987424850464e-01 6.602883222512900829e-04 5.851180758327245712e-04 2.292977645993232727e-03 1.526579633355140686e-02 1.114131009671837091e-07 2.273736754432320595e-09 1.248128592123975977e-05
1.700000000000000000e+04 1.259527355432510376e-01 5.501921405084431171e-04 5.253294366411864758e-04 3.101501381024718285e-03 1.504428684711456299e-02 1.142964194400519773e-07 1.455191522836685181e-09 9.084724297281354666e-06 1.475408971309661865e-01 6.188352708704769611e-04 5.486515001393854618e-04 2.228344324976205826e-03 1.504428684711456299e-02 1.142964194400519773e-07 1.455191522836685181e-09 9.084724297281354666e-06
1.720000000000000000e+04 1.256150603294372559e-01 5.162003217265009880e-04 4.924266831949353218e-04 2.973383059725165367e-03 1.484080124646425247e-02 1.185262590297497809e-07 8.734787115827202797e-09 6.761002623534295708e-06 1.470292210578918457e-01 5.803331150673329830e-04 5.179609870538115501e-04 2.168304985389113426e-03 1.484080124646425247e-02 1.185262590297497809e-07 8.734787115827202797e-09 6.761002623534295708e-06
1.740000000000000000e+04 1.253155469894409180e-01 4.854341677855700254e-04 4.591213655658066273e-04 2.856827108189463615e-03 1.463945396244525909e-02 1.245098246727138758e-07 5.820766091346740723e-11 4.982157406629994512e-06 1.465659886598587036e-01 5.456193466670811176e-04 4.855736042372882366e-04 2.115834737196564674e-03 1.463945396244525909e-02 1.245098246727138758e-07 5.820766091346740723e-11 4.982157406629994512e-06
1.760000000000000000e+04 1.250395029783248901e-01 4.588436277117580175e-04 4.283343150746077299e-04 2.748423721641302109e-03 1.445320714265108109e-02 1.268765572604024783e-07 1.633088686503469944e-08 3.848298092634649947e-06 1.461343020200729370e-01 5.152566591277718544e-04 4.566100251395255327e-04 2.068264177069067955e-03 1.445320714265108109e-02 1.268765572604024783e-07 1.633088686503469944e-08 3.848298092634649947e-06
1.780000000000000000e+04 1.247847303748130798e-01 4.354146076366305351e-04 3.963862254749983549e-04 2.646936802193522453e-03 1.428627409040927887e-02 1.348098521702922881e-07 1.223816070705652237e-08 3.092587576247751713e-06 1.457325220108032227e-01 4.882612847723066807e-04 4.254454979673027992e-04 2.025709487497806549e-03 1.428627409040927887e-02 1.348098521702922881e-07 1.223816070705652237e-08 3.092587576247751713e-06
1.800000000000000000e+04 1.245787963271141052e-01 4.129677254240959883e-04 3.527517255861312151e-04 2.554849022999405861e-03 1.411631237715482712e-02 1.208356934512266889e-07 4.714820533990859985e-09 2.407549573035794310e-06 1.453912258148193359e-01 4.634283832274377346e-04 3.757685481104999781e-04 1.991851720958948135e-03 1.411631237715482712e-02 1.208356934512266889e-07 4.714820533990859985e-09 2.407549573035794310e-06
1.820000000000000000e+04 1.243635937571525574e-01 3.944851050619035959e-04 3.217926423531025648e-04 2.464410616084933281e-03 1.397709082812070847e-02 1.309856543230125681e-07 1.051375875249505043e-09 2.138787976946332492e-06 1.450417488813400269e-01 4.413878195919096470e-04 3.465699264779686928e-04 1.958171371370553970e-03 1.397709082812070847e-02 1.309856543230125681e-07 1.051375875249505043e-09 2.138787976946332492e-06
1.840000000000000000e+04 1.241735443472862244e-01 3.771911142393946648e-04 2.897744707297533751e-04 2.380387624725699425e-03 1.384638436138629913e-02 1.344599240837851539e-07 1.309672370553016663e-10 2.012399136219755746e-06 1.447237432003021240e-01 4.209821636322885752e-04 3.140098706353455782e-04 1.930420985445380211e-03 1.384638436138629913e-02 1.344599240837851539e-07 1.309672370553016663e-10 2.012399136219755746e-06
1.860000000000000000e+04 1.240002885460853577e-01 3.605106612667441368e-04 2.587703638710081577e-04 2.301338361576199532e-03 1.372517179697751999e-02 1.337614321528235450e-07 2.459273673593997955e-09 2.012399136219755746e-06 1.444263905286788940e-01 4.011801211163401604e-04 2.819723158609122038e-04 1.907485770061612129e-03 1.372517179697751999e-02 1.337614321528235450e-07 2.459273673593997955e-09 2.012399136219755746e-06
1.880000000000000000e+04 1.238406598567962646e-01 3.437976993154734373e-04 2.291774435434490442e-04 2.227474236860871315e-03 1.361361611634492874e-02 1.348098521702922881e-07 1.313310349360108376e-09 2.122084197253570892e-06 1.441454738378524780e-01 3.812441136687994003e-04 2.509713522158563137e-04 1.889519742690026760e-03 1.361361611634492874e-02 1.348098521702922881e-07 1.313310349360108376e-09 2.122084197253570892e-06
1.900000000000000000e+04 1.236907765269279480e-01 3.264810366090387106e-04 2.014793280977755785e-04 2.158410148695111275e-03 1.351113338023424149e-02 1.261980742128798738e-07 3.637978807091712952e-12 2.329761855435208417e-06 1.438756585121154785e-01 3.604819648899137974e-04 2.216331340605393052e-04 1.876378664746880531e-03 1.351113338023424149e-02 1.261980742128798738e-07 3.637978807091712952e-12 2.329761855435208417e-06
1.920000000000000000e+04 1.235515326261520386e-01 3.087541263084858656e-04 1.765092747518792748e-04 2.095974516123533249e-03 1.341453380882740021e-02 1.282389803236583248e-07 9.094947017729282379e-11 2.648577947184094228e-06 1.436177194118499756e-01 3.392709768377244473e-04 1.950823934748768806e-04 1.868815976195037365e-03 1.341453380882740021e-02 1.282389803236583248e-07 9.094947017729282379e-11 2.648577947184094228e-06
1.940000000000000000e+04 1.234185472130775452e-01 2.907106827478855848e-04 1.545180275570601225e-04 2.040188759565353394e-03 1.332474593073129654e-02 1.302962573390686885e-07 3.274180926382541656e-11 3.090910922765033320e-06 1.433663815259933472e-01 3.176957252435386181e-04 1.716874539852142334e-04 1.866620965301990509e-03 1.332474593073129654e-02 1.302962573390686885e-07 3.274180926382541656e-11 3.090910922765033320e-06
1.960000000000000000e+04 1.232896521687507629e-01 2.727177634369581938e-04 1.352294493699446321e-04 1.991825876757502556e-03 1.324030570685863495e-02 1.334128683083690703e-07 5.820766091346740723e-11 3.665315034595550969e-06 1.431189030408859253e-01 2.962719008792191744e-04 1.509036374045535922e-04 1.870300504378974438e-03 1.324030570685863495e-02 1.334128683083690703e-07 5.820766091346740723e-11 3.665315034595550969e-06
1.980000000000000000e+04 1.231628358364105225e-01 2.553983940742909908e-04 1.192662602989003062e-04 1.951819634996354580e-03 1.316045690327882767e-02 1.355110725853592157e-07 2.328306436538696289e-10 4.407958385854726657e-06 1.428729593753814697e-01 2.757672918960452080e-04 1.338328729616478086e-04 1.880154013633728027e-03 1.316045690327882767e-02 1.355110725853592157e-07 2.328306436538696289e-10 4.407958385854726657e-06
2.000000000000000000e+04 1.230345442891120911e-01 2.390853187534958124e-04 1.060384529409930110e-04 1.920932903885841370e-03 1.308529358357191086e-02 1.404705471941269934e-07 1.455191522836685181e-09 5.328565748641267419e-06 1.426245570182800293e-01 2.565728791523724794e-04 1.195954246213659644e-04 1.896685105748474598e-03 1.308529358357191086e-02 1.404705471941269934e-07 1.455191522836685181e-09 5.328565748641267419e-06
2.020000000000000000e+04 1.229096949100494385e-01 2.238914894405752420e-04 9.365405276184901595e-05 1.900760224089026451e-03 1.300972141325473785e-02 1.299522409681230783e-07 7.130438461899757385e-10 6.360442512232111767e-06 1.423798352479934692e-01 2.390899899182841182e-04 1.050476930686272681e-04 1.920813578180968761e-03 1.300972141325473785e-02 1.299522409681230783e-07 7.130438461899757385e-10 6.360442512232111767e-06
2.040000000000000000e+04 1.228706836700439453e-01 2.292145945830270648e-04 3.206775872968137264e-04 1.898934948258101940e-03 1.287697441875934601e-02 6.265509000513702631e-09 2.506203600205481052e-08 6.334012596198590472e-06 1.422374993562698364e-01 2.475001383572816849e-04 3.319354727864265442e-04 1.960583729669451714e-03 1.287697441875934601e-02 6.265509000513702631e-09 2.506203600205481052e-08 6.334012596198590472e-06
2.060000000000000000e+04 1.226259469985961914e-01 1.977745123440399766e-04 7.877194730099290609e-05 1.895047025755047798e-03 1.287957001477479935e-02 1.394002993038157001e-07 1.051375875249505043e-09 8.990115020424127579e-06 1.418514996767044067e-01 2.090241032419726253e-04 8.923524728743359447e-05 1.991465920582413673e-03 1.287957001477479935e-02 1.394002993038157001e-07 1.051375875249505043e-09 8.990115020424127579e-06
2.080000000000000000e+04 1.224709749221801758e-01 1.861525379354134202e-04 7.342748722294345498e-05 1.912381732836365700e-03 1.281439047306776047e-02 1.429837084288010374e-07 2.273736754432320595e-09 1.045508633978897706e-05 1.415723264217376709e-01 1.959436631295830011e-04 8.331319259013980627e-05 2.040350576862692833e-03 1.281439047306776047e-02 1.429837084288010374e-07 2.273736754432320595e-09 1.045508633978897706e-05
2.100000000000000000e+04 1.223071739077568054e-01 1.752467069309204817e-04 6.920237501617521048e-05 1.942801056429743767e-03 1.274945493787527084e-02 1.426233211532235146e-07 3.496097633615136147e-09 1.201405211759265512e-05 1.412852704524993896e-01 1.838838797993957996e-04 7.840838225092738867e-05 2.097897697240114212e-03 1.274945493787527084e-02 1.426233211532235146e-07 3.496097633615136147e-09 1.201405211759265512e-05
2.120000000000000000e+04 1.221287548542022705e-01 1.649013429414480925e-04 6.616875180043280125e-05 1.986487070098519325e-03 1.268447283655405045e-02 1.458831775380531326e-07 6.115442374721169472e-09 1.363197316095465794e-05 1.409830302000045776e-01 1.726242480799555779e-04 7.481043576262891293e-05 2.165426500141620636e-03 1.268447283655405045e-02 1.458831775380531326e-07 6.115442374721169472e-09 1.363197316095465794e-05
2.140000000000000000e+04 1.219368800520896912e-01 1.551241584820672870e-04 6.412730726879090071e-05 2.042876323685050011e-03 1.261834334582090378e-02 1.458831775380531326e-07 7.043126970529556274e-09 1.521783815405797213e-05 1.406682431697845459e-01 1.621628325665369630e-04 7.215153163997456431e-05 2.243154449388384819e-03 1.261834334582090378e-02 1.458831775380531326e-07 7.043126970529556274e-09 1.521783815405797213e-05
2.160000000000000000e+04 1.217291057109832764e-01 1.461845822632312775e-04 6.371008203132078052e-05 2.112189074978232384e-03 1.255158148705959320e-02 1.506568878539837897e-07 9.837094694375991821e-09 1.671502832323312759e-05 1.403398513793945312e-01 1.527234126115217805e-04 7.154577178880572319e-05 2.331983530893921852e-03 1.255158148705959320e-02 1.506568878539837897e-07 9.837094694375991821e-09 1.671502832323312759e-05
2.180000000000000000e+04 1.215113252401351929e-01 1.382989430567249656e-04 6.334267527563497424e-05 2.195622306317090988e-03 1.247855275869369507e-02 1.469779817853122950e-07 1.140870153903961182e-08 1.781652463250793517e-05 1.400069445371627808e-01 1.446808455511927605e-04 7.013574941083788872e-05 2.433959627524018288e-03 1.247855275869369507e-02 1.469779817853122950e-07 1.140870153903961182e-08 1.781652463250793517e-05
2.200000000000000000e+04 1.212771907448768616e-01 1.320539013249799609e-04 6.490406667580828071e-05 2.292888704687356949e-03 1.240547187626361847e-02 1.499174686614423990e-07 1.398439053446054459e-08 1.883295408333651721e-05 1.396648585796356201e-01 1.384227653034031391e-04 7.147690484998747706e-05 2.549233147874474525e-03 1.240547187626361847e-02 1.499174686614423990e-07 1.398439053446054459e-08 1.883295408333651721e-05
2.220000000000000000e+04 1.210313364863395691e-01 1.275727263418957591e-04 6.700806989101693034e-05 2.404630649834871292e-03 1.232763100415468216e-02 1.480768787587294355e-07 1.633088686503469944e-08 1.966132185771130025e-05 1.393198519945144653e-01 1.342064933851361275e-04 7.309374632313847542e-05 2.679328434169292450e-03 1.232763100415468216e-02 1.480768787587294355e-07 1.633088686503469944e-08 1.966132185771130025e-05
2.240000000000000000e+04 1.207700222730636597e-01 1.249876804649829865e-04 6.988835957599803805e-05 2.531581791117787361e-03 1.224652305245399475e-02 1.462476575397886336e-07 1.992157194763422012e-08 2.040830440819263458e-05 1.389673352241516113e-01 1.321037125308066607e-04 7.559653022326529026e-05 2.825569594278931618e-03 1.224652305245399475e-02 1.462476575397886336e-07 1.992157194763422012e-08 2.040830440819263458e-05
2.260000000000000000e+04 1.204874366521835327e-01 1.242894213646650314e-04 7.349179941229522228e-05 2.675810130313038826e-03 1.216289587318897247e-02 1.444298050046199933e-07 2.386877895332872868e-08 2.120872341038193554e-05 1.385991424322128296e-01 1.320932788075879216e-04 7.904413359938189387e-05 2.990765031427145004e-03 1.216289587318897247e-02 1.444298050046199933e-07 2.386877895332872868e-08 2.120872341038193554e-05
2.280000000000000000e+04 1.201845407485961914e-01 1.253778173122555017e-04 7.741105218883603811e-05 2.837965032085776329e-03 1.207536365836858749e-02 1.437058472220087424e-07 2.506203600205481052e-08 2.201111601607408375e-05 1.382165253162384033e-01 1.340835005976259708e-04 8.280928886961191893e-05 3.175630467012524605e-03 1.207536365836858749e-02 1.437058472220087424e-07 2.506203600205481052e-08 2.201111601607408375e-05
2.300000000000000000e+04 1.198564246296882629e-01 1.281802396988496184e-04 8.158988930517807603e-05 3.020024858415126801e-03 1.198436133563518524e-02 1.394002993038157001e-07 3.146487870253622532e-08 2.291506461915560067e-05 1.378125697374343872e-01 1.379889872623607516e-04 8.689516107551753521e-05 3.382621798664331436e-03 1.198436133563518524e-02 1.394002993038157001e-07 3.146487870253622532e-08 2.291506461915560067e-05
2.320000000000000000e+04 1.194956749677658081e-01 1.325938501395285130e-04 8.620748121757060289e-05 3.225809661671519279e-03 1.188957039266824722e-02 1.334128683083690703e-07 3.283275873400270939e-08 2.393974682490807027e-05 1.373776346445083618e-01 1.436995662515982985e-04 9.146116644842550159e-05 3.616274334490299225e-03 1.188957039266824722e-02 1.334128683083690703e-07 3.283275873400270939e-08 2.393974682490807027e-05
2.340000000000000000e+04 1.191026493906974792e-01 1.384530332870781422e-04 9.141684131463989615e-05 3.454464953392744064e-03 1.179331634193658829e-02 1.309856543230125681e-07 4.087632987648248672e-08 2.519224653951823711e-05 1.369125843048095703e-01 1.509986614109948277e-04 9.726494317874312401e-05 3.875336609780788422e-03 1.179331634193658829e-02 1.309856543230125681e-07 4.087632987648248672e-08 2.519224653951823711e-05
2.360000000000000000e+04 1.187627613544464111e-01 1.461257343180477619e-04 9.267198765883222222e-05 3.669338999316096306e-03 1.168894674628973007e-02 1.517694272479275241e-07 1.152657205238938332e-07 2.363740713917650282e-05 1.365271806716918945e-01 1.605306315468624234e-04 9.843390580499544740e-05 4.115713760256767273e-03 1.168894674628973007e-02 1.517694272479275241e-07 1.152657205238938332e-07 2.363740713917650282e-05
2.380000000000000000e+04 1.184748783707618713e-01 1.525302068330347538e-04 9.019556455314159393e-05 3.857488511130213737e-03 1.159615535289049149e-02 1.499174686614423990e-07 1.411863195244222879e-07 2.423931255179923028e-05 1.361973136663436890e-01 1.684165326878428459e-04 9.581287304172292352e-05 4.326042719185352325e-03 1.159615535289049149e-02 1.499174686614423990e-07 1.411863195244222879e-07 2.423931255179923028e-05
2.400000000000000000e+04 1.181745752692222595e-01 1.571950706420466304e-04 9.067149221664294600e-05 4.050759598612785339e-03 1.151109952479600906e-02 1.570153926877537742e-07 1.426233211532235146e-07 2.508227407815866172e-05 1.358518153429031372e-01 1.741639862302690744e-04 9.742315887706354260e-05 4.542470443993806839e-03 1.151109952479600906e-02 1.570153926877537742e-07 1.426233211532235146e-07 2.508227407815866172e-05
2.420000000000000000e+04 1.178767234086990356e-01 1.599930110387504101e-04 9.239737119060009718e-05 4.243298433721065521e-03 1.143316272646188736e-02 1.517694272479275241e-07 1.499174686614423990e-07 2.609530747577082366e-05 1.355143338441848755e-01 1.777607831172645092e-04 1.000463234959170222e-04 4.757351242005825043e-03 1.143316272646188736e-02 1.517694272479275241e-07 1.499174686614423990e-07 2.609530747577082366e-05
2.440000000000000000e+04 1.175652295351028442e-01 1.607413869351148605e-04 9.528892405796796083e-05 4.449286963790655136e-03 1.135053485631942749e-02 1.477101250202395022e-07 1.499174686614423990e-07 2.693501483008731157e-05 1.351644843816757202e-01 1.789922680472955108e-04 1.039114067680202425e-04 4.987481050193309784e-03 1.135053485631942749e-02 1.477101250202395022e-07 1.499174686614423990e-07 2.693501483008731157e-05
2.460000000000000000e+04 1.172573938965797424e-01 1.596267684362828732e-04 9.973045962397009134e-05 4.654133692383766174e-03 1.127425860613584518e-02 1.426233211532235146e-07 1.604348653927445412e-07 2.789369500533211976e-05 1.348237246274948120e-01 1.781019964255392551e-04 1.095079351216554642e-04 5.215844139456748962e-03 1.127425860613584518e-02 1.426233211532235146e-07 1.604348653927445412e-07 2.789369500533211976e-05
2.480000000000000000e+04 1.169503033161163330e-01 1.566810096846893430e-04 1.046046309056691825e-04 4.865426104515790939e-03 1.119341887533664703e-02 1.447924660169519484e-07 1.760781742632389069e-07 2.864922680601011962e-05 1.344871968030929565e-01 1.751853706082329154e-04 1.155454447143711150e-04 5.451623816043138504e-03 1.119341887533664703e-02 1.447924660169519484e-07 1.760781742632389069e-07 2.864922680601011962e-05
2.500000000000000000e+04 1.165820807218551636e-01 1.569429005030542612e-04 2.164125035051256418e-04 5.092552863061428070e-03 1.114365644752979279e-02 3.054267381230602041e-07 5.561778380069881678e-07 3.061123061343096197e-05 1.340835839509963989e-01 1.741960149956867099e-04 2.424652921035885811e-04 5.704564042389392853e-03 1.114365644752979279e-02 3.054267381230602041e-07 5.561778380069881678e-07 3.061123061343096197e-05
2.520000000000000000e+04 1.163488700985908508e-01 1.452162250643596053e-04 1.464809756726026535e-04 5.320701282471418381e-03 1.099856011569499969e-02 8.825031017067885841e-08 1.426233211532235146e-07 2.895631405408494174e-05 1.338420808315277100e-01 1.636348606552928686e-04 1.613597560208290815e-04 5.958995781838893890e-03 1.099856011569499969e-02 8.825031017067885841e-08 1.426233211532235146e-07 2.895631405408494174e-05
2.540000000000000000e+04 1.160304024815559387e-01 1.348090881947427988e-04 1.304056204389780760e-04 5.549820605665445328e-03 1.092066057026386261e-02 1.026783138513565063e-07 1.285807229578495026e-07 2.991348810610361397e-05 1.335013508796691895e-01 1.520398946013301611e-04 1.452108117518946528e-04 6.213959306478500366e-03 1.092066057026386261e-02 1.026783138513565063e-07 1.285807229578495026e-07 2.991348810610361397e-05
2.560000000000000000e+04 1.156819388270378113e-01 1.248737971764057875e-04 1.522496750112622976e-04 5.780187435448169708e-03 1.086966879665851593e-02 1.887021880975225940e-07 3.339991963002830744e-07 3.164878216921351850e-05 1.331270933151245117e-01 1.400833716616034508e-04 1.709272328298538923e-04 6.469792220741510391e-03 1.086966879665851593e-02 1.887021880975225940e-07 3.339991963002830744e-07 3.164878216921351850e-05
2.580000000000000000e+04 1.153964549303054810e-01 1.133783007389865816e-04 1.465636014472693205e-04 6.006260868161916733e-03 1.078452821820974350e-02 1.724949925119290128e-07 2.954948286060243845e-07 3.191759969922713935e-05 1.328277736902236938e-01 1.277066621696576476e-04 1.646043529035523534e-04 6.720657460391521454e-03 1.078452821820974350e-02 1.724949925119290128e-07 2.954948286060243845e-07 3.191759969922713935e-05
2.600000000000000000e+04 1.151330545544624329e-01 1.015053858282044530e-04 1.374002458760514855e-04 6.227843929082155228e-03 1.069348212331533432e-02 1.404705471941269934e-07 2.497254172340035439e-07 3.202005609637126327e-05 1.325539350509643555e-01 1.151260366896167397e-04 1.544387632748112082e-04 6.966279819607734680e-03 1.069348212331533432e-02 1.404705471941269934e-07 2.497254172340035439e-07 3.202005609637126327e-05
2.620000000000000000e+04 1.148661822080612183e-01 9.104341006604954600e-05 1.405778602929785848e-04 6.441786419600248337e-03 1.061893254518508911e-02 1.394002993038157001e-07 2.554770617280155420e-07 3.261096935602836311e-05 1.322748512029647827e-01 1.037137408275157213e-04 1.580036478117108345e-04 7.203354034572839737e-03 1.061893254518508911e-02 1.394002993038157001e-07 2.554770617280155420e-07 3.261096935602836311e-05
2.640000000000000000e+04 1.146090701222419739e-01 8.116278331726789474e-05 1.445006782887503505e-04 6.648927927017211914e-03 1.054846402257680893e-02 1.376256477669812739e-07 2.671768015716224909e-07 3.303715129732154310e-05 1.320063620805740356e-01 9.283292456530034542e-05 1.622628478799015284e-04 7.432962767779827118e-03 1.054846402257680893e-02 1.376256477669812739e-07 2.671768015716224909e-07 3.303715129732154310e-05
2.660000000000000000e+04 1.143674701452255249e-01 7.222194108180701733e-05 1.473399606766179204e-04 6.845138501375913620e-03 1.048233173787593842e-02 1.379796685796463862e-07 2.691522240638732910e-07 3.347161327837966383e-05 1.317541897296905518e-01 8.297024032799527049e-05 1.650888880249112844e-04 7.650583982467651367e-03 1.048233173787593842e-02 1.379796685796463862e-07 2.691522240638732910e-07 3.347161327837966383e-05
2.680000000000000000e+04 1.141784191131591797e-01 6.671151641057804227e-05 1.873553992481902242e-04 7.034491281956434250e-03 1.039434783160686493e-02 5.326364771462976933e-08 6.338814273476600647e-08 3.072213075938634574e-05 1.315641552209854126e-01 7.761576853226870298e-05 2.079679834423586726e-04 7.860886864364147186e-03 1.039434783160686493e-02 5.326364771462976933e-08 6.338814273476600647e-08 3.072213075938634574e-05
2.700000000000000000e+04 1.139210015535354614e-01 5.752545257564634085e-05 1.490033901063725352e-04 7.209775969386100769e-03 1.036065910011529922e-02 1.506568878539837897e-07 3.795466909650713205e-07 3.585759623092599213e-05 1.312874853610992432e-01 6.680053047602996230e-05 1.659070549067109823e-04 8.055820129811763763e-03 1.036065910011529922e-02 1.506568878539837897e-07 3.795466909650713205e-07 3.585759623092599213e-05
2.720000000000000000e+04 1.136651560664176941e-01 5.711866106139495969e-05 2.440183743601664901e-04 7.377207744866609573e-03 1.033686753362417221e-02 2.310262061655521393e-07 5.308684194460511208e-07 3.756204387173056602e-05 1.310120075941085815e-01 6.514614506158977747e-05 2.685774234123528004e-04 8.242504671216011047e-03 1.033686753362417221e-02 2.310262061655521393e-07 5.308684194460511208e-07 3.756204387173056602e-05
2.740000000000000000e+04 1.135029867291450500e-01 4.649182301363907754e-05 1.547608844703063369e-04 7.541866507381200790e-03 1.026224531233310699e-02 1.195132881548488513e-07 2.872584445867687464e-07 3.484266198938712478e-05 1.308473050594329834e-01 5.472813427331857383e-05 1.711206714389845729e-04 8.426357060670852661e-03 1.026224531233310699e-02 1.195132881548488513e-07 2.872584445867687464e-07 3.484266198938712478e-05
2.760000000000000000e+04 1.133363023400306702e-01 4.281416840967722237e-05 1.586996368132531643e-04 7.692055776715278625e-03 1.020079758018255234e-02 1.029841243394002959e-07 2.165907062590122223e-07 3.329528044559992850e-05 1.306732296943664551e-01 5.071184932603500783e-05 1.748961949488148093e-04 8.594737388193607330e-03 1.020079758018255234e-02 1.029841243394002959e-07 2.165907062590122223e-07 3.329528044559992850e-05
2.780000000000000000e+04 1.130424588918685913e-01 5.155325561645440757e-05 4.035057500004768372e-04 7.846106775104999542e-03 1.021804567426443100e-02 2.944589141407050192e-07 9.425311873201280832e-07 3.817237302428111434e-05 1.303529292345046997e-01 5.840022640768438578e-05 4.403746861498802900e-04 8.767008781433105469e-03 1.021804567426443100e-02 2.944589141407050192e-07 9.425311873201280832e-07 3.817237302428111434e-05
2.800000000000000000e+04 1.129267215728759766e-01 3.502563777146860957e-05 1.795259013306349516e-04 7.988118566572666168e-03 1.013732515275478363e-02 1.238377080881036818e-07 4.405737854540348053e-07 3.610357089200988412e-05 1.302420645952224731e-01 4.145253842580132186e-05 1.973163161892443895e-04 8.925694972276687622e-03 1.013732515275478363e-02 1.238377080881036818e-07 4.405737854540348053e-07 3.610357089200988412e-05
2.820000000000000000e+04 1.127902120351791382e-01 3.131328776362352073e-05 1.720594154903665185e-04 8.116647601127624512e-03 1.008139830082654953e-02 1.309856543230125681e-07 3.632740117609500885e-07 3.565230508684180677e-05 1.301036626100540161e-01 3.744765126612037420e-05 1.895943278213962913e-04 9.069886058568954468e-03 1.008139830082654953e-02 1.309856543230125681e-07 3.632740117609500885e-07 3.565230508684180677e-05
2.840000000000000000e+04 1.126463636755943298e-01 2.897891681641340256e-05 1.745711342664435506e-04 8.233211003243923187e-03 1.004502084106206894e-02 1.285807229578495026e-07 3.913883119821548462e-07 3.576627932488918304e-05 1.299535334110260010e-01 3.469952935120090842e-05 1.924846001202240586e-04 9.200484491884708405e-03 1.004502084106206894e-02 1.285807229578495026e-07 3.913883119821548462e-07 3.576627932488918304e-05
2.860000000000000000e+04 1.125204041600227356e-01 2.715646769502200186e-05 1.751724776113405824e-04 8.339593186974525452e-03 1.000639609992504120e-02 1.365663138130912557e-07 4.058383638039231300e-07 3.556694355211220682e-05 1.298225075006484985e-01 3.254092007409781218e-05 1.931104197865352035e-04 9.320032782852649689e-03 1.000639609992504120e-02 1.365663138130912557e-07 4.058383638039231300e-07 3.556694355211220682e-05
2.880000000000000000e+04 1.123869270086288452e-01 2.601332198537420481e-05 1.801707112463191152e-04 8.437063544988632202e-03 9.984537027776241302e-03 1.484440872445702553e-07 4.431094566825777292e-07 3.541354089975357056e-05 1.296803653240203857e-01 3.112133708782494068e-05 1.981547829927876592e-04 9.429498575627803802e-03 9.984537027776241302e-03 1.484440872445702553e-07 4.431094566825777292e-07 3.541354089975357056e-05
2.900000000000000000e+04 1.122911646962165833e-01 2.567650881246663630e-05 1.849382533691823483e-04 8.522461168467998505e-03 9.944363497197628021e-03 1.255214101547608152e-07 3.913883119821548462e-07 3.461224332568235695e-05 1.295804679393768311e-01 3.057398498640395701e-05 2.023503038799390197e-04 9.526466950774192810e-03 9.944363497197628021e-03 1.255214101547608152e-07 3.913883119821548462e-07 3.461224332568235695e-05
2.920000000000000000e+04 1.121933087706565857e-01 2.475619658071082085e-05 1.765087654348462820e-04 8.605501614511013031e-03 9.910536929965019226e-03 1.330647592112654820e-07 4.482026270125061274e-07 3.576057861209847033e-05 1.294785290956497192e-01 2.957472315756604075e-05 1.942726230481639504e-04 9.620509110391139984e-03 9.910536929965019226e-03 1.330647592112654820e-07 4.482026270125061274e-07 3.576057861209847033e-05
2.940000000000000000e+04 1.120940148830413818e-01 2.500701702956575900e-05 1.828706008382141590e-04 8.677507750689983368e-03 9.888024069368839264e-03 1.447924660169519484e-07 5.143228918313980103e-07 3.624123201007023454e-05 1.293722391128540039e-01 2.976757059514056891e-05 2.003845875151455402e-04 9.702464565634727478e-03 9.888024069368839264e-03 1.447924660169519484e-07 5.143228918313980103e-07 3.624123201007023454e-05
2.960000000000000000e+04 1.119884476065635681e-01 2.647626024554483593e-05 2.048086753347888589e-04 8.746003732085227966e-03 9.874941781163215637e-03 1.666048774495720863e-07 6.175250746309757233e-07 3.680026929941959679e-05 1.292575597763061523e-01 3.130554250674322248e-05 2.226955257356166840e-04 9.780745021998882294e-03 9.874941781163215637e-03 1.666048774495720863e-07 6.175250746309757233e-07 3.680026929941959679e-05
2.980000000000000000e+04 1.119075343012809753e-01 2.683071397768799216e-05 2.029926254181191325e-04 8.808719925582408905e-03 9.850294329226016998e-03 1.654391326155746356e-07 6.295740604400634766e-07 3.686972195282578468e-05 1.291717141866683960e-01 3.169639967381954193e-05 2.206075150752440095e-04 9.852782823145389557e-03 9.850294329226016998e-03 1.654391326155746356e-07 6.295740604400634766e-07 3.686972195282578468e-05
3.000000000000000000e+04 1.118606999516487122e-01 2.570617107267025858e-05 1.727259368635714054e-04 8.866583928465843201e-03 9.808739647269248962e-03 1.282389803236583248e-07 4.558969521895051003e-07 3.575487426132895052e-05 1.291266977787017822e-01 3.040808405785355717e-05 1.901819196064025164e-04 9.919519536197185516e-03 9.808739647269248962e-03 1.282389803236583248e-07 4.558969521895051003e-07 3.575487426132895052e-05
3.020000000000000000e+04 1.118938848376274109e-01 3.647835183073766530e-05 3.456095291767269373e-04 8.909534662961959839e-03 9.728102944791316986e-03 2.101296558976173401e-08 3.934837877750396729e-08 3.224169267923571169e-05 1.291742771863937378e-01 4.135311610298231244e-05 3.842088917735964060e-04 9.970035403966903687e-03 9.728102944791316986e-03 2.101296558976173401e-08 3.934837877750396729e-08 3.224169267923571169e-05
3.040000000000000000e+04 1.117203459143638611e-01 2.686741572688333690e-05 1.703380985418334603e-04 8.963688276708126068e-03 9.775543585419654846e-03 1.255214101547608152e-07 4.899957275483757257e-07 3.610930434660986066e-05 1.289764195680618286e-01 3.161493077641353011e-05 1.866151724243536592e-04 1.003219094127416611e-02 9.775543585419654846e-03 1.255214101547608152e-07 4.899957275483757257e-07 3.610930434660986066e-05
3.060000000000000000e+04 1.116613075137138367e-01 2.746248901530634612e-05 1.683566661085933447e-04 9.006257168948650360e-03 9.757308289408683777e-03 1.285807229578495026e-07 5.034380592405796051e-07 3.603484583436511457e-05 1.289138495922088623e-01 3.222755913157016039e-05 1.840998302213847637e-04 1.008193474262952805e-02 9.757308289408683777e-03 1.285807229578495026e-07 5.034380592405796051e-07 3.603484583436511457e-05
3.080000000000000000e+04 1.115963011980056763e-01 2.811874401231762022e-05 1.691894867690280080e-04 9.048456326127052307e-03 9.743465110659599304e-03 1.323699052591109648e-07 5.280926416162401438e-07 3.618957634898833930e-05 1.288438737392425537e-01 3.293272311566397548e-05 1.845469087129458785e-04 1.013127062469720840e-02 9.743465110659599304e-03 1.323699052591109648e-07 5.280926416162401438e-07 3.618957634898833930e-05
3.100000000000000000e+04 1.114846915006637573e-01 3.760144682019017637e-05 3.281392855569720268e-04 9.087284095585346222e-03 9.761475957930088043e-03 2.170347670471528545e-07 1.018055627355352044e-06 3.829030174529179931e-05 1.287172734737396240e-01 4.368547888589091599e-05 3.515170537866652012e-04 1.017678156495094299e-02 9.761475957930088043e-03 2.170347670471528545e-07 1.018055627355352044e-06 3.829030174529179931e-05
3.120000000000000000e+04 1.114689856767654419e-01 2.944801781268324703e-05 1.725807815091684461e-04 9.124855510890483856e-03 9.724034927785396576e-03 1.362141119898296893e-07 6.115442374721169472e-07 3.703204129124060273e-05 1.287064999341964722e-01 3.437077975831925869e-05 1.867426617536693811e-04 1.022083964198827744e-02 9.724034927785396576e-03 1.362141119898296893e-07 6.115442374721169472e-07 3.703204129124060273e-05
3.140000000000000000e+04 1.114460900425910950e-01 2.960518031613901258e-05 1.648874022066593170e-04 9.158586151897907257e-03 9.691476821899414062e-03 1.082526068785227835e-07 4.305038601160049438e-07 3.585759623092599213e-05 1.286858618259429932e-01 3.415032188058830798e-05 1.806202490115538239e-04 1.026071980595588684e-02 9.691476821899414062e-03 1.082526068785227835e-07 4.305038601160049438e-07 3.585759623092599213e-05
3.160000000000000000e+04 1.114063113927841187e-01 3.091017060796730220e-05 1.806480431696400046e-04 9.193559177219867706e-03 9.669332765042781830e-03 9.110612353424585308e-08 3.362074494361877441e-07 3.540219040587544441e-05 1.286452263593673706e-01 3.524357089190743864e-05 1.990216260310262442e-04 1.030186749994754791e-02 9.669332765042781830e-03 9.110612353424585308e-08 3.362074494361877441e-07 3.540219040587544441e-05
3.180000000000000000e+04 1.113556697964668274e-01 3.093150371569208801e-05 1.743491011438891292e-04 9.225180372595787048e-03 9.657450020313262939e-03 9.255109034711495042e-08 3.428758645895868540e-07 3.554419163265265524e-05 1.285908371210098267e-01 3.522015686030499637e-05 1.915213797474280000e-04 1.033923588693141937e-02 9.657450020313262939e-03 9.255109034711495042e-08 3.428758645895868540e-07 3.554419163265265524e-05
3.200000000000000000e+04 1.113057583570480347e-01 3.123664282611571252e-05 1.744267647154629230e-04 9.256099350750446320e-03 9.646603837609291077e-03 9.488667274126783013e-08 3.678869688883423805e-07 3.573776484699919820e-05 1.285370290279388428e-01 3.542425474734045565e-05 1.915366883622482419e-04 1.037573534995317459e-02 9.646603837609291077e-03 9.488667274126783013e-08 3.678869688883423805e-07 3.573776484699919820e-05
3.220000000000000000e+04 1.112531721591949463e-01 3.129150718450546265e-05 1.723594905342906713e-04 9.288123808801174164e-03 9.636959992349147797e-03 9.636118392108983244e-08 3.725290298461914062e-07 3.590900814742781222e-05 1.284798979759216309e-01 3.538435339578427374e-05 1.890410494524985552e-04 1.041334401816129684e-02 9.636959992349147797e-03 9.636118392108983244e-08 3.725290298461914062e-07 3.590900814742781222e-05
3.240000000000000000e+04 1.111730188131332397e-01 3.038780778297223151e-05 1.561369572300463915e-04 9.321602992713451385e-03 9.644309058785438538e-03 1.265370883629657328e-07 5.253241397440433502e-07 3.707268115249462426e-05 1.283894777297973633e-01 3.478763028397224844e-05 1.684270246187224984e-04 1.045236550271511078e-02 9.644309058785438538e-03 1.265370883629657328e-07 5.253241397440433502e-07 3.707268115249462426e-05
3.260000000000000000e+04 1.111147254705429077e-01 3.095310967182740569e-05 1.642111747059971094e-04 9.352478198707103729e-03 9.639346972107887268e-03 1.433445504517294466e-07 6.175250746309757233e-07 3.763806307688355446e-05 1.283256858587265015e-01 3.554493741830810905e-05 1.759763399604707956e-04 1.048866007477045059e-02 9.639346972107887268e-03 1.433445504517294466e-07 6.175250746309757233e-07 3.763806307688355446e-05
3.280000000000000000e+04 1.110810339450836182e-01 3.033808570762630552e-05 1.515954645583406091e-04 9.380949661135673523e-03 9.622289799153804779e-03 1.296086793445283547e-07 5.420442903414368629e-07 3.729365562321618199e-05 1.282915920019149780e-01 3.454936813795939088e-05 1.632533094380050898e-04 1.052222121506929398e-02 9.622289799153804779e-03 1.296086793445283547e-07 5.420442903414368629e-07 3.729365562321618199e-05
3.300000000000000000e+04 1.110347434878349304e-01 3.019157338712830096e-05 1.504023821325972676e-04 9.410360828042030334e-03 9.612587280571460724e-03 1.241735390067333356e-07 5.420442903414368629e-07 3.745691356016322970e-05 1.282418668270111084e-01 3.426979674259200692e-05 1.619153044885024428e-04 1.055661682039499283e-02 9.612587280571460724e-03 1.241735390067333356e-07 5.420442903414368629e-07 3.745691356016322970e-05
3.320000000000000000e+04 1.109964922070503235e-01 2.999107346113305539e-05 1.467840338591486216e-04 9.436888620257377625e-03 9.600223973393440247e-03 1.358623649139190093e-07 5.647452780976891518e-07 3.759127139346674085e-05 1.282017827033996582e-01 3.390886195120401680e-05 1.580001262482255697e-04 1.058787573128938675e-02 9.600223973393440247e-03 1.358623649139190093e-07 5.647452780976891518e-07 3.759127139346674085e-05
3.340000000000000000e+04 1.109425276517868042e-01 2.975308052555192262e-05 1.449164119549095631e-04 9.464620612561702728e-03 9.602515026926994324e-03 1.272164809051901102e-07 4.980392986908555031e-07 3.739856401807628572e-05 1.281442642211914062e-01 3.338912210892885923e-05 1.562483957968652248e-04 1.062014140188694000e-02 9.602515026926994324e-03 1.272164809051901102e-07 4.980392986908555031e-07 3.739856401807628572e-05
3.360000000000000000e+04 1.109071522951126099e-01 2.961931932077277452e-05 1.435342273907735944e-04 9.491005912423133850e-03 9.585491381585597992e-03 1.258595148101449013e-07 5.533365765586495399e-07 3.781379200518131256e-05 1.281056851148605347e-01 3.327953527332283556e-05 1.540993980597704649e-04 1.065126433968544006e-02 9.585491381585597992e-03 1.258595148101449013e-07 5.533365765586495399e-07 3.781379200518131256e-05
3.380000000000000000e+04 1.108454838395118713e-01 3.070278762606903911e-05 1.649729529162868857e-04 9.517614729702472687e-03 9.588688611984252930e-03 1.558837539050728083e-07 7.236521923914551735e-07 3.900172669091261923e-05 1.280374079942703247e-01 3.476109486655332148e-05 1.755069388309493661e-04 1.068260893225669861e-02 9.588688611984252930e-03 1.558837539050728083e-07 7.236521923914551735e-07 3.900172669091261923e-05
3.400000000000000000e+04 1.108349561691284180e-01 2.925761145888827741e-05 1.385575742460787296e-04 9.541797451674938202e-03 9.562768042087554932e-03 1.142964194400519773e-07 4.953508323524147272e-07 3.746858783415518701e-05 1.280309557914733887e-01 3.241474041715264320e-05 1.492737210355699062e-04 1.071118470281362534e-02 9.562768042087554932e-03 1.142964194400519773e-07 4.953508323524147272e-07 3.746858783415518701e-05
3.420000000000000000e+04 1.107857674360275269e-01 2.892867269110865891e-05 1.365287607768550515e-04 9.569237008690834045e-03 9.558059275150299072e-03 1.221653747052187100e-07 5.505025910679250956e-07 3.798405305133201182e-05 1.279784739017486572e-01 3.210323484381660819e-05 1.462780201109126210e-04 1.074321661144495010e-02 9.558059275150299072e-03 1.221653747052187100e-07 5.505025910679250956e-07 3.798405305133201182e-05
3.440000000000000000e+04 1.107475832104682922e-01 2.871676224458497018e-05 1.352272374788299203e-04 9.591957554221153259e-03 9.551673196256160736e-03 1.224989318870939314e-07 5.505025910679250956e-07 3.824900340987369418e-05 1.279371678829193115e-01 3.180732892360538244e-05 1.445084344595670700e-04 1.077006105333566666e-02 9.551673196256160736e-03 1.224989318870939314e-07 5.505025910679250956e-07 3.824900340987369418e-05
3.460000000000000000e+04 1.107037141919136047e-01 2.867417970264796168e-05 1.362033362966030836e-04 9.616429917514324188e-03 9.547970257699489594e-03 1.248465650860453025e-07 5.967194738332182169e-07 3.860963261104188859e-05 1.278899163007736206e-01 3.173176446580328047e-05 1.451587158953770995e-04 1.079870853573083878e-02 9.547970257699489594e-03 1.248465650860453025e-07 5.967194738332182169e-07 3.860963261104188859e-05
3.480000000000000000e+04 1.106712818145751953e-01 2.836681778717320412e-05 1.305849291384220123e-04 9.641041047871112823e-03 9.536439552903175354e-03 1.146190697909332812e-07 5.115907697472721338e-07 3.915076376870274544e-05 1.278571188449859619e-01 3.109346653218381107e-05 1.399233733536675572e-04 1.082769874483346939e-02 9.536439552903175354e-03 1.146190697909332812e-07 5.115907697472721338e-07 3.915076376870274544e-05
3.500000000000000000e+04 1.106338798999786377e-01 2.823539944074582309e-05 1.297346461797133088e-04 9.666960686445236206e-03 9.526384994387626648e-03 1.348098521702922881e-07 5.647452780976891518e-07 3.852671579807065427e-05 1.278184354305267334e-01 3.089121673838235438e-05 1.389796962030231953e-04 1.085822097957134247e-02 9.526384994387626648e-03 1.348098521702922881e-07 5.647452780976891518e-07 3.852671579807065427e-05
3.520000000000000000e+04 1.105665341019630432e-01 3.029855361091904342e-05 1.690202916506677866e-04 9.692100808024406433e-03 9.538209997117519379e-03 1.619664544705301523e-07 7.968046702444553375e-07 3.996651139459572732e-05 1.277435868978500366e-01 3.364231451996602118e-05 1.797268923837691545e-04 1.088771782815456390e-02 9.538209997117519379e-03 1.619664544705301523e-07 7.968046702444553375e-07 3.996651139459572732e-05
3.540000000000000000e+04 1.105599254369735718e-01 2.811072045005857944e-05 1.266476610908284783e-04 9.714703075587749481e-03 9.511103853583335876e-03 1.268765572604024783e-07 5.791698640678077936e-07 3.882919918396510184e-05 1.277423799037933350e-01 3.060089511564001441e-05 1.352968683931976557e-04 1.091459393501281738e-02 9.511103853583335876e-03 1.268765572604024783e-07 5.791698640678077936e-07 3.882919918396510184e-05
3.560000000000000000e+04 1.105245351791381836e-01 2.806676275213249028e-05 1.253803784493356943e-04 9.738031774759292603e-03 9.503663517534732819e-03 1.214996245835209265e-07 5.676156433764845133e-07 3.891839151037856936e-05 1.277059912681579590e-01 3.046462006750516593e-05 1.341614115517586470e-04 1.094208471477031708e-02 9.503663517534732819e-03 1.214996245835209265e-07 5.676156433764845133e-07 3.891839151037856936e-05
3.580000000000000000e+04 1.104974076151847839e-01 2.803477036650292575e-05 1.224340521730482578e-04 9.760395623743534088e-03 9.491696953773498535e-03 1.261980742128798738e-07 5.618821887765079737e-07 3.839068813249468803e-05 1.276796907186508179e-01 3.024101715709548444e-05 1.311514643020927906e-04 1.096839923411607742e-02 9.491696953773498535e-03 1.261980742128798738e-07 5.618821887765079737e-07 3.839068813249468803e-05
3.600000000000000000e+04 1.104227751493453979e-01 4.330953015596605837e-05 4.183027776889503002e-04 9.775647893548011780e-03 9.511636570096015930e-03 2.255583240184932947e-07 1.485463030803657603e-06 3.903746619471348822e-05 1.275930106639862061e-01 4.830367834074422717e-05 4.435576556716114283e-04 1.098731998354196548e-02 9.511636570096015930e-03 2.255583240184932947e-07 1.485463030803657603e-06 3.903746619471348822e-05
3.620000000000000000e+04 1.104598492383956909e-01 2.969653178297448903e-05 1.449692790629342198e-04 9.796814993023872375e-03 9.463611058890819550e-03 9.139421308645978570e-08 3.564091457519680262e-07 3.877573544741608202e-05 1.276446133852005005e-01 3.131414268864318728e-05 1.575408386997878551e-04 1.101260166615247726e-02 9.463611058890819550e-03 9.139421308645978570e-08 3.564091457519680262e-07 3.877573544741608202e-05
3.640000000000000000e+04 1.103977113962173462e-01 2.837219290086068213e-05 1.202561761601828039e-04 9.820812381803989410e-03 9.472868405282497406e-03 1.292655724682845175e-07 5.908405000809580088e-07 3.932400068151764572e-05 1.275768429040908813e-01 3.055297929677180946e-05 1.285997277591377497e-04 1.104062329977750778e-02 9.472868405282497406e-03 1.292655724682845175e-07 5.908405000809580088e-07 3.932400068151764572e-05
3.660000000000000000e+04 1.103721484541893005e-01 2.849026714102365077e-05 1.191175906569696963e-04 9.838631376624107361e-03 9.463913738727569580e-03 1.289229203393915668e-07 5.849906301591545343e-07 3.918060247087851167e-05 1.275506019592285156e-01 3.062352698179893196e-05 1.275594840990379453e-04 1.106217410415410995e-02 9.463913738727569580e-03 1.289229203393915668e-07 5.849906301591545343e-07 3.918060247087851167e-05
3.680000000000000000e+04 1.103624626994132996e-01 2.888861672545317560e-05 1.205480803037062287e-04 9.853938594460487366e-03 9.447707794606685638e-03 1.095113475457765162e-07 4.953508323524147272e-07 3.832572110695764422e-05 1.275457590818405151e-01 3.069947342737577856e-05 1.298533170484006405e-04 1.108074188232421875e-02 9.447707794606685638e-03 1.095113475457765162e-07 4.953508323524147272e-07 3.832572110695764422e-05
3.700000000000000000e+04 1.102874055504798889e-01 3.207668851246125996e-05 1.800433237804099917e-04 9.872040711343288422e-03 9.470640681684017181e-03 1.631199211260536686e-07 9.241048246622085571e-07 4.083940439159050584e-05 1.274580061435699463e-01 3.508518784656189382e-05 1.920037320815026760e-04 1.110261678695678711e-02 9.470640681684017181e-03 1.631199211260536686e-07 9.241048246622085571e-07 4.083940439159050584e-05
3.720000000000000000e+04 1.102845817804336548e-01 3.032155836990568787e-05 1.404141512466594577e-04 9.885451756417751312e-03 9.449305944144725800e-03 1.451555817766347900e-07 8.036295184865593910e-07 4.028063267469406128e-05 1.274600028991699219e-01 3.290339009254239500e-05 1.495033793617039919e-04 1.111916080117225647e-02 9.449305944144725800e-03 1.451555817766347900e-07 8.036295184865593910e-07 4.028063267469406128e-05
3.740000000000000000e+04 1.102575138211250305e-01 3.022257624252233654e-05 1.345411728834733367e-04 9.899728931486606598e-03 9.446850977838039398e-03 1.510272795712808147e-07 7.731468940619379282e-07 3.975577055825851858e-05 1.274315416812896729e-01 3.272573303547687829e-05 1.434992154827341437e-04 1.113658584654331207e-02 9.446850977838039398e-03 1.510272795712808147e-07 7.731468940619379282e-07 3.975577055825851858e-05
3.760000000000000000e+04 1.102232262492179871e-01 3.153094803565181792e-05 1.570269814692437649e-04 9.913326241075992584e-03 9.448054246604442596e-03 1.646642431296641007e-07 8.699171303305774927e-07 4.024432200822047889e-05 1.273947954177856445e-01 3.426867988309822977e-05 1.679738925304263830e-04 1.115323510020971298e-02 9.448054246604442596e-03 1.646642431296641007e-07 8.699171303305774927e-07 4.024432200822047889e-05
3.780000000000000000e+04 1.102709919214248657e-01 3.184709566994570196e-05 1.542203681310638785e-04 9.921680204570293427e-03 9.398018941283226013e-03 8.683946361998096108e-08 3.842615114990621805e-07 3.702043250086717308e-05 1.274563670158386230e-01 3.340017065056599677e-05 1.676676765782758594e-04 1.116414647549390793e-02 9.398018941283226013e-03 8.683946361998096108e-08 3.842615114990621805e-07 3.702043250086717308e-05
3.800000000000000000e+04 1.101752296090126038e-01 3.377963730599731207e-05 1.934494357556104660e-04 9.937145747244358063e-03 9.438485838472843170e-03 1.833550413721241057e-07 1.021908246912062168e-06 3.983397982665337622e-05 1.273437440395355225e-01 3.680333611555397511e-05 2.071069611702114344e-04 1.118264999240636826e-02 9.438485838472843170e-03 1.833550413721241057e-07 1.021908246912062168e-06 3.983397982665337622e-05
3.820000000000000000e+04 1.102114245295524597e-01 3.087912409682758152e-05 1.296614500461146235e-04 9.944563731551170349e-03 9.399451315402984619e-03 9.695417446664578165e-08 4.380453901831060648e-07 3.858593845507130027e-05 1.273927837610244751e-01 3.256821946706622839e-05 1.403596834279596806e-04 1.119221188127994537e-02 9.399451315402984619e-03 9.695417446664578165e-08 4.380453901831060648e-07 3.858593845507130027e-05
3.840000000000000000e+04 1.101963520050048828e-01 3.048718826903495938e-05 1.183355489047244191e-04 9.953781031072139740e-03 9.389490820467472076e-03 1.051375875249505043e-07 4.767352947965264320e-07 3.880542863043956459e-05 1.273771673440933228e-01 3.225325781386345625e-05 1.278237468795850873e-04 1.120367553085088730e-02 9.389490820467472076e-03 1.051375875249505043e-07 4.767352947965264320e-07 3.880542863043956459e-05
3.860000000000000000e+04 1.101563945412635803e-01 3.026597914868034422e-05 1.110700250137597322e-04 9.964230470359325409e-03 9.399822913110256195e-03 1.191838236991316080e-07 5.533365765586495399e-07 3.932998515665531158e-05 1.273320615291595459e-01 3.221145016141235828e-05 1.197332312585785985e-04 1.121642347425222397e-02 9.399822913110256195e-03 1.191838236991316080e-07 5.533365765586495399e-07 3.932998515665531158e-05
3.880000000000000000e+04 1.101146563887596130e-01 3.134463622700423002e-05 1.316521374974399805e-04 9.974501095712184906e-03 9.408676996827125549e-03 1.484440872445702553e-07 7.465459930244833231e-07 4.028063267469406128e-05 1.272835284471511841e-01 3.372416904312558472e-05 1.415426231687888503e-04 1.122885569930076599e-02 9.408676996827125549e-03 1.484440872445702553e-07 7.465459930244833231e-07 4.028063267469406128e-05
3.900000000000000000e+04 1.101457253098487854e-01 3.133722930215299129e-05 1.215713564306497574e-04 9.977679699659347534e-03 9.375819005072116852e-03 1.048285795945957943e-07 4.507601261138916016e-07 3.746858783415518701e-05 1.273243278264999390e-01 3.312694752821698785e-05 1.318355061812326312e-04 1.123364828526973724e-02 9.375819005072116852e-03 1.048285795945957943e-07 4.507601261138916016e-07 3.746858783415518701e-05
3.920000000000000000e+04 1.101029664278030396e-01 3.074812047998420894e-05 1.100042500183917582e-04 9.987028315663337708e-03 9.386742487549781799e-03 1.265370883629657328e-07 6.145310180727392435e-07 3.930008824681863189e-05 1.272751837968826294e-01 3.278310759924352169e-05 1.188514361274428666e-04 1.124500762671232224e-02 9.386742487549781799e-03 1.265370883629657328e-07 6.145310180727392435e-07 3.930008824681863189e-05
3.940000000000000000e+04 1.100894436240196228e-01 3.088434095843695104e-05 1.093838654924184084e-04 9.991509839892387390e-03 9.383579716086387634e-03 1.275568592973286286e-07 6.115442374721169472e-07 3.931204992113634944e-05 1.272609382867813110e-01 3.291542816441506147e-05 1.181829429697245359e-04 1.125102769583463669e-02 9.383579716086387634e-03 1.275568592973286286e-07 6.115442374721169472e-07 3.931204992113634944e-05
3.960000000000000000e+04 1.100754663348197937e-01 3.104248025920242071e-05 1.086098054656758904e-04 9.996304288506507874e-03 9.380137547850608826e-03 1.258595148101449013e-07 6.175250746309757233e-07 3.935990025638602674e-05 1.272467374801635742e-01 3.306068174424581230e-05 1.175186043838039041e-04 1.125725731253623962e-02 9.380137547850608826e-03 1.258595148101449013e-07 6.175250746309757233e-07 3.935990025638602674e-05
3.980000000000000000e+04 1.100594773888587952e-01 3.130425466224551201e-05 1.100680892704986036e-04 1.000057440251111984e-02 9.378037415444850922e-03 1.285807229578495026e-07 6.820810085628181696e-07 3.952160477638244629e-05 1.272294670343399048e-01 3.338454916956834495e-05 1.189785107271745801e-04 1.126305852085351944e-02 9.378037415444850922e-03 1.285807229578495026e-07 6.820810085628181696e-07 3.952160477638244629e-05
4.000000000000000000e+04 1.100667715072631836e-01 3.173755249008536339e-05 1.123560068663209677e-04 1.000113133341073990e-02 9.362874552607536316e-03 1.104601707879737660e-07 4.767352947965264320e-07 4.004492438980378211e-05 1.272407174110412598e-01 3.364149233675561845e-05 1.220891135744750500e-04 1.126481499522924423e-02 9.362874552607536316e-03 1.104601707879737660e-07 4.767352947965264320e-07 4.004492438980378211e-05
4.020000000000000000e+04 1.100800409913063049e-01 3.468562863417901099e-05 1.650481572141870856e-04 1.000439468771219254e-02 9.342628531157970428e-03 8.768460446617609705e-08 3.678869688883423805e-07 3.750945688807405531e-05 1.272597461938858032e-01 3.641318107838742435e-05 1.798608718672767282e-04 1.126944273710250854e-02 9.342628531157970428e-03 8.768460446617609705e-08 3.678869688883423805e-07 3.750945688807405531e-05
4.040000000000000000e+04 1.100528091192245483e-01 3.268389264121651649e-05 1.252419315278530121e-04 1.000647619366645813e-02 9.349728003144264221e-03 1.026783138513565063e-07 4.230278136674314737e-07 3.896004636771976948e-05 1.272281110286712646e-01 3.446320624789223075e-05 1.361869508400559425e-04 1.127258781343698502e-02 9.349728003144264221e-03 1.026783138513565063e-07 4.230278136674314737e-07 3.896004636771976948e-05
4.060000000000000000e+04 1.100045070052146912e-01 3.227899287594482303e-05 1.148524097516201437e-04 1.000956539064645767e-02 9.371803142130374908e-03 1.358623649139190093e-07 7.075177563820034266e-07 3.991226549260318279e-05 1.271710097789764404e-01 3.442944580456241965e-05 1.247607870027422905e-04 1.127690076828002930e-02 9.371803142130374908e-03 1.358623649139190093e-07 7.075177563820034266e-07 3.991226549260318279e-05
4.080000000000000000e+04 1.100090965628623962e-01 3.192596341250464320e-05 1.047781188390217721e-04 1.000950112938880920e-02 9.359643794596195221e-03 1.306407284573651850e-07 6.571099220309406519e-07 3.914479748345911503e-05 1.271788477897644043e-01 3.389471385162323713e-05 1.138130464823916554e-04 1.127769704908132553e-02 9.359643794596195221e-03 1.306407284573651850e-07 6.571099220309406519e-07 3.914479748345911503e-05
4.100000000000000000e+04 1.100260466337203979e-01 3.323399141663685441e-05 1.237873075297102332e-04 1.000622287392616272e-02 9.341799654066562653e-03 9.904397302307188511e-08 4.355242708697915077e-07 3.869857027893885970e-05 1.272012740373611450e-01 3.503530024318024516e-05 1.346774515695869923e-04 1.127499807626008987e-02 9.341799654066562653e-03 9.904397302307188511e-08 4.355242708697915077e-07 3.869857027893885970e-05
4.120000000000000000e+04 1.100360378623008728e-01 3.560668483260087669e-05 1.654054358368739486e-04 1.000484731048345566e-02 9.328231215476989746e-03 7.888070285844150931e-08 3.362074494361877441e-07 3.721216489793732762e-05 1.272157132625579834e-01 3.737302176887169480e-05 1.807093940442427993e-04 1.127430237829685211e-02 9.328231215476989746e-03 7.888070285844150931e-08 3.362074494361877441e-07 3.721216489793732762e-05
4.140000000000000000e+04 1.100112870335578918e-01 3.368424586369656026e-05 1.261106372112408280e-04 1.000446174293756485e-02 9.336961433291435242e-03 9.695417446664578165e-08 4.305038601160049438e-07 3.772001946344971657e-05 1.271869242191314697e-01 3.545742583810351789e-05 1.372244587400928140e-04 1.127463113516569138e-02 9.336961433291435242e-03 9.695417446664578165e-08 4.305038601160049438e-07 3.772001946344971657e-05
4.160000000000000000e+04 1.099756881594657898e-01 3.239776924601756036e-05 1.020414347294718027e-04 1.000522263348102570e-02 9.350972250103950500e-03 1.265370883629657328e-07 6.205264071468263865e-07 3.915076376870274544e-05 1.271444857120513916e-01 3.432703670114278793e-05 1.109073928091675043e-04 1.127620413899421692e-02 9.350972250103950500e-03 1.265370883629657328e-07 6.205264071468263865e-07 3.915076376870274544e-05
4.180000000000000000e+04 1.099683344364166260e-01 3.246022606617771089e-05 1.012306674965657294e-04 1.000315416604280472e-02 9.349542669951915741e-03 1.245098246727138758e-07 6.265509000513702631e-07 3.923434996977448463e-05 1.271380335092544556e-01 3.436289262026548386e-05 1.100281515391543508e-04 1.127459481358528137e-02 9.349542669951915741e-03 1.245098246727138758e-07 6.265509000513702631e-07 3.923434996977448463e-05
4.200000000000000000e+04 1.099612563848495483e-01 3.255011324654333293e-05 1.005513986456207931e-04 1.000110525637865067e-02 9.347884915769100189e-03 1.316768702963599935e-07 6.235350156202912331e-07 3.925824785255827010e-05 1.271302253007888794e-01 3.442670276854187250e-05 1.093186074285767972e-04 1.127310749143362045e-02 9.347884915769100189e-03 1.316768702963599935e-07 6.235350156202912331e-07 3.925824785255827010e-05
4.220000000000000000e+04 1.099541932344436646e-01 3.260426819906570017e-05 9.969850361812859774e-05 9.998903609812259674e-03 9.346546605229377747e-03 1.278976924368180335e-07 6.175250746309757233e-07 3.923434996977448463e-05 1.271238923072814941e-01 3.446047776378691196e-05 1.083861570805311203e-04 1.127124670892953873e-02 9.346546605229377747e-03 1.278976924368180335e-07 6.175250746309757233e-07 3.923434996977448463e-05
4.240000000000000000e+04 1.098912656307220459e-01 3.957414446631446481e-05 2.434966299915686250e-04 1.000118628144264221e-02 9.379929862916469574e-03 1.970786343008512631e-07 1.161333784693852067e-06 4.073586751474067569e-05 1.270477920770645142e-01 4.213940701447427273e-05 2.652237890288233757e-04 1.127447374165058136e-02 9.379929862916469574e-03 1.970786343008512631e-07 1.161333784693852067e-06 4.073586751474067569e-05
4.260000000000000000e+04 1.099120229482650757e-01 3.524632847984321415e-05 1.488825946580618620e-04 9.995996020734310150e-03 9.360427036881446838e-03 1.658272594795562327e-07 8.950009942054748535e-07 4.072977390023879707e-05 1.270744949579238892e-01 3.741357431863434613e-05 1.620085531612858176e-04 1.126932818442583084e-02 9.360427036881446838e-03 1.658272594795562327e-07 8.950009942054748535e-07 4.072977390023879707e-05
4.280000000000000000e+04 1.099167168140411377e-01 3.419018685235641897e-05 1.259295677300542593e-04 9.992084465920925140e-03 9.351388551294803619e-03 1.543812686577439308e-07 8.381903171539306641e-07 4.030484706163406372e-05 1.270820647478103638e-01 3.621048381319269538e-05 1.368126977467909455e-04 1.126565691083669662e-02 9.351388551294803619e-03 1.543812686577439308e-07 8.381903171539306641e-07 4.030484706163406372e-05
4.300000000000000000e+04 1.099031493067741394e-01 3.407463373150676489e-05 1.228265755344182253e-04 9.990327991545200348e-03 9.356253780424594879e-03 1.532591795694315806e-07 8.312199497595429420e-07 3.996651139459572732e-05 1.270675808191299438e-01 3.603012373787350953e-05 1.338403671979904175e-04 1.126425713300704956e-02 9.356253780424594879e-03 1.532591795694315806e-07 8.312199497595429420e-07 3.996651139459572732e-05
4.320000000000000000e+04 1.098980605602264404e-01 3.440148066147230566e-05 1.272420631721615791e-04 9.986311197280883789e-03 9.354153648018836975e-03 1.547562078485498205e-07 8.381903171539306641e-07 4.029879346489906311e-05 1.270622313022613525e-01 3.636670589912682772e-05 1.384565839543938637e-04 1.126042380928993225e-02 9.354153648018836975e-03 1.547562078485498205e-07 8.381903171539306641e-07 4.029879346489906311e-05
4.340000000000000000e+04 1.098915487527847290e-01 3.443832974880933762e-05 1.265268365386873484e-04 9.983142837882041931e-03 9.353162720799446106e-03 1.555074504722142592e-07 8.522183634340763092e-07 4.031090429634787142e-05 1.270557492971420288e-01 3.637441113824024796e-05 1.377261069137603045e-04 1.125746034085750580e-02 9.353162720799446106e-03 1.555074504722142592e-07 8.522183634340763092e-07 4.031090429634787142e-05
4.360000000000000000e+04 1.098852232098579407e-01 3.447663766564801335e-05 1.257717522094026208e-04 9.979899972677230835e-03 9.352194145321846008e-03 1.581511241965927184e-07 8.381903171539306641e-07 4.031695789308287203e-05 1.270493268966674805e-01 3.638424095697700977e-05 1.369536621496081352e-04 1.125440746545791626e-02 9.352194145321846008e-03 1.581511241965927184e-07 8.381903171539306641e-07 4.031695789308287203e-05
4.380000000000000000e+04 1.098789945244789124e-01 3.449869836913421750e-05 1.250070490641519427e-04 9.976610541343688965e-03 9.351250715553760529e-03 1.570153926877537742e-07 8.381903171539306641e-07 4.031090429634787142e-05 1.270431131124496460e-01 3.637665577116422355e-05 1.361583854304626584e-04 1.125128660351037979e-02 9.351250715553760529e-03 1.570153926877537742e-07 8.381903171539306641e-07 4.031090429634787142e-05
4.400000000000000000e+04 1.098970100283622742e-01 3.325133366161026061e-05 9.588094690116122365e-05 9.970793500542640686e-03 9.335139766335487366e-03 1.327171048615127802e-07 6.757945811841636896e-07 3.876979462802410126e-05 1.270657479763031006e-01 3.499837839626707137e-05 1.045491517288610339e-04 1.124547142535448074e-02 9.335139766335487366e-03 1.327171048615127802e-07 6.757945811841636896e-07 3.876979462802410126e-05
4.420000000000000000e+04 1.098586991429328918e-01 3.538809323799796402e-05 1.425443479092791677e-04 9.971785359084606171e-03 9.352379478514194489e-03 1.720991349429823458e-07 9.204413800034672022e-07 4.057775731780566275e-05 1.270215064287185669e-01 3.726833165274001658e-05 1.553742040414363146e-04 1.124705560505390167e-02 9.352379478514194489e-03 1.720991349429823458e-07 9.204413800034672022e-07 4.057775731780566275e-05
4.440000000000000000e+04 1.098687872290611267e-01 3.458431092440150678e-05 1.224318548338487744e-04 9.965128265321254730e-03 9.342767298221588135e-03 1.528860593680292368e-07 8.139213605318218470e-07 3.953959458158351481e-05 1.270343810319900513e-01 3.641465809778310359e-05 1.334996341029182076e-04 1.124027743935585022e-02 9.342767298221588135e-03 1.528860593680292368e-07 8.139213605318218470e-07 3.953959458158351481e-05
4.460000000000000000e+04 1.098536029458045959e-01 3.469188231974840164e-05 1.240695710293948650e-04 9.960784576833248138e-03 9.348944760859012604e-03 1.596717993379570544e-07 7.765047485008835793e-07 4.145113052800297737e-05 1.270168274641036987e-01 3.649338032118976116e-05 1.356576685793697834e-04 1.123607158660888672e-02 9.348944760859012604e-03 1.596717993379570544e-07 7.765047485008835793e-07 4.145113052800297737e-05
4.480000000000000000e+04 1.098970174789428711e-01 3.399183697183616459e-05 1.068152341758832335e-04 9.954013861715793610e-03 9.317435324192047119e-03 1.023729438998088881e-07 4.688663466367870569e-07 3.829030174529179931e-05 1.270726621150970459e-01 3.560716140782460570e-05 1.167554873973131180e-04 1.122904103249311447e-02 9.317435324192047119e-03 1.023729438998088881e-07 4.688663466367870569e-07 3.829030174529179931e-05
4.500000000000000000e+04 1.099108979105949402e-01 3.578728137654252350e-05 1.402549387421458960e-04 9.948016144335269928e-03 9.305587969720363617e-03 8.516144589520990849e-08 3.428758645895868540e-07 3.673087485367432237e-05 1.270907968282699585e-01 3.745326466741971672e-05 1.535623305244371295e-04 1.122292503714561462e-02 9.305587969720363617e-03 8.516144589520990849e-08 3.428758645895868540e-07 3.673087485367432237e-05
4.500000000000000000e+04 1.099108979105949402e-01 3.578728137654252350e-05 1.402549387421458960e-04 9.948016144335269928e-03 9.305587969720363617e-03 8.516144589520990849e-08 3.428758645895868540e-07 3.673087485367432237e-05 1.270907968282699585e-01 3.745326466741971672e-05 1.535623305244371295e-04 1.122292503714561462e-02 9.305587969720363617e-03 8.516144589520990849e-08 3.428758645895868540e-07 3.673087485367432237e-05
4.503600000000000000e+04 1.098697930574417114e-01 3.300932803540490568e-05 8.984011219581589103e-05 9.950420819222927094e-03 9.332170709967613220e-03 8.322444955410901457e-08 5.590263754129409790e-07 3.874011235893703997e-05 1.270404458045959473e-01 3.460031075519509614e-05 9.827209578361362219e-05 1.122548431158065796e-02 9.332170709967613220e-03 8.322444955410901457e-08 5.590263754129409790e-07 3.874011235893703997e-05
