# step, loss_train, loss_test, metrics_test
0.000000000000000000e+00 2.245087385177612305e+00 3.331246948242187500e+01 4.728411560058593750e+02 9.653463959693908691e-01 1.322500109672546387e+00 3.600000000000000000e+01 4.579599914550781250e+02 1.000000000000000000e+00 2.276571989059448242e+00 3.321987152099609375e+01 4.733609313964843750e+02 9.872491359710693359e-01 1.322500109672546387e+00 3.600000000000000000e+01 4.579599914550781250e+02 1.000000000000000000e+00
5.000000000000000000e+03 6.484594345092773438e+00 1.563289489746093750e+02 6.149577713012695312e+01 5.135896205902099609e-01 2.565743684768676758e+00 3.268350601196289062e+00 2.755379638671875000e+02 8.839692115783691406e+00 6.179080963134765625e+00 1.613141174316406250e+02 6.153590774536132812e+01 4.951923489570617676e-01 2.565743684768676758e+00 3.268350601196289062e+00 2.755379638671875000e+02 8.839692115783691406e+00
1.000000000000000000e+04 1.752399504184722900e-01 6.548620015382766724e-02 3.586155129596590996e-03 5.529806017875671387e-01 1.033873390406370163e-02 7.797504216432571411e-02 1.866522369384765625e+02 1.937977409362792969e+01 1.769969612360000610e-01 6.728451699018478394e-02 2.996589522808790207e-03 5.520790815353393555e-01 1.033873390406370163e-02 7.797504216432571411e-02 1.866522369384765625e+02 1.937977409362792969e+01
1.500000000000000000e+04 8.054364323616027832e-01 5.493739247322082520e-02 2.503564581274986267e-03 2.372622042894363403e-01 8.064182847738265991e-02 1.293218135833740234e-01 1.161113739013671875e+02 1.841628456115722656e+01 8.054995536804199219e-01 5.497700348496437073e-02 2.502138726413249969e-03 2.372519075870513916e-01 8.064182847738265991e-02 1.293218135833740234e-01 1.161113739013671875e+02 1.841628456115722656e+01
2.000000000000000000e+04 1.200203537940979004e+00 5.997231230139732361e-02 2.213561208918690681e-03 9.407668560743331909e-02 3.222835958003997803e-01 1.070526242256164551e-01 6.317267227172851562e+01 1.759619903564453125e+01 1.200206398963928223e+00 5.997539684176445007e-02 2.214436419308185577e-03 9.407619386911392212e-02 3.222835958003997803e-01 1.070526242256164551e-01 6.317267227172851562e+01 1.759619903564453125e+01
2.500000000000000000e+04 1.368710637092590332e+00 6.386902928352355957e-02 2.606387250125408173e-03 2.816827408969402313e-02 6.066719889640808105e-01 8.983595669269561768e-02 2.692638778686523438e+01 1.690903472900390625e+01 1.368710637092590332e+00 6.386933475732803345e-02 2.606519497931003571e-03 2.816824428737163544e-02 6.066719889640808105e-01 8.983595669269561768e-02 2.692638778686523438e+01 1.690903472900390625e+01
3.000000000000000000e+04 1.403246760368347168e+00 6.652717292308807373e-02 2.790636848658323288e-03 3.701330395415425301e-03 8.819373846054077148e-01 7.640808075666427612e-02 6.622920513153076172e+00 1.634070777893066406e+01 1.403246760368347168e+00 6.652717292308807373e-02 2.790647558867931366e-03 3.701329929754137993e-03 8.819373846054077148e-01 7.640808075666427612e-02 6.622920513153076172e+00 1.634070777893066406e+01
3.500000000000000000e+04 1.378463268280029297e+00 6.864506751298904419e-02 2.945352112874388695e-03 1.803409104468300939e-04 1.100848317146301270e+00 6.751286983489990234e-02 1.845903545618057251e-01 1.592291164398193359e+01 1.378463387489318848e+00 6.864507496356964111e-02 2.945353277027606964e-03 1.803409104468300939e-04 1.100848317146301270e+00 6.751286983489990234e-02 1.845903545618057251e-01 1.592291164398193359e+01
4.000000000000000000e+04 1.393441081047058105e+00 5.125659704208374023e-02 5.983451008796691895e-01 1.712032780051231384e-02 1.084995150566101074e+00 4.903328046202659607e-02 1.513673067092895508e+00 1.027074718475341797e+01 1.409948706626892090e+00 5.116050690412521362e-02 6.186773180961608887e-01 6.054918747395277023e-03 1.084995150566101074e+00 4.903328046202659607e-02 1.513673067092895508e+00 1.027074718475341797e+01
4.500000000000000000e+04 1.404250741004943848e+00 3.454831987619400024e-02 1.330506801605224609e+00 2.113156393170356750e-02 7.449070811271667480e-01 2.137993089854717255e-02 1.522514224052429199e+00 9.213379859924316406e+00 1.429568886756896973e+00 3.057905286550521851e-02 1.374526858329772949e+00 7.946179248392581940e-03 7.449070811271667480e-01 2.137993089854717255e-02 1.522514224052429199e+00 9.213379859924316406e+00
5.000000000000000000e+04 1.427755951881408691e+00 1.787370257079601288e-02 1.477227807044982910e+00 2.570440992712974548e-02 5.869060158729553223e-01 1.201823912560939789e-02 1.647770762443542480e+00 8.472317695617675781e+00 1.469191908836364746e+00 1.811018772423267365e-02 1.527243971824645996e+00 1.075539365410804749e-02 5.869060158729553223e-01 1.201823912560939789e-02 1.647770762443542480e+00 8.472317695617675781e+00
5.500000000000000000e+04 1.473369956016540527e+00 3.399306908249855042e-02 1.551012754440307617e+00 3.032688796520233154e-02 4.511063396930694580e-01 7.988661527633666992e-03 1.749884724617004395e+00 7.709555625915527344e+00 1.515652656555175781e+00 3.032135404646396637e-02 1.605887770652770996e+00 1.418680697679519653e-02 4.511063396930694580e-01 7.988661527633666992e-03 1.749884724617004395e+00 7.709555625915527344e+00
6.000000000000000000e+04 1.514544010162353516e+00 5.754530429840087891e-02 1.634761095046997070e+00 3.522331640124320984e-02 3.325221240520477295e-01 6.052289158105850220e-03 1.862552762031555176e+00 6.821362018585205078e+00 1.557404160499572754e+00 4.912908002734184265e-02 1.692986726760864258e+00 1.773113571107387543e-02 3.325221240520477295e-01 6.052289158105850220e-03 1.862552762031555176e+00 6.821362018585205078e+00
6.500000000000000000e+04 1.524308800697326660e+00 5.195063352584838867e-02 1.690451145172119141e+00 3.820956870913505554e-02 2.434332668781280518e-01 3.606863087043166161e-03 1.965444684028625488e+00 5.829779624938964844e+00 1.566965937614440918e+00 4.224044457077980042e-02 1.748987436294555664e+00 1.901237852871417999e-02 2.434332668781280518e-01 3.606863087043166161e-03 1.965444684028625488e+00 5.829779624938964844e+00
7.000000000000000000e+04 1.520620703697204590e+00 2.352177910506725311e-02 1.705059766769409180e+00 4.066551104187965393e-02 1.505308002233505249e-01 4.805580538231879473e-04 2.017565011978149414e+00 4.703310489654541016e+00 1.565927028656005859e+00 1.604289561510086060e-02 1.763023018836975098e+00 1.979296840727329254e-02 1.505308002233505249e-01 4.805580538231879473e-04 2.017565011978149414e+00 4.703310489654541016e+00
7.500000000000000000e+04 1.539436817169189453e+00 6.573627237230539322e-03 1.674857497215270996e+00 4.601624980568885803e-02 6.755527853965759277e-02 1.308581090597726870e-06 1.990563631057739258e+00 3.444198131561279297e+00 1.585900902748107910e+00 3.883833065629005432e-03 1.730996727943420410e+00 2.231679856777191162e-02 6.755527853965759277e-02 1.308581090597726870e-06 1.990563631057739258e+00 3.444198131561279297e+00
8.000000000000000000e+04 1.548148274421691895e+00 2.655059797689318657e-03 1.560564160346984863e+00 4.810775816440582275e-02 1.940315775573253632e-02 1.065259421011433005e-04 1.823953628540039062e+00 2.182600975036621094e+00 1.589195370674133301e+00 1.737458747811615467e-03 1.611973404884338379e+00 2.246445231139659882e-02 1.940315775573253632e-02 1.065259421011433005e-04 1.823953628540039062e+00 2.182600975036621094e+00
8.500000000000000000e+04 1.533695936203002930e+00 1.346243312582373619e-03 1.299608469009399414e+00 4.308765381574630737e-02 1.432669349014759064e-03 2.666923683136701584e-04 1.454351544380187988e+00 1.098574519157409668e+00 1.560756802558898926e+00 1.013022731058299541e-03 1.341312289237976074e+00 1.912652701139450073e-02 1.432669349014759064e-03 2.666923683136701584e-04 1.454351544380187988e+00 1.098574519157409668e+00
9.000000000000000000e+04 1.457257986068725586e+00 1.648161443881690502e-03 8.719311952590942383e-01 1.612802036106586456e-02 1.052265055477619171e-03 2.055923832813277841e-04 9.355262517929077148e-01 3.582062721252441406e-01 1.500661015510559082e+00 7.319271680898964405e-04 9.014644026756286621e-01 1.270778849720954895e-02 1.052265055477619171e-03 2.055923832813277841e-04 9.355262517929077148e-01 3.582062721252441406e-01
9.500000000000000000e+04 1.376114010810852051e+00 5.404644762165844440e-04 3.899956643581390381e-01 5.122911185026168823e-03 1.221320475451648235e-03 3.124197537545114756e-04 3.747885525226593018e-01 8.736156672239303589e-02 1.421604752540588379e+00 5.092085921205580235e-04 4.030493199825286865e-01 5.224981810897588730e-03 1.221320475451648235e-03 3.124197537545114756e-04 3.747885525226593018e-01 8.736156672239303589e-02
9.500000000000000000e+04 1.376114010810852051e+00 5.404644762165844440e-04 3.899956643581390381e-01 5.122911185026168823e-03 1.221320475451648235e-03 3.124197537545114756e-04 3.747885525226593018e-01 8.736156672239303589e-02 1.421604752540588379e+00 5.092085921205580235e-04 4.030493199825286865e-01 5.224981810897588730e-03 1.221320475451648235e-03 3.124197537545114756e-04 3.747885525226593018e-01 8.736156672239303589e-02
9.506100000000000000e+04 1.376132726669311523e+00 5.072838976047933102e-04 3.866227269172668457e-01 5.136996041983366013e-03 1.220387406647205353e-03 3.123354690615087748e-04 3.747839331626892090e-01 8.732534199953079224e-02 1.421625256538391113e+00 4.766623023897409439e-04 3.995539844036102295e-01 5.242218263447284698e-03 1.220387406647205353e-03 3.123354690615087748e-04 3.747839331626892090e-01 8.732534199953079224e-02
