# step, loss_train, loss_test, metrics_test
0.000000000000000000e+00 5.293058395385742188e+00 1.442742156982421875e+02 1.829945556640625000e+03 3.802520513534545898e+00 1.322499990463256836e+00 3.600000000000000000e+01 4.579599914550781250e+02 1.000000000000000000e+00 5.292762756347656250e+00 1.442760162353515625e+02 1.829916015625000000e+03 3.805316686630249023e+00 1.322499990463256836e+00 3.600000000000000000e+01 4.579599914550781250e+02 1.000000000000000000e+00
2.000000000000000000e+03 7.197873592376708984e+00 2.925401210784912109e+00 3.419217824935913086e+00 4.104541301727294922e+00 8.677874207496643066e-01 6.940974388271570206e-03 7.650432735681533813e-02 3.882240772247314453e+00 7.352947711944580078e+00 2.290912389755249023e+00 3.221335649490356445e+00 3.513911247253417969e+00 8.677874207496643066e-01 6.940974388271570206e-03 7.650432735681533813e-02 3.882240772247314453e+00
4.000000000000000000e+03 1.977116584777832031e+00 8.559381365776062012e-01 1.470420241355895996e+00 3.543539047241210938e+00 1.128305673599243164e+00 1.216652523726224899e-02 3.329054452478885651e-04 2.174022912979125977e+00 1.926837921142578125e+00 6.698474287986755371e-01 1.337668895721435547e+00 2.967398166656494141e+00 1.128305673599243164e+00 1.216652523726224899e-02 3.329054452478885651e-04 2.174022912979125977e+00
6.000000000000000000e+03 1.136888265609741211e+00 4.704477488994598389e-01 7.508609294891357422e-01 2.958554506301879883e+00 1.157073140144348145e+00 7.053695619106292725e-03 2.360588870942592621e-03 1.494776964187622070e+00 1.058048248291015625e+00 3.776699602603912354e-01 6.975706815719604492e-01 2.452248096466064453e+00 1.157073140144348145e+00 7.053695619106292725e-03 2.360588870942592621e-03 1.494776964187622070e+00
8.000000000000000000e+03 9.951276183128356934e-01 3.511300981044769287e-01 5.722910165786743164e-01 2.461764335632324219e+00 1.127261042594909668e+00 9.708500467240810394e-03 1.228800788521766663e-02 1.152477264404296875e+00 9.087154865264892578e-01 2.859417200088500977e-01 5.686096549034118652e-01 2.038981199264526367e+00 1.127261042594909668e+00 9.708500467240810394e-03 1.228800788521766663e-02 1.152477264404296875e+00
1.000000000000000000e+04 9.567559957504272461e-01 2.660237848758697510e-01 4.854561984539031982e-01 2.068185091018676758e+00 1.077332139015197754e+00 1.249960344284772873e-02 2.205181494355201721e-02 9.255461096763610840e-01 8.632555007934570312e-01 2.169369012117385864e-01 4.791682958602905273e-01 1.722850799560546875e+00 1.077332139015197754e+00 1.249960344284772873e-02 2.205181494355201721e-02 9.255461096763610840e-01
1.200000000000000000e+04 9.426422119140625000e-01 2.099736183881759644e-01 4.226177632808685303e-01 1.757681608200073242e+00 1.021193981170654297e+00 1.334200613200664520e-02 2.679709903895854950e-02 7.566084265708923340e-01 8.435363769531250000e-01 1.723451018333435059e-01 3.989936113357543945e-01 1.476374864578247070e+00 1.021193981170654297e+00 1.334200613200664520e-02 2.679709903895854950e-02 7.566084265708923340e-01
1.400000000000000000e+04 9.357749819755554199e-01 1.748506426811218262e-01 3.730920851230621338e-01 1.510152578353881836e+00 9.653401374816894531e-01 1.297118794173002243e-02 2.778010815382003784e-02 6.280007362365722656e-01 8.331788182258605957e-01 1.447963863611221313e-01 3.349759876728057861e-01 1.279526352882385254e+00 9.653401374816894531e-01 1.297118794173002243e-02 2.778010815382003784e-02 6.280007362365722656e-01
1.600000000000000000e+04 9.299373626708984375e-01 1.501624137163162231e-01 3.336752653121948242e-01 1.309324383735656738e+00 9.120660424232482910e-01 1.219157315790653229e-02 2.703930996358394623e-02 5.288367271423339844e-01 8.258848786354064941e-01 1.249147430062294006e-01 2.862163186073303223e-01 1.118558406829833984e+00 9.120660424232482910e-01 1.219157315790653229e-02 2.703930996358394623e-02 5.288367271423339844e-01
1.800000000000000000e+04 9.225631356239318848e-01 1.312029659748077393e-01 3.018265068531036377e-01 1.143307685852050781e+00 8.617697954177856445e-01 1.135091669857501984e-02 2.568791806697845459e-02 4.509013295173645020e-01 8.185154199600219727e-01 1.091766133904457092e-01 2.486151903867721558e-01 9.842120409011840820e-01 8.617697954177856445e-01 1.135091669857501984e-02 2.568791806697845459e-02 4.509013295173645020e-01
2.000000000000000000e+04 9.127104878425598145e-01 1.161123365163803101e-01 2.755292654037475586e-01 1.004045724868774414e+00 8.140407204627990723e-01 1.054175570607185364e-02 2.416021376848220825e-02 3.882116079330444336e-01 8.095641136169433594e-01 9.647887200117111206e-02 2.187288403511047363e-01 8.704353570938110352e-01 8.140407204627990723e-01 1.054175570607185364e-02 2.416021376848220825e-02 3.882116079330444336e-01
2.200000000000000000e+04 9.000100493431091309e-01 1.037611439824104309e-01 2.533375918865203857e-01 8.860318064689636230e-01 7.683379650115966797e-01 9.772502817213535309e-03 2.261561900377273560e-02 3.366629779338836670e-01 7.983399629592895508e-01 8.608444780111312866e-02 1.943002045154571533e-01 7.731149196624755859e-01 7.683379650115966797e-01 9.772502817213535309e-03 2.261561900377273560e-02 3.366629779338836670e-01
2.400000000000000000e+04 8.841835260391235352e-01 9.332704544067382812e-02 2.340192496776580811e-01 7.852373719215393066e-01 7.242403030395507812e-01 9.031121619045734406e-03 2.111206389963626862e-02 2.934964895248413086e-01 7.844325900077819824e-01 7.736790925264358521e-02 1.737381517887115479e-01 6.892139911651611328e-01 7.242403030395507812e-01 9.031121619045734406e-03 2.111206389963626862e-02 2.934964895248413086e-01
2.600000000000000000e+04 8.649796843528747559e-01 8.427601307630538940e-02 2.167889475822448730e-01 6.985407471656799316e-01 6.813858151435852051e-01 8.312808349728584290e-03 1.968429982662200928e-02 2.568725049495697021e-01 7.675547003746032715e-01 6.989292800426483154e-02 1.560372561216354370e-01 6.163543462753295898e-01 6.813858151435852051e-01 8.312808349728584290e-03 1.968429982662200928e-02 2.568725049495697021e-01
2.800000000000000000e+04 8.421242833137512207e-01 7.630476355552673340e-02 2.013012915849685669e-01 6.234509348869323730e-01 6.394194364547729492e-01 7.626921869814395905e-03 1.837264560163021088e-02 2.255362421274185181e-01 7.474478483200073242e-01 6.339423358440399170e-02 1.406471580266952515e-01 5.526278018951416016e-01 6.394194364547729492e-01 7.626921869814395905e-03 1.837264560163021088e-02 2.255362421274185181e-01
3.000000000000000000e+04 8.153252601623535156e-01 6.920546293258666992e-02 1.872903257608413696e-01 5.579431056976318359e-01 5.979419946670532227e-01 6.982670165598392487e-03 1.718513108789920807e-02 1.985623687505722046e-01 7.238680124282836914e-01 5.768221616744995117e-02 1.271653324365615845e-01 4.964791834354400635e-01 5.979419946670532227e-01 6.982670165598392487e-03 1.718513108789920807e-02 1.985623687505722046e-01
3.200000000000000000e+04 7.842462062835693359e-01 6.290041655302047729e-02 1.747930645942687988e-01 5.003510713577270508e-01 5.565167665481567383e-01 6.392818409949541092e-03 1.614858955144882202e-02 1.752845197916030884e-01 6.965405344963073730e-01 5.266455188393592834e-02 1.154520437121391296e-01 4.466250538825988770e-01 5.565167665481567383e-01 6.392818409949541092e-03 1.614858955144882202e-02 1.752845197916030884e-01
3.400000000000000000e+04 7.485380172729492188e-01 5.733694136142730713e-02 1.639652252197265625e-01 4.492811262607574463e-01 5.146169662475585938e-01 5.874878726899623871e-03 1.527790445834398270e-02 1.552000641822814941e-01 6.651896238327026367e-01 4.825454577803611755e-02 1.054837629199028015e-01 4.019807577133178711e-01 5.146169662475585938e-01 5.874878726899623871e-03 1.527790445834398270e-02 1.552000641822814941e-01
3.500000000000000000e+04 7.288054227828979492e-01 5.477987229824066162e-02 1.590595543384552002e-01 4.258202910423278809e-01 4.933260977268218994e-01 5.642007105052471161e-03 1.488765981048345566e-02 1.462113708257675171e-01 6.478921175003051758e-01 4.621161147952079773e-02 1.010450571775436401e-01 3.813188970088958740e-01 4.933260977268218994e-01 5.642007105052471161e-03 1.488765981048345566e-02 1.462113708257675171e-01
3.500000000000000000e+04 7.288054227828979492e-01 5.477987229824066162e-02 1.590595543384552002e-01 4.258202910423278809e-01 4.933260977268218994e-01 5.642007105052471161e-03 1.488765981048345566e-02 1.462113708257675171e-01 6.478921175003051758e-01 4.621161147952079773e-02 1.010450571775436401e-01 3.813188970088958740e-01 4.933260977268218994e-01 5.642007105052471161e-03 1.488765981048345566e-02 1.462113708257675171e-01
3.557200000000000000e+04 2.178913503885269165e-01 2.559456508606672287e-03 1.484078471548855305e-03 4.178441688418388367e-02 8.327054232358932495e-02 5.094783773529343307e-05 4.156172508373856544e-07 5.273132584989070892e-03 2.083777487277984619e-01 2.053747884929180145e-03 1.442251959815621376e-03 4.195823147892951965e-02 8.327054232358932495e-02 5.094783773529343307e-05 4.156172508373856544e-07 5.273132584989070892e-03
