# step, loss_train, loss_test, metrics_test
0.000000000000000000e+00 8.917449740692973137e-04 1.507368520833551884e-03 1.025421312078833580e-03 9.169512428343296051e-03 1.322499990463256836e+00 3.600000000000000000e+01 4.579599914550781250e+02 2.500000000000000000e+01 8.838477660901844501e-04 1.527350395917892456e-03 1.032203435897827148e-03 8.665321394801139832e-03 1.322499990463256836e+00 3.600000000000000000e+01 4.579599914550781250e+02 2.500000000000000000e+01
4.000000000000000000e+01 2.841341495513916016e-01 8.569344878196716309e-03 1.941222231835126877e-03 4.218398407101631165e-02 1.577444821596145630e-01 2.144649770343676209e-04 1.664492083364166319e-05 4.614385310560464859e-03 2.841341495513916016e-01 8.569344878196716309e-03 1.941222231835126877e-03 4.218398407101631165e-02 1.577444821596145630e-01 2.144649770343676209e-04 1.664492083364166319e-05 4.614385310560464859e-03
8.000000000000000000e+01 1.290919184684753418e-01 3.103340510278940201e-03 9.142138063907623291e-03 1.795941293239593506e-01 1.912796124815940857e-02 1.536103314720094204e-03 1.466856338083744049e-05 1.621676981449127197e-02 1.290919184684753418e-01 3.103340510278940201e-03 9.142138063907623291e-03 1.795941293239593506e-01 1.912796124815940857e-02 1.536103314720094204e-03 1.466856338083744049e-05 1.621676981449127197e-02
1.200000000000000000e+02 7.160644978284835815e-02 4.889151547104120255e-03 1.610287115909159184e-03 1.925550699234008789e-01 6.535084918141365051e-03 8.619428626843728125e-06 1.407566378475166857e-05 2.809148747473955154e-03 7.160644978284835815e-02 4.889151547104120255e-03 1.610287115909159184e-03 1.925550699234008789e-01 6.535084918141365051e-03 8.619428626843728125e-06 1.407566378475166857e-05 2.809148747473955154e-03
1.600000000000000000e+02 3.387586399912834167e-02 6.751347333192825317e-03 7.787101785652339458e-04 1.968149691820144653e-01 3.076509805396199226e-03 8.204562618630006909e-06 1.072508530342020094e-05 3.076126333326101303e-03 3.387586399912834167e-02 6.751347333192825317e-03 7.787101785652339458e-04 1.968149691820144653e-01 3.076509805396199226e-03 8.204562618630006909e-06 1.072508530342020094e-05 3.076126333326101303e-03
2.000000000000000000e+02 2.778373472392559052e-02 3.315217327326536179e-03 6.926847621798515320e-03 1.648327112197875977e-01 2.843650756403803825e-03 4.358044861874077469e-06 6.298767402768135071e-05 2.254768041893839836e-03 2.778373472392559052e-02 3.315217327326536179e-03 6.926847621798515320e-03 1.648327112197875977e-01 2.843650756403803825e-03 4.358044861874077469e-06 6.298767402768135071e-05 2.254768041893839836e-03
2.400000000000000000e+02 1.660769060254096985e-02 2.639994956552982330e-03 2.847875468432903290e-03 1.407289952039718628e-01 8.756251772865653038e-04 6.238370588107500225e-06 4.752833774546161294e-06 8.761402568779885769e-04 1.660769060254096985e-02 2.639994956552982330e-03 2.847875468432903290e-03 1.407289952039718628e-01 8.756251772865653038e-04 6.238370588107500225e-06 4.752833774546161294e-06 8.761402568779885769e-04
2.800000000000000000e+02 1.500178594142198563e-02 5.429676268249750137e-03 1.405734685249626637e-03 1.304001957178115845e-01 6.696745986118912697e-04 7.697963155806064606e-09 1.722015440464019775e-06 8.819932700134813786e-04 1.500178594142198563e-02 5.429676268249750137e-03 1.405734685249626637e-03 1.304001957178115845e-01 6.696745986118912697e-04 7.697963155806064606e-09 1.722015440464019775e-06 8.819932700134813786e-04
3.200000000000000000e+02 2.105756103992462158e-02 7.343715988099575043e-03 1.792460796423256397e-03 1.173907294869422913e-01 5.128714838065207005e-04 2.487731762812472880e-05 7.646740414202213287e-04 7.826585788279771805e-04 2.105756103992462158e-02 7.343715988099575043e-03 1.792460796423256397e-03 1.173907294869422913e-01 5.128714838065207005e-04 2.487731762812472880e-05 7.646740414202213287e-04 7.826585788279771805e-04
3.600000000000000000e+02 1.576221920549869537e-02 7.595038972795009613e-03 3.788889851421117783e-03 1.093979626893997192e-01 9.228364215232431889e-04 5.618594514089636505e-06 3.331179323140531778e-05 6.803722353652119637e-04 1.576221920549869537e-02 7.595038972795009613e-03 3.788889851421117783e-03 1.093979626893997192e-01 9.228364215232431889e-04 5.618594514089636505e-06 3.331179323140531778e-05 6.803722353652119637e-04
4.000000000000000000e+02 2.182427980005741119e-02 4.277668427675962448e-03 1.043020468205213547e-02 7.812723517417907715e-02 1.057399495039135218e-04 8.619428626843728125e-06 1.848280953709036112e-05 3.345779841765761375e-04 2.182427980005741119e-02 4.277668427675962448e-03 1.043020468205213547e-02 7.812723517417907715e-02 1.057399495039135218e-04 8.619428626843728125e-06 1.848280953709036112e-05 3.345779841765761375e-04
4.400000000000000000e+02 1.959634758532047272e-02 1.292701717466115952e-02 6.128191482275724411e-03 4.908212274312973022e-02 6.628743140026926994e-04 1.503239218436647207e-05 5.593116293312050402e-05 8.542444993508979678e-05 1.959634758532047272e-02 1.292701717466115952e-02 6.128191482275724411e-03 4.908212274312973022e-02 6.628743140026926994e-04 1.503239218436647207e-05 5.593116293312050402e-05 8.542444993508979678e-05
4.800000000000000000e+02 2.161023579537868500e-02 1.093480270355939865e-02 8.837036788463592529e-03 1.657051406800746918e-02 8.423652034252882004e-04 4.206094672554172575e-06 3.530012691044248641e-05 2.261131739942356944e-04 2.161023579537868500e-02 1.093480270355939865e-02 8.837036788463592529e-03 1.657051406800746918e-02 8.423652034252882004e-04 4.206094672554172575e-06 3.530012691044248641e-05 2.261131739942356944e-04
5.200000000000000000e+02 7.714204490184783936e-03 3.425599308684468269e-03 3.595051588490605354e-03 8.663252927362918854e-03 1.100564259104430676e-05 2.360959570069098845e-07 1.973327380255796015e-05 3.669042780529707670e-05 7.714204490184783936e-03 3.425599308684468269e-03 3.595051588490605354e-03 8.663252927362918854e-03 1.100564259104430676e-05 2.360959570069098845e-07 1.973327380255796015e-05 3.669042780529707670e-05
5.600000000000000000e+02 7.431984879076480865e-03 1.694233156740665436e-03 1.463870867155492306e-03 2.717004623264074326e-03 3.811935675912536681e-05 5.661627255904022604e-08 1.892826185212470591e-05 2.401634446869138628e-08 7.431984879076480865e-03 1.694233156740665436e-03 1.463870867155492306e-03 2.717004623264074326e-03 3.811935675912536681e-05 5.661627255904022604e-08 1.892826185212470591e-05 2.401634446869138628e-08
6.000000000000000000e+02 3.379227360710501671e-03 1.699934247881174088e-03 1.014285255223512650e-03 2.369478810578584671e-03 1.636981892261246685e-07 1.657554093981161714e-10 1.487381814513355494e-05 7.775975973345339298e-06 3.379227360710501671e-03 1.699934247881174088e-03 1.014285255223512650e-03 2.369478810578584671e-03 1.636981892261246685e-07 1.657554093981161714e-10 1.487381814513355494e-05 7.775975973345339298e-06
6.400000000000000000e+02 1.627523102797567844e-03 1.934413681738078594e-03 7.034569862298667431e-04 1.081503927707672119e-03 1.144657562690554187e-05 4.980029189027845860e-08 2.506203600205481052e-08 4.125488430872792378e-07 1.627523102797567844e-03 1.934413681738078594e-03 7.034569862298667431e-04 1.081503927707672119e-03 1.144657562690554187e-05 4.980029189027845860e-08 2.506203600205481052e-08 4.125488430872792378e-07
6.800000000000000000e+02 1.357301487587392330e-03 6.476205307990312576e-04 3.343774878885596991e-04 4.059236380271613598e-04 4.204139258945360780e-08 2.227557160949800164e-08 1.490116119384765625e-08 7.531525625381618738e-09 1.357301487587392330e-03 6.476205307990312576e-04 3.343774878885596991e-04 4.059236380271613598e-04 4.204139258945360780e-08 2.227557160949800164e-08 1.490116119384765625e-08 7.531525625381618738e-09
7.200000000000000000e+02 6.532670813612639904e-04 3.009079664479941130e-04 1.920242648338899016e-04 2.238412125734612346e-04 1.341977764468538226e-07 2.139358912245370448e-07 1.218322722706943750e-07 1.571525217514135875e-06 6.532670813612639904e-04 3.009079664479941130e-04 1.920242648338899016e-04 2.238412125734612346e-04 1.341977764468538226e-07 2.139358912245370448e-07 1.218322722706943750e-07 1.571525217514135875e-06
7.600000000000000000e+02 5.226674256846308708e-04 2.447726437821984291e-04 9.904083708534017205e-05 7.286696200026199222e-05 1.301241923101770226e-07 6.679420039290562272e-08 2.043416316155344248e-07 7.130438461899757385e-08 5.226674256846308708e-04 2.447726437821984291e-04 9.904083708534017205e-05 7.286696200026199222e-05 1.301241923101770226e-07 6.679420039290562272e-08 2.043416316155344248e-07 7.130438461899757385e-08
8.000000000000000000e+02 3.177682519890367985e-04 2.041849656961858273e-04 9.033589594764634967e-05 2.949002919194754213e-05 3.055585011679795571e-07 9.555378710501827300e-09 3.296045179013162851e-07 1.681655703578144312e-07 3.177682519890367985e-04 2.041849656961858273e-04 9.033589594764634967e-05 2.949002919194754213e-05 3.055585011679795571e-07 9.555378710501827300e-09 3.296045179013162851e-07 1.681655703578144312e-07
8.400000000000000000e+02 2.471127372700721025e-04 1.376536965835839510e-04 7.006747910054400563e-05 2.045312794507481158e-05 3.662979679575073533e-07 4.165121936239302158e-08 5.238689482212066650e-08 8.381903171539306641e-09 2.471127372700721025e-04 1.376536965835839510e-04 7.006747910054400563e-05 2.045312794507481158e-05 3.662979679575073533e-07 4.165121936239302158e-08 5.238689482212066650e-08 8.381903171539306641e-09
8.800000000000000000e+02 2.082917781081050634e-04 4.679167977883480489e-05 3.724437920027412474e-05 4.290710057830438018e-05 9.004224921227432787e-09 2.073738869512453675e-08 2.628439688123762608e-08 7.781864042044617236e-09 2.082917781081050634e-04 4.679167977883480489e-05 3.724437920027412474e-05 4.290710057830438018e-05 9.004224921227432787e-09 2.073738869512453675e-08 2.628439688123762608e-08 7.781864042044617236e-09
9.200000000000000000e+02 1.668366021476686001e-04 3.967869997723028064e-05 3.512332114041782916e-05 3.246571213821880519e-05 2.722026692936196923e-08 1.100488589145243168e-10 3.274180926382541656e-11 6.190248313941992819e-09 1.668366021476686001e-04 3.967869997723028064e-05 3.512332114041782916e-05 3.246571213821880519e-05 2.722026692936196923e-08 1.100488589145243168e-10 3.274180926382541656e-11 6.190248313941992819e-09
9.600000000000000000e+02 1.318086142418906093e-04 3.479242150206118822e-05 2.143308483937289566e-05 1.938616878760512918e-05 2.536489773774519563e-08 1.455191522836685181e-09 1.178705133497714996e-09 1.114131009671837091e-11 1.318086142418906093e-04 3.479242150206118822e-05 2.143308483937289566e-05 1.938616878760512918e-05 2.536489773774519563e-08 1.455191522836685181e-09 1.178705133497714996e-09 1.114131009671837091e-11
1.000000000000000000e+03 8.085180888883769512e-05 3.590217238524928689e-05 2.566808689152821898e-05 2.484688229742459953e-05 2.220446049250313081e-08 2.652086550369858742e-09 6.148184183984994888e-10 4.874186743109021336e-08 8.085180888883769512e-05 3.590217238524928689e-05 2.566808689152821898e-05 2.484688229742459953e-05 2.220446049250313081e-08 2.652086550369858742e-09 6.148184183984994888e-10 4.874186743109021336e-08
1.040000000000000000e+03 4.394993084133602679e-05 3.460827429080381989e-05 2.849277370842173696e-05 2.146511724276933819e-05 2.706315171963069588e-10 4.330104275140911341e-09 1.782609615474939346e-10 1.801026883185841143e-09 4.394993084133602679e-05 3.460827429080381989e-05 2.849277370842173696e-05 2.146511724276933819e-05 2.706315171963069588e-10 4.330104275140911341e-09 1.782609615474939346e-10 1.801026883185841143e-09
1.080000000000000000e+03 4.003536741947755218e-05 2.392452006461098790e-05 2.415416565781924874e-05 1.950096520886290818e-05 5.804339764381438727e-08 4.846697265747934580e-09 2.328306436538696289e-10 2.706315171963069588e-08 4.003536741947755218e-05 2.392452006461098790e-05 2.415416565781924874e-05 1.950096520886290818e-05 5.804339764381438727e-08 4.846697265747934580e-09 2.328306436538696289e-10 2.706315171963069588e-08
1.120000000000000000e+03 3.787837704294361174e-05 2.144838799722492695e-05 2.111864159815013409e-05 1.919637361424975097e-05 1.642774805077351630e-09 5.748233888880349696e-09 1.782609615474939346e-10 5.684341886080801487e-12 3.787837704294361174e-05 2.144838799722492695e-05 2.111864159815013409e-05 1.919637361424975097e-05 1.642774805077351630e-09 5.748233888880349696e-09 1.782609615474939346e-10 5.684341886080801487e-12
1.160000000000000000e+03 3.817635297309607267e-05 2.123728700098581612e-05 1.657060238358099014e-05 1.700360735412687063e-05 3.887080879394488875e-09 2.101296558976173401e-08 2.347078407183289528e-07 8.645884008728899062e-09 3.817635297309607267e-05 2.123728700098581612e-05 1.657060238358099014e-05 1.700360735412687063e-05 3.887080879394488875e-09 2.101296558976173401e-08 2.347078407183289528e-07 8.645884008728899062e-09
1.200000000000000000e+03 2.040628351096529514e-05 2.030299037869554013e-05 1.552143839944619685e-05 1.828194217523559928e-05 3.502833578750141896e-10 5.684341886080801487e-12 6.148184183984994888e-10 1.657554093981161714e-10 2.040628351096529514e-05 2.030299037869554013e-05 1.552143839944619685e-05 1.828194217523559928e-05 3.502833578750141896e-10 5.684341886080801487e-12 6.148184183984994888e-10 1.657554093981161714e-10
1.240000000000000000e+03 1.680693094385787845e-05 1.603714736120309681e-05 1.601176518306601793e-05 1.707733099465258420e-05 0.000000000000000000e+00 3.511763679853174835e-08 1.313310349360108376e-07 2.628439688123762608e-10 1.680693094385787845e-05 1.603714736120309681e-05 1.601176518306601793e-05 1.707733099465258420e-05 0.000000000000000000e+00 3.511763679853174835e-08 1.313310349360108376e-07 2.628439688123762608e-10
1.280000000000000000e+03 1.325401353824418038e-05 1.719700048852246255e-05 1.143186818808317184e-05 1.419729233020916581e-05 6.266986929404083639e-10 1.211674316436983645e-09 1.313310349360108376e-09 7.204107532743364573e-09 1.325401353824418038e-05 1.719700048852246255e-05 1.143186818808317184e-05 1.419729233020916581e-05 6.266986929404083639e-10 1.211674316436983645e-09 1.313310349360108376e-09 7.204107532743364573e-09
1.320000000000000000e+03 1.129813699662918225e-05 1.598009839653968811e-05 9.243557542504277080e-06 1.135457296186359599e-05 2.330935444661008660e-09 1.277135197597090155e-08 1.938678906299173832e-08 2.521323949622455984e-08 1.129813699662918225e-05 1.598009839653968811e-05 9.243557542504277080e-06 1.135457296186359599e-05 2.330935444661008660e-09 1.277135197597090155e-08 1.938678906299173832e-08 2.521323949622455984e-08
1.360000000000000000e+03 1.137307572207646444e-05 1.608279490028508008e-05 7.621650183864403516e-06 1.020046329358592629e-05 3.552713678800500929e-11 2.603201210149563849e-09 6.148184183984994888e-10 9.313225746154785156e-10 1.137307572207646444e-05 1.608279490028508008e-05 7.621650183864403516e-06 1.020046329358592629e-05 3.552713678800500929e-11 2.603201210149563849e-09 6.148184183984994888e-10 9.313225746154785156e-10
1.400000000000000000e+03 1.252212859981227666e-05 1.602957490831613541e-05 4.257193268131231889e-06 8.877468644641339779e-06 1.537046045996248722e-10 7.448988981195725501e-09 2.273736754432320595e-09 2.273736754432320595e-11 1.252212859981227666e-05 1.602957490831613541e-05 4.257193268131231889e-06 8.877468644641339779e-06 1.537046045996248722e-10 7.448988981195725501e-09 2.273736754432320595e-09 2.273736754432320595e-11
1.440000000000000000e+03 1.049869024427607656e-05 1.396732113789767027e-05 4.218687990942271426e-06 8.861236892698798329e-06 2.864922521439439151e-09 6.148184183984994888e-10 5.820766091346740723e-09 2.046363078989088535e-12 1.049869024427607656e-05 1.396732113789767027e-05 4.218687990942271426e-06 8.861236892698798329e-06 2.864922521439439151e-09 6.148184183984994888e-10 5.820766091346740723e-09 2.046363078989088535e-12
1.480000000000000000e+03 1.032859017868759111e-05 1.367498043691739440e-05 3.954254680138546973e-06 8.794394489086698741e-06 2.009018373883009190e-08 2.722026692936196923e-08 2.459273673593997955e-09 2.328306436538696289e-10 1.032859017868759111e-05 1.367498043691739440e-05 3.954254680138546973e-06 8.794394489086698741e-06 2.009018373883009190e-08 2.722026692936196923e-08 2.459273673593997955e-09 2.328306436538696289e-10
1.520000000000000000e+03 8.315875675179995596e-06 1.108235574065474793e-05 3.196921625203685835e-06 7.056256890791701153e-06 8.913957572076469660e-09 3.901959644281305373e-09 3.274180926382541656e-09 3.637978807091712952e-10 8.315875675179995596e-06 1.108235574065474793e-05 3.196921625203685835e-06 7.056256890791701153e-06 8.913957572076469660e-09 3.901959644281305373e-09 3.274180926382541656e-09 3.637978807091712952e-10
1.560000000000000000e+03 8.992660696094390005e-06 9.942295037035364658e-06 3.164884219586383551e-06 6.144997769297333434e-06 2.062861881313438062e-09 1.313310349360108376e-09 1.924490788951516151e-09 3.842615114990621805e-11 8.992660696094390005e-06 9.942295037035364658e-06 3.164884219586383551e-06 6.144997769297333434e-06 2.062861881313438062e-09 1.313310349360108376e-09 1.924490788951516151e-09 3.842615114990621805e-11
1.600000000000000000e+03 8.869269549904856831e-06 9.785862857825122774e-06 3.030494553968310356e-06 6.235986347746802494e-06 1.596731635800097138e-10 7.366907084360718727e-11 6.148184183984994888e-10 1.657554093981161714e-10 8.869269549904856831e-06 9.785862857825122774e-06 3.030494553968310356e-06 6.235986347746802494e-06 1.596731635800097138e-10 7.366907084360718727e-11 6.148184183984994888e-10 1.657554093981161714e-10
1.640000000000000000e+03 9.228464477928355336e-06 9.447880074731074274e-06 3.044651975869783200e-06 5.927894108026521280e-06 1.782609615474939346e-10 2.412207322777248919e-09 2.095475792884826660e-09 1.528860593680292368e-09 9.228464477928355336e-06 9.447880074731074274e-06 3.044651975869783200e-06 5.927894108026521280e-06 1.782609615474939346e-10 2.412207322777248919e-09 2.095475792884826660e-09 1.528860593680292368e-09
1.680000000000000000e+03 7.808928785379976034e-06 7.153653768909862265e-06 3.262015752625302412e-06 4.215369699522852898e-06 7.718895744801557157e-09 2.328306436538696289e-10 3.496097633615136147e-09 1.642774805077351630e-09 7.808928785379976034e-06 7.153653768909862265e-06 3.262015752625302412e-06 4.215369699522852898e-06 7.718895744801557157e-09 2.328306436538696289e-10 3.496097633615136147e-09 1.642774805077351630e-09
1.720000000000000000e+03 6.018320164002943784e-06 5.384989435697207227e-06 3.353270130901364610e-06 4.336203346611000597e-06 1.130104010371724144e-09 1.455191522836685181e-11 4.401954356580972672e-10 3.274180926382541656e-11 6.018320164002943784e-06 5.384989435697207227e-06 3.353270130901364610e-06 4.336203346611000597e-06 1.130104010371724144e-09 1.455191522836685181e-11 4.401954356580972672e-10 3.274180926382541656e-11
1.760000000000000000e+03 5.714029157388722524e-06 5.632230113405967131e-06 3.171215212205424905e-06 4.024065219709882513e-06 3.139177806588122621e-11 5.115907697472721338e-11 3.274180926382541656e-11 2.046363078989088535e-12 5.714029157388722524e-06 5.632230113405967131e-06 3.171215212205424905e-06 4.024065219709882513e-06 3.139177806588122621e-11 5.115907697472721338e-11 3.274180926382541656e-11 2.046363078989088535e-12
1.782000000000000000e+03 5.711401627195300534e-06 5.625734956993255764e-06 3.173865252392715774e-06 4.029496722068870440e-06 7.366907084360718727e-11 4.456524038687348366e-11 3.637978807091712952e-12 2.273736754432320595e-11 5.636813966702902690e-06 5.444785983854671940e-06 3.222609393560560420e-06 3.874077265209052712e-06 7.366907084360718727e-11 4.456524038687348366e-11 3.637978807091712952e-12 2.273736754432320595e-11
1.782000000000000000e+03 5.711401627195300534e-06 5.625734956993255764e-06 3.173865252392715774e-06 4.029496722068870440e-06 7.366907084360718727e-11 4.456524038687348366e-11 3.637978807091712952e-12 2.273736754432320595e-11 5.636813966702902690e-06 5.444785983854671940e-06 3.222609393560560420e-06 3.874077265209052712e-06 7.366907084360718727e-11 4.456524038687348366e-11 3.637978807091712952e-12 2.273736754432320595e-11
1.800000000000000000e+03 1.785279528121463954e-05 8.113654621411114931e-05 1.734345460135955364e-05 3.996907253167591989e-06 1.630347696846001782e-06 1.513490133220329881e-08 9.912910172715783119e-07 3.822151484200730920e-08 1.800590689526870847e-05 8.027952571865171194e-05 1.732037526380736381e-05 3.833773007499985397e-06 1.630347696846001782e-06 1.513490133220329881e-08 9.912910172715783119e-07 3.822151484200730920e-08
2.100000000000000000e+03 5.569555014517391101e-06 5.547132332139881328e-06 2.825878027579165064e-06 3.883533281623385847e-06 3.991829089500242844e-11 1.657554093981161714e-10 2.946762833744287491e-10 2.273736754432320595e-13 5.511932613444514573e-06 5.361499916034517810e-06 2.875027803384000435e-06 3.730721346073551103e-06 3.991829089500242844e-11 1.657554093981161714e-10 2.946762833744287491e-10 2.273736754432320595e-13
2.400000000000000000e+03 5.469014467962551862e-06 5.543169208976905793e-06 2.648703457452938892e-06 3.673719902508310042e-06 5.130118552187923342e-12 1.002717908704653382e-10 3.637978807091712952e-10 4.456524038687348366e-11 5.421002697403309867e-06 5.352976586436852813e-06 2.695861894608242437e-06 3.530338062773807906e-06 5.130118552187923342e-12 1.002717908704653382e-10 3.637978807091712952e-10 4.456524038687348366e-11
2.700000000000000000e+03 5.370423878048313782e-06 5.492364380188519135e-06 2.530203346395865083e-06 3.455683781794505194e-06 1.229096824317821302e-10 6.630216375924646854e-10 3.059540176764130592e-09 1.455191522836685181e-11 5.343561042536748573e-06 5.299222721077967435e-06 2.576341785243130289e-06 3.322866177768446505e-06 1.229096824317821302e-10 6.630216375924646854e-10 3.059540176764130592e-09 1.455191522836685181e-11
3.000000000000000000e+03 5.267131200525909662e-06 5.410983249021228403e-06 2.425598268018802628e-06 3.273869879194535315e-06 1.421085471520200372e-14 2.328306436538696289e-10 8.185452315956354141e-10 9.094947017729282379e-11 5.238337507762480527e-06 5.213607892073923722e-06 2.469612127242726274e-06 3.150303200527559966e-06 1.421085471520200372e-14 2.328306436538696289e-10 8.185452315956354141e-10 9.094947017729282379e-11
3.300000000000000000e+03 5.185020654607797042e-06 5.315294401952996850e-06 2.324266461073420942e-06 3.118728045592433773e-06 1.449649289497756399e-10 3.219838617951609194e-09 7.366907084360718727e-09 5.684341886080801487e-12 5.167688414076110348e-06 5.108956429467070848e-06 2.365818090765969828e-06 3.001239974764757790e-06 1.449649289497756399e-10 3.219838617951609194e-09 7.366907084360718727e-09 5.684341886080801487e-12
3.600000000000000000e+03 5.596540177066344768e-06 5.240005521045532078e-06 2.219696398242376745e-06 2.975396228066529147e-06 6.722622458710247884e-08 7.448988981195725501e-07 1.803040504455566406e-06 1.051375875249505043e-09 5.627478913083905354e-06 5.014703674532938749e-06 2.259976326968171634e-06 2.861527718778233975e-06 6.722622458710247884e-08 7.448988981195725501e-07 1.803040504455566406e-06 1.051375875249505043e-09
3.900000000000000000e+03 5.053810127719771117e-06 5.099735062685795128e-06 2.144135351045406424e-06 2.853422301996033639e-06 3.246952928748214617e-09 3.458353603491559625e-08 7.754715625196695328e-08 1.782609615474939346e-10 5.056524969404563308e-06 4.876916136709041893e-06 2.183286142098950222e-06 2.742657670751214027e-06 3.246952928748214617e-09 3.458353603491559625e-08 7.754715625196695328e-08 1.782609615474939346e-10
4.200000000000000000e+03 4.979759523848770186e-06 4.991058631276246160e-06 2.082180117213283665e-06 2.732744633249239996e-06 4.302478373574558645e-10 2.801471055136062205e-09 6.417394615709781647e-09 1.782609615474939346e-10 4.980925496056443080e-06 4.765289759234292433e-06 2.119927330568316393e-06 2.623534328449750319e-06 4.302478373574558645e-10 2.801471055136062205e-09 6.417394615709781647e-09 1.782609615474939346e-10
4.500000000000000000e+03 4.928762791678309441e-06 4.882918346993392333e-06 2.026300535362679511e-06 2.612044909255928360e-06 5.098868882669194136e-09 6.195568857947364450e-08 1.397565938532352448e-07 9.094947017729282379e-13 4.924995209876215085e-06 4.661170805775327608e-06 2.062823114101774991e-06 2.504813892301172018e-06 5.098868882669194136e-09 6.195568857947364450e-08 1.397565938532352448e-07 9.094947017729282379e-13
4.800000000000000000e+03 7.114143500075442716e-06 5.073929969512391835e-06 2.049576778517803177e-06 2.489618282197625376e-06 7.548087523900903761e-07 8.675517165102064610e-06 1.944624818861484528e-05 2.785327524179592729e-08 7.000442110438598320e-06 4.909018116450170055e-06 2.086744189000455663e-06 2.386130290688015521e-06 7.548087523900903761e-07 8.675517165102064610e-06 1.944624818861484528e-05 2.785327524179592729e-08
5.100000000000000000e+03 4.793645075551467016e-06 4.672363502322696149e-06 1.945327539942809381e-06 2.340442733839154243e-06 2.435683654766762629e-09 3.300579010101500899e-08 7.232665666379034519e-08 1.100488589145243168e-10 4.799137059308122844e-06 4.450263077160343528e-06 1.981242576221120544e-06 2.235663487226702273e-06 2.435683654766762629e-09 3.300579010101500899e-08 7.232665666379034519e-08 1.100488589145243168e-10
5.400000000000000000e+03 5.271318514132872224e-06 4.615635589289013296e-06 1.915331949930987321e-06 2.181765239583910443e-06 1.679700858403521124e-07 1.777520083123818040e-06 4.033823643112555146e-06 2.009073796216398478e-09 5.317801424098433927e-06 4.384597559692338109e-06 1.952415459527401254e-06 2.077636963804252446e-06 1.679700858403521124e-07 1.777520083123818040e-06 4.033823643112555146e-06 2.009073796216398478e-09
5.700000000000000000e+03 4.662234005081700161e-06 4.467246526473900303e-06 1.901934524539683480e-06 2.011435753956902772e-06 1.020680429064668715e-09 1.342618816124740988e-08 3.214518073946237564e-08 4.010871634818613529e-10 4.677730430557858199e-06 4.232989340380299836e-06 1.937170054588932544e-06 1.909890215756604448e-06 1.020680429064668715e-09 1.342618816124740988e-08 3.214518073946237564e-08 4.010871634818613529e-10
6.000000000000000000e+03 4.614926638168981299e-06 4.564004029816715047e-06 1.937664592333021574e-06 1.834128397604217753e-06 2.046363078989088535e-10 4.846697265747934580e-09 8.381903171539306641e-09 2.228489393019117415e-09 4.631592673831619322e-06 4.274006187188206241e-06 1.968920514627825469e-06 1.734710849632392637e-06 2.046363078989088535e-10 4.846697265747934580e-09 8.381903171539306641e-09 2.228489393019117415e-09
6.300000000000000000e+03 4.542158876574831083e-06 4.267241365596419200e-06 1.893084686344082002e-06 1.680002242210321128e-06 5.741327413488761522e-10 8.734787115827202797e-09 1.992157194763422012e-08 3.637978807091712952e-10 4.563412403513211757e-06 4.039579835080076009e-06 1.928504161696764641e-06 1.582329900884360541e-06 5.741327413488761522e-10 8.734787115827202797e-09 1.992157194763422012e-08 3.637978807091712952e-10
6.600000000000000000e+03 4.830847501580137759e-06 4.250951860740315169e-06 1.900518441289023031e-06 1.540802031740895472e-06 1.336742485591457807e-07 1.487788722442928702e-06 3.331839252496138215e-06 8.381903171539306641e-09 4.876778803009074181e-06 3.996020041086012498e-06 1.935884029080625623e-06 1.444544636797218118e-06 1.336742485591457807e-07 1.487788722442928702e-06 3.331839252496138215e-06 8.381903171539306641e-09
6.900000000000000000e+03 4.488665126700652763e-06 4.105163498024921864e-06 1.889239001684472896e-06 1.425571213076182175e-06 2.118612485446647042e-08 2.260114797536516562e-07 5.061483534518629313e-07 1.455191522836685181e-09 4.523955340118845925e-06 3.874937647196929902e-06 1.924689286170178093e-06 1.330549480371701065e-06 2.118612485446647042e-08 2.260114797536516562e-07 5.061483534518629313e-07 1.455191522836685181e-09
7.200000000000000000e+03 1.436552247469080612e-05 6.604101599805289879e-06 2.328430582565488294e-06 1.325215180258965120e-06 3.828213266388047487e-06 4.254503437550738454e-05 9.514404518995434046e-05 1.292655724682845175e-07 1.438419531041290611e-05 6.219987426447914913e-06 2.356940512981964275e-06 1.228857286150741857e-06 3.828213266388047487e-06 4.254503437550738454e-05 9.514404518995434046e-05 1.292655724682845175e-07
7.500000000000000000e+03 4.350158633315004408e-06 3.963662493333686143e-06 1.871352083071542438e-06 1.243788801730261184e-06 1.237039271018147701e-08 1.268765572604024783e-07 2.831839083228260279e-07 1.245098246727138758e-09 4.383378836791962385e-06 3.729842092070612125e-06 1.904972350530442782e-06 1.151579795077850576e-06 1.237039271018147701e-08 1.268765572604024783e-07 2.831839083228260279e-07 1.245098246727138758e-09
7.800000000000000000e+03 4.430850822245702147e-06 4.795711447513895109e-06 2.053391654044389725e-06 1.163365141110261902e-06 1.125641801991150714e-10 8.913957572076469660e-09 1.060834620147943497e-08 3.059540176764130592e-09 4.451037511898903176e-06 4.441527835297165439e-06 2.073912810374167748e-06 1.072215127351228148e-06 1.125641801991150714e-10 8.913957572076469660e-09 1.060834620147943497e-08 3.059540176764130592e-09
8.100000000000000000e+03 4.330685897002695128e-06 3.847368589049438015e-06 1.848046053964935709e-06 1.105741489482170437e-06 3.552089822278503561e-08 4.088817604497307912e-07 9.131363185588270426e-07 9.904397302307188511e-10 4.345912202552426606e-06 3.625931867645704187e-06 1.880180093394301366e-06 1.015596467368595768e-06 3.552089822278503561e-08 4.088817604497307912e-07 9.131363185588270426e-07 9.904397302307188511e-10
8.400000000000000000e+03 4.261738922650692984e-06 3.790250048041343689e-06 1.830861037888098508e-06 1.052329821504827123e-06 2.457376524489518488e-08 2.608069280540803447e-07 5.908405000809580088e-07 7.648850441910326481e-10 4.297401574149262160e-06 3.566274699551286176e-06 1.863909915300610010e-06 9.628394082028535195e-07 2.457376524489518488e-08 2.608069280540803447e-07 5.908405000809580088e-07 7.648850441910326481e-10
8.700000000000000000e+03 4.338761300459736958e-06 3.827102318609831855e-06 1.834253339438873809e-06 1.002446424536174163e-06 8.726152600502246059e-08 1.033509761327877641e-06 2.281973138451576233e-06 5.604533726000227034e-09 4.348542461229953915e-06 3.639672286226414144e-06 1.868482172540097963e-06 9.148608910436450969e-07 8.726152600502246059e-08 1.033509761327877641e-06 2.281973138451576233e-06 5.604533726000227034e-09
9.000000000000000000e+03 4.106789219804340973e-06 3.698349928527022712e-06 1.800891936909465585e-06 9.586827900420757942e-07 5.712138317903736606e-09 5.238689482212066650e-08 1.191838236991316080e-07 1.100488589145243168e-10 4.139593784202588722e-06 3.485585011731018312e-06 1.833757323765894398e-06 8.713245733815710992e-07 5.712138317903736606e-09 5.238689482212066650e-08 1.191838236991316080e-07 1.100488589145243168e-10
9.282000000000000000e+03 4.051822088513290510e-06 3.642772753664758056e-06 1.781534933797956910e-06 9.226819770447036717e-07 4.896619998362439219e-09 4.707203515863511711e-08 1.039043127093464136e-07 1.309672370553016663e-10 4.082568466401426122e-06 3.414053480810252950e-06 1.812391019484493881e-06 8.365684038835752290e-07 4.896619998362439219e-09 4.707203515863511711e-08 1.039043127093464136e-07 1.309672370553016663e-10
