# x
0.000000000000000000e+00
0.000000000000000000e+00
0.000000000000000000e+00
0.000000000000000000e+00
0.000000000000000000e+00
0.000000000000000000e+00
0.000000000000000000e+00
0.000000000000000000e+00
0.000000000000000000e+00
1.600000000000000000e+01
1.600000000000000000e+01
0.000000000000000000e+00
1.600000000000000000e+01
1.600000000000000000e+01
1.600000000000000000e+01
1.600000000000000000e+01
1.600000000000000000e+01
1.600000000000000000e+01
8.000000000000000000e+00
4.000000000000000000e+00
1.200000000000000000e+01
2.000000000000000000e+00
1.000000000000000000e+01
6.000000000000000000e+00
1.400000000000000000e+01
1.000000000000000000e+00
9.000000000000000000e+00
5.000000000000000000e+00
1.300000000000000000e+01
3.000000000000000000e+00
1.100000000000000000e+01
7.000000000000000000e+00
1.500000000000000000e+01
5.000000000000000000e-01
8.500000000000000000e+00
4.500000000000000000e+00
1.250000000000000000e+01
2.500000000000000000e+00
1.050000000000000000e+01
6.500000000000000000e+00
1.450000000000000000e+01
1.500000000000000000e+00
9.500000000000000000e+00
5.500000000000000000e+00
1.350000000000000000e+01
3.500000000000000000e+00
1.150000000000000000e+01
7.500000000000000000e+00
1.550000000000000000e+01
2.500000000000000000e-01
8.250000000000000000e+00
4.250000000000000000e+00
1.225000000000000000e+01
2.250000000000000000e+00
1.025000000000000000e+01
6.250000000000000000e+00
1.425000000000000000e+01
1.250000000000000000e+00
9.250000000000000000e+00
5.250000000000000000e+00
1.325000000000000000e+01
3.250000000000000000e+00
1.125000000000000000e+01
7.250000000000000000e+00
1.525000000000000000e+01
7.500000000000000000e-01
8.750000000000000000e+00
4.750000000000000000e+00
1.275000000000000000e+01
2.750000000000000000e+00
1.075000000000000000e+01
6.750000000000000000e+00
1.475000000000000000e+01
1.750000000000000000e+00
9.750000000000000000e+00
5.750000000000000000e+00
1.375000000000000000e+01
3.750000000000000000e+00
1.175000000000000000e+01
7.750000000000000000e+00
1.575000000000000000e+01
1.250000000000000000e-01
8.125000000000000000e+00
4.125000000000000000e+00
1.212500000000000000e+01
2.125000000000000000e+00
1.012500000000000000e+01
6.125000000000000000e+00
1.412500000000000000e+01
1.125000000000000000e+00
9.125000000000000000e+00
5.125000000000000000e+00
1.312500000000000000e+01
3.125000000000000000e+00
1.112500000000000000e+01
7.125000000000000000e+00
1.512500000000000000e+01
6.250000000000000000e-01
8.625000000000000000e+00
4.625000000000000000e+00
1.262500000000000000e+01
2.625000000000000000e+00
1.062500000000000000e+01
6.625000000000000000e+00
1.462500000000000000e+01
1.625000000000000000e+00
9.625000000000000000e+00
5.625000000000000000e+00
1.362500000000000000e+01
3.625000000000000000e+00
1.162500000000000000e+01
7.625000000000000000e+00
1.562500000000000000e+01
3.750000000000000000e-01
8.375000000000000000e+00
4.375000000000000000e+00
1.237500000000000000e+01
2.375000000000000000e+00
1.037500000000000000e+01
6.375000000000000000e+00
1.437500000000000000e+01
1.375000000000000000e+00
9.375000000000000000e+00
5.375000000000000000e+00
1.337500000000000000e+01
3.375000000000000000e+00
1.137500000000000000e+01
7.375000000000000000e+00
1.537500000000000000e+01
8.750000000000000000e-01
8.875000000000000000e+00
4.875000000000000000e+00
1.287500000000000000e+01
2.875000000000000000e+00
1.087500000000000000e+01
6.875000000000000000e+00
1.487500000000000000e+01
1.875000000000000000e+00
9.875000000000000000e+00
5.875000000000000000e+00
1.387500000000000000e+01
3.875000000000000000e+00
1.187500000000000000e+01
7.875000000000000000e+00
1.587500000000000000e+01
6.250000000000000000e-02
8.062500000000000000e+00
4.062500000000000000e+00
1.206250000000000000e+01
2.062500000000000000e+00
1.006250000000000000e+01
6.062500000000000000e+00
1.406250000000000000e+01
1.062500000000000000e+00
9.062500000000000000e+00
5.062500000000000000e+00
1.306250000000000000e+01
3.062500000000000000e+00
1.106250000000000000e+01
7.062500000000000000e+00
1.506250000000000000e+01
5.625000000000000000e-01
8.562500000000000000e+00
4.562500000000000000e+00
1.256250000000000000e+01
2.562500000000000000e+00
1.056250000000000000e+01
6.562500000000000000e+00
1.456250000000000000e+01
1.562500000000000000e+00
9.562500000000000000e+00
5.562500000000000000e+00
1.356250000000000000e+01
3.562500000000000000e+00
1.156250000000000000e+01
7.562500000000000000e+00
1.556250000000000000e+01
3.125000000000000000e-01
8.312500000000000000e+00
4.312500000000000000e+00
1.231250000000000000e+01
2.312500000000000000e+00
1.031250000000000000e+01
6.312500000000000000e+00
1.431250000000000000e+01
1.312500000000000000e+00
9.312500000000000000e+00
5.312500000000000000e+00
1.331250000000000000e+01
3.312500000000000000e+00
1.131250000000000000e+01
7.312500000000000000e+00
1.531250000000000000e+01
8.125000000000000000e-01
8.812500000000000000e+00
4.812500000000000000e+00
1.281250000000000000e+01
2.812500000000000000e+00
1.081250000000000000e+01
6.812500000000000000e+00
1.481250000000000000e+01
1.812500000000000000e+00
9.812500000000000000e+00
5.812500000000000000e+00
1.381250000000000000e+01
3.812500000000000000e+00
1.181250000000000000e+01
7.812500000000000000e+00
1.581250000000000000e+01
1.875000000000000000e-01
8.187500000000000000e+00
4.187500000000000000e+00
1.218750000000000000e+01
2.187500000000000000e+00
1.018750000000000000e+01
6.187500000000000000e+00
1.418750000000000000e+01
1.187500000000000000e+00
9.187500000000000000e+00
5.187500000000000000e+00
1.318750000000000000e+01
3.187500000000000000e+00
1.118750000000000000e+01
7.187500000000000000e+00
1.518750000000000000e+01
6.875000000000000000e-01
8.687500000000000000e+00
4.687500000000000000e+00
1.268750000000000000e+01
2.687500000000000000e+00
1.068750000000000000e+01
6.687500000000000000e+00
1.468750000000000000e+01
1.687500000000000000e+00
9.687500000000000000e+00
5.687500000000000000e+00
1.368750000000000000e+01
3.687500000000000000e+00
1.168750000000000000e+01
7.687500000000000000e+00
1.568750000000000000e+01
4.375000000000000000e-01
8.437500000000000000e+00
4.437500000000000000e+00
1.243750000000000000e+01
2.437500000000000000e+00
1.043750000000000000e+01
6.437500000000000000e+00
1.443750000000000000e+01
1.437500000000000000e+00
9.437500000000000000e+00
5.437500000000000000e+00
1.343750000000000000e+01
3.437500000000000000e+00
1.143750000000000000e+01
7.437500000000000000e+00
1.543750000000000000e+01
9.375000000000000000e-01
8.937500000000000000e+00
4.937500000000000000e+00
1.293750000000000000e+01
2.937500000000000000e+00
1.093750000000000000e+01
6.937500000000000000e+00
1.493750000000000000e+01
1.937500000000000000e+00
9.937500000000000000e+00
5.937500000000000000e+00
1.393750000000000000e+01
3.937500000000000000e+00
1.193750000000000000e+01
7.937500000000000000e+00
1.593750000000000000e+01
3.125000000000000000e-02
8.031250000000000000e+00
4.031250000000000000e+00
1.203125000000000000e+01
2.031250000000000000e+00
1.003125000000000000e+01
6.031250000000000000e+00
1.403125000000000000e+01
1.031250000000000000e+00
9.031250000000000000e+00
5.031250000000000000e+00
1.303125000000000000e+01
3.031250000000000000e+00
1.103125000000000000e+01
7.031250000000000000e+00
1.503125000000000000e+01
5.312500000000000000e-01
8.531250000000000000e+00
4.531250000000000000e+00
1.253125000000000000e+01
2.531250000000000000e+00
1.053125000000000000e+01
6.531250000000000000e+00
1.453125000000000000e+01
1.531250000000000000e+00
9.531250000000000000e+00
5.531250000000000000e+00
1.353125000000000000e+01
3.531250000000000000e+00
1.153125000000000000e+01
7.531250000000000000e+00
1.553125000000000000e+01
2.812500000000000000e-01
8.281250000000000000e+00
4.281250000000000000e+00
1.228125000000000000e+01
2.281250000000000000e+00
1.028125000000000000e+01
6.281250000000000000e+00
1.428125000000000000e+01
1.281250000000000000e+00
9.281250000000000000e+00
5.281250000000000000e+00
1.328125000000000000e+01
3.281250000000000000e+00
1.128125000000000000e+01
7.281250000000000000e+00
1.528125000000000000e+01
7.812500000000000000e-01
8.781250000000000000e+00
4.781250000000000000e+00
1.278125000000000000e+01
2.781250000000000000e+00
1.078125000000000000e+01
6.781250000000000000e+00
1.478125000000000000e+01
1.781250000000000000e+00
9.781250000000000000e+00
5.781250000000000000e+00
1.378125000000000000e+01
3.781250000000000000e+00
1.178125000000000000e+01
7.781250000000000000e+00
1.578125000000000000e+01
1.562500000000000000e-01
8.156250000000000000e+00
4.156250000000000000e+00
1.215625000000000000e+01
2.156250000000000000e+00
1.015625000000000000e+01
6.156250000000000000e+00
1.415625000000000000e+01
1.156250000000000000e+00
9.156250000000000000e+00
5.156250000000000000e+00
1.315625000000000000e+01
3.156250000000000000e+00
1.115625000000000000e+01
7.156250000000000000e+00
1.515625000000000000e+01
6.562500000000000000e-01
8.656250000000000000e+00
4.656250000000000000e+00
1.265625000000000000e+01
2.656250000000000000e+00
1.065625000000000000e+01
6.656250000000000000e+00
1.465625000000000000e+01
1.656250000000000000e+00
9.656250000000000000e+00
5.656250000000000000e+00
1.365625000000000000e+01
3.656250000000000000e+00
1.165625000000000000e+01
7.656250000000000000e+00
1.565625000000000000e+01
4.062500000000000000e-01
8.406250000000000000e+00
4.406250000000000000e+00
1.240625000000000000e+01
2.406250000000000000e+00
1.040625000000000000e+01
6.406250000000000000e+00
1.440625000000000000e+01
1.406250000000000000e+00
9.406250000000000000e+00
5.406250000000000000e+00
1.340625000000000000e+01
3.406250000000000000e+00
1.140625000000000000e+01
7.406250000000000000e+00
1.540625000000000000e+01
9.062500000000000000e-01
8.906250000000000000e+00
4.906250000000000000e+00
1.290625000000000000e+01
2.906250000000000000e+00
1.090625000000000000e+01
6.906250000000000000e+00
1.490625000000000000e+01
1.906250000000000000e+00
9.906250000000000000e+00
5.906250000000000000e+00
1.390625000000000000e+01
3.906250000000000000e+00
1.190625000000000000e+01
7.906250000000000000e+00
1.590625000000000000e+01
9.375000000000000000e-02
8.093750000000000000e+00
4.093750000000000000e+00
1.209375000000000000e+01
2.093750000000000000e+00
1.009375000000000000e+01
6.093750000000000000e+00
1.409375000000000000e+01
1.093750000000000000e+00
9.093750000000000000e+00
5.093750000000000000e+00
1.309375000000000000e+01
3.093750000000000000e+00
1.109375000000000000e+01
7.093750000000000000e+00
1.509375000000000000e+01
5.937500000000000000e-01
8.593750000000000000e+00
4.593750000000000000e+00
1.259375000000000000e+01
2.593750000000000000e+00
1.059375000000000000e+01
6.593750000000000000e+00
1.459375000000000000e+01
1.593750000000000000e+00
9.593750000000000000e+00
5.593750000000000000e+00
1.359375000000000000e+01
3.593750000000000000e+00
1.159375000000000000e+01
7.593750000000000000e+00
1.559375000000000000e+01
3.437500000000000000e-01
8.343750000000000000e+00
4.343750000000000000e+00
1.234375000000000000e+01
2.343750000000000000e+00
1.034375000000000000e+01
6.343750000000000000e+00
1.434375000000000000e+01
1.343750000000000000e+00
9.343750000000000000e+00
5.343750000000000000e+00
1.334375000000000000e+01
3.343750000000000000e+00
1.134375000000000000e+01
7.343750000000000000e+00
1.534375000000000000e+01
8.437500000000000000e-01
8.843750000000000000e+00
4.843750000000000000e+00
1.284375000000000000e+01
2.843750000000000000e+00
1.084375000000000000e+01
6.843750000000000000e+00
1.484375000000000000e+01
1.843750000000000000e+00
9.843750000000000000e+00
5.843750000000000000e+00
1.384375000000000000e+01
3.843750000000000000e+00
1.184375000000000000e+01
7.843750000000000000e+00
1.584375000000000000e+01
2.187500000000000000e-01
8.218750000000000000e+00
4.218750000000000000e+00
1.221875000000000000e+01
2.218750000000000000e+00
1.021875000000000000e+01
6.218750000000000000e+00
1.421875000000000000e+01
1.218750000000000000e+00
9.218750000000000000e+00
5.218750000000000000e+00
1.321875000000000000e+01
3.218750000000000000e+00
1.121875000000000000e+01
7.218750000000000000e+00
1.521875000000000000e+01
7.187500000000000000e-01
8.718750000000000000e+00
4.718750000000000000e+00
1.271875000000000000e+01
2.718750000000000000e+00
1.071875000000000000e+01
6.718750000000000000e+00
1.471875000000000000e+01
1.718750000000000000e+00
9.718750000000000000e+00
5.718750000000000000e+00
1.371875000000000000e+01
3.718750000000000000e+00
1.171875000000000000e+01
7.718750000000000000e+00
1.571875000000000000e+01
4.687500000000000000e-01
8.468750000000000000e+00
4.468750000000000000e+00
1.246875000000000000e+01
2.468750000000000000e+00
1.046875000000000000e+01
6.468750000000000000e+00
1.446875000000000000e+01
1.468750000000000000e+00
9.468750000000000000e+00
5.468750000000000000e+00
1.346875000000000000e+01
3.468750000000000000e+00
1.146875000000000000e+01
7.468750000000000000e+00
1.546875000000000000e+01
9.687500000000000000e-01
8.968750000000000000e+00
4.968750000000000000e+00
1.296875000000000000e+01
2.968750000000000000e+00
1.096875000000000000e+01
6.968750000000000000e+00
1.496875000000000000e+01
1.968750000000000000e+00
9.968750000000000000e+00
5.968750000000000000e+00
1.396875000000000000e+01
3.968750000000000000e+00
1.196875000000000000e+01
7.968750000000000000e+00
1.596875000000000000e+01
1.562500000000000000e-02
8.015625000000000000e+00
4.015625000000000000e+00
1.201562500000000000e+01
2.015625000000000000e+00
1.001562500000000000e+01
6.015625000000000000e+00
1.401562500000000000e+01
1.015625000000000000e+00
9.015625000000000000e+00
5.015625000000000000e+00
1.301562500000000000e+01
3.015625000000000000e+00
1.101562500000000000e+01
7.015625000000000000e+00
1.501562500000000000e+01
5.156250000000000000e-01
8.515625000000000000e+00
4.515625000000000000e+00
1.251562500000000000e+01
2.515625000000000000e+00
1.051562500000000000e+01
6.515625000000000000e+00
1.451562500000000000e+01
1.515625000000000000e+00
9.515625000000000000e+00
5.515625000000000000e+00
1.351562500000000000e+01
3.515625000000000000e+00
1.151562500000000000e+01
7.515625000000000000e+00
1.551562500000000000e+01
2.656250000000000000e-01
8.265625000000000000e+00
4.265625000000000000e+00
1.226562500000000000e+01
2.265625000000000000e+00
1.026562500000000000e+01
6.265625000000000000e+00
1.426562500000000000e+01
1.265625000000000000e+00
9.265625000000000000e+00
5.265625000000000000e+00
1.326562500000000000e+01
3.265625000000000000e+00
1.126562500000000000e+01
7.265625000000000000e+00
1.526562500000000000e+01
7.656250000000000000e-01
8.765625000000000000e+00
4.765625000000000000e+00
1.276562500000000000e+01
2.765625000000000000e+00
1.076562500000000000e+01
6.765625000000000000e+00
1.476562500000000000e+01
1.765625000000000000e+00
9.765625000000000000e+00
5.765625000000000000e+00
1.376562500000000000e+01
3.765625000000000000e+00
1.176562500000000000e+01
7.765625000000000000e+00
1.576562500000000000e+01
1.406250000000000000e-01
8.140625000000000000e+00
4.140625000000000000e+00
1.214062500000000000e+01
2.140625000000000000e+00
1.014062500000000000e+01
6.140625000000000000e+00
1.414062500000000000e+01
1.140625000000000000e+00
9.140625000000000000e+00
5.140625000000000000e+00
1.314062500000000000e+01
3.140625000000000000e+00
1.114062500000000000e+01
7.140625000000000000e+00
1.514062500000000000e+01
6.406250000000000000e-01
8.640625000000000000e+00
4.640625000000000000e+00
1.264062500000000000e+01
2.640625000000000000e+00
1.064062500000000000e+01
6.640625000000000000e+00
1.464062500000000000e+01
1.640625000000000000e+00
