# step, loss_train, loss_test, metrics_test
0.000000000000000000e+00 5.290708541870117188e+00 1.439721069335937500e+02 1.831833007812500000e+03 3.928929567337036133e+00 1.322499990463256836e+00 3.600000000000000000e+01 4.579599914550781250e+02 1.000000000000000000e+00 5.290674686431884766e+00 1.439711761474609375e+02 1.831835449218750000e+03 3.929377794265747070e+00 1.322499990463256836e+00 3.600000000000000000e+01 4.579599914550781250e+02 1.000000000000000000e+00
2.000000000000000000e+03 3.174787712097167969e+01 1.410345611572265625e+02 8.343755340576171875e+01 9.487342834472656250e+00 3.431890532374382019e-02 1.287593841552734375e+02 2.320109252929687500e+02 3.342096710205078125e+01 3.145521736145019531e+01 1.350041351318359375e+02 8.210169219970703125e+01 7.283310413360595703e+00 3.431890532374382019e-02 1.287593841552734375e+02 2.320109252929687500e+02 3.342096710205078125e+01
4.000000000000000000e+03 1.931954574584960938e+01 5.211500930786132812e+01 3.321640396118164062e+01 2.384426116943359375e+01 1.660726405680179596e-02 8.781945037841796875e+01 1.460896148681640625e+02 1.585764122009277344e+01 1.980715751647949219e+01 5.122697448730468750e+01 3.216700363159179688e+01 1.963312149047851562e+01 1.660723425447940826e-02 8.781943511962890625e+01 1.460896453857421875e+02 1.585763740539550781e+01
6.000000000000000000e+03 1.061817455291748047e+01 2.997000122070312500e+01 1.907488822937011719e+01 2.607913970947265625e+01 1.128105148673057556e-01 5.866614532470703125e+01 8.855928039550781250e+01 1.185776805877685547e+01 1.094326591491699219e+01 3.074269294738769531e+01 1.946288108825683594e+01 2.451203727722167969e+01 1.128106340765953064e-01 5.866614532470703125e+01 8.855925750732421875e+01 1.185776805877685547e+01
8.000000000000000000e+03 2.028681516647338867e+00 2.226906567811965942e-01 8.826778531074523926e-01 1.310803031921386719e+01 8.872478501871228218e-04 1.255532167851924896e-02 1.509383487701416016e+01 8.065385818481445312e+00 3.848498916625976562e+01 6.475220214843750000e+03 7.078194824218750000e+03 1.830913162231445312e+01 8.872123435139656067e-04 1.255532167851924896e-02 1.509380435943603516e+01 8.065385818481445312e+00
1.000000000000000000e+04 1.230977848172187805e-01 1.552349980920553207e-02 1.325720846652984619e-01 2.518812417984008789e+00 1.456595771014690399e-02 5.195133388042449951e-03 1.713645815849304199e+00 1.435447216033935547e+00 5.064315490722656250e+02 1.944758789062500000e+04 4.347040625000000000e+04 4.969029235839843750e+01 1.456592977046966553e-02 5.195064935833215714e-03 1.713640809059143066e+00 1.435446739196777344e+00
1.200000000000000000e+04 1.404312159866094589e-02 3.811777103692293167e-03 2.583132497966289520e-02 1.118213295936584473e+00 3.529434034135192633e-04 6.115889642387628555e-03 1.895598769187927246e-01 3.252835571765899658e-01 2.086364746093750000e+02 4.275861328125000000e+03 1.243107031250000000e+04 4.810639572143554688e+01 3.529389214236289263e-04 6.115889642387628555e-03 1.895565539598464966e-01 3.252836763858795166e-01
1.400000000000000000e+04 4.819775000214576721e-03 1.495384611189365387e-03 4.345678724348545074e-03 7.075080871582031250e-01 1.776566591615846846e-06 7.856228621676564217e-04 1.078034285455942154e-02 4.326645657420158386e-02 8.690285491943359375e+01 1.472514282226562500e+03 4.917984863281250000e+03 1.980672454833984375e+01 1.777202214725548401e-06 7.856228621676564217e-04 1.078034285455942154e-02 4.326650500297546387e-02
1.600000000000000000e+04 3.094773273915052414e-03 7.737531559541821480e-04 2.130127046257257462e-03 4.152550399303436279e-01 1.417960788785421755e-06 1.045469252858310938e-04 7.029950502328574657e-04 6.200738716870546341e-03 4.005057525634765625e+01 6.942258911132812500e+02 2.464190185546875000e+03 1.068457412719726562e+01 1.418244664819212630e-06 1.045664321281947196e-04 7.029950502328574657e-04 6.200644653290510178e-03
1.800000000000000000e+04 1.741221640259027481e-03 8.239272865466773510e-04 2.765643410384654999e-03 2.045526653528213501e-01 1.193484990835713688e-07 7.260905476869083941e-06 2.625966444611549377e-04 2.144224941730499268e-03 1.759452629089355469e+01 3.484762878417968750e+02 1.298909301757812500e+03 5.797813892364501953e+00 1.195132881548488513e-07 7.260905476869083941e-06 2.625966444611549377e-04 2.144224941730499268e-03
2.000000000000000000e+04 7.375100976787507534e-04 2.600580046419054270e-04 4.076994373463094234e-04 7.847682386636734009e-02 2.088932546939759050e-07 3.352761268615722656e-06 1.042059157043695450e-04 9.755643550306558609e-04 7.974437713623046875e+00 1.798626098632812500e+02 7.080663452148437500e+02 3.111556529998779297e+00 2.085664760897998349e-07 3.354507725816802122e-06 1.041280484059825540e-04 9.755495120771229267e-04
2.200000000000000000e+04 3.817749093286693096e-04 7.018059259280562401e-04 9.974272688850760460e-04 2.252444438636302948e-02 1.017334056996332947e-06 4.230278136674314737e-07 2.581835724413394928e-05 2.453976485412567854e-04 3.886518478393554688e+00 9.680456542968750000e+01 4.008849182128906250e+02 1.701283931732177734e+00 1.018055627355352044e-06 4.224077656544977799e-07 2.583774403319694102e-05 2.454126079101115465e-04
2.400000000000000000e+04 1.439823390683159232e-04 3.318099479656666517e-04 7.338654831983149052e-04 5.068008322268724442e-03 1.644708049752807710e-07 2.374881660216487944e-07 4.165121936239302158e-06 3.635183384176343679e-05 2.197138071060180664e+00 5.836375808715820312e+01 2.486927795410156250e+02 1.037134170532226562e+00 1.644708049752807710e-07 2.365595719311386347e-07 4.165121936239302158e-06 3.635327084339223802e-05
2.600000000000000000e+04 2.951137139461934566e-04 3.284007776528596878e-03 4.992404021322727203e-03 1.165020745247602463e-03 2.142974153684917837e-08 3.784953150898218155e-08 3.012610250152647495e-08 5.779093498858856037e-06 1.377797603607177734e+00 3.757004928588867188e+01 1.608971405029296875e+02 6.551556587219238281e-01 2.142974153684917837e-08 3.784953150898218155e-08 3.012610250152647495e-08 5.779093498858856037e-06
2.800000000000000000e+04 3.720369204529561102e-05 4.666161112254485488e-05 6.109700916567817330e-05 5.572439404204487801e-04 4.135978315389365889e-08 5.392394086811691523e-09 1.713087840471416712e-07 1.560188138682860881e-06 7.759451866149902344e-01 2.084029960632324219e+01 8.467736053466796875e+01 3.162962198257446289e-01 4.131130992846010486e-08 5.533365765586495399e-09 1.681655703578144312e-07 1.559294901198882144e-06
3.000000000000000000e+04 2.487467463652137667e-05 3.649360223789699376e-05 5.215948476688936353e-05 3.584757505450397730e-04 8.881784197001252323e-12 1.419039108441211283e-09 1.060834620147943497e-08 2.555975697760004550e-07 6.883003711700439453e-01 1.845981979370117188e+01 7.468273925781250000e+01 2.806544601917266846e-01 8.185452315956354141e-12 1.491798684583045542e-09 1.223816070705652237e-08 2.554770617280155420e-07
3.200000000000000000e+04 1.870331834652461112e-05 3.050338818866293877e-05 4.726177576230838895e-05 2.733393339440226555e-04 2.628439688123762608e-10 5.022684490540996194e-10 1.455191522836685181e-09 7.387370715150609612e-08 5.121675729751586914e-01 1.356162452697753906e+01 5.265086364746093750e+01 1.968830674886703491e-01 2.706315171963069588e-10 5.459241947392001748e-10 1.455191522836685181e-09 7.400336698992759921e-08
3.400000000000000000e+04 1.454041193937882781e-05 2.617596328491345048e-05 4.370867463876493275e-05 2.183361648349091411e-04 1.309672370553016663e-10 6.386926543200388551e-10 4.401954356580972672e-10 1.171633812191430479e-08 4.819633364677429199e-01 1.268384647369384766e+01 4.869540786743164062e+01 1.796118170022964478e-01 1.309672370553016663e-10 5.913989298278465867e-10 4.401954356580972672e-10 1.176800878965877928e-08
3.600000000000000000e+04 1.147506463894387707e-05 2.393544309597928077e-05 3.944875061279162765e-05 1.772323885234072804e-04 2.080611238852725364e-10 1.657554093981161714e-10 2.946762833744287491e-10 3.007016857736743987e-09 4.572724997997283936e-01 1.209688854217529297e+01 4.669408416748046875e+01 1.756305247545242310e-01 2.080611238852725364e-10 1.657554093981161714e-10 2.328306436538696289e-10 3.007016857736743987e-09
3.800000000000000000e+04 9.912699169944971800e-06 2.181490526709239930e-05 3.721463508554734290e-05 1.561844837851822376e-04 1.566746732351020910e-10 8.208189683500677347e-11 1.782609615474939346e-10 1.365663138130912557e-09 4.219088852405548096e-01 1.113512325286865234e+01 4.248205566406250000e+01 1.584945470094680786e-01 1.449649289497756399e-10 6.571099220309406519e-11 1.782609615474939346e-10 1.365663138130912557e-09
4.000000000000000000e+04 8.594427526986692101e-06 1.989018346648663282e-05 3.512381590553559363e-05 1.380139874527230859e-04 4.780531526193954051e-11 9.094947017729282379e-11 1.782609615474939346e-10 2.591050929368066136e-09 4.020506739616394043e-01 1.058490848541259766e+01 4.010070800781250000e+01 1.469961702823638916e-01 5.287859039526665583e-11 8.208189683500677347e-11 1.782609615474939346e-10 2.578929070295998827e-09
4.200000000000000000e+04 7.777022801747079939e-06 1.835705006669741124e-05 3.321326221339404583e-05 1.226037129526957870e-04 8.208189683500677347e-11 1.912212610477581620e-10 1.309672370553016663e-10 4.863309754910005722e-09 3.763264417648315430e-01 9.891486167907714844e+00 3.722956085205078125e+01 1.354780346155166626e-01 8.868994427757570520e-11 1.782609615474939346e-10 5.820766091346740723e-11 4.797030328518303577e-09
4.400000000000000000e+04 6.692723673040745780e-06 1.710229480522684753e-05 3.113160710199736059e-05 1.084139003069140017e-04 4.106937012693379074e-12 4.456524038687348366e-11 3.274180926382541656e-11 3.152550220875127707e-09 3.566586077213287354e-01 9.380109786987304688e+00 3.527480316162109375e+01 1.287764757871627808e-01 4.604316927725449204e-12 5.820766091346740723e-11 3.637978807091712952e-12 3.139177806588122621e-09
4.600000000000000000e+04 6.333192686724942178e-06 1.580907337483949959e-05 2.965830935863777995e-05 9.900025179376825690e-05 1.278976924368180335e-13 8.208189683500677347e-11 3.274180926382541656e-11 2.929084530478576198e-09 3.348763883113861084e-01 8.775465965270996094e+00 3.278935623168945312e+01 1.160199716687202454e-01 1.278976924368180335e-13 9.094947017729282379e-11 1.455191522836685181e-11 2.916195285251887981e-09
4.800000000000000000e+04 6.119779754953924567e-06 1.562861871207132936e-05 2.789563404803629965e-05 9.110799146583303809e-05 3.007016857736743987e-11 3.274180926382541656e-11 9.094947017729282379e-11 5.515090606422745623e-10 3.280751705169677734e-01 8.605935096740722656e+00 3.224918746948242188e+01 1.154709905385971069e-01 3.412026217120001093e-11 2.273736754432320595e-11 5.820766091346740723e-11 5.403677505455561914e-10
5.000000000000000000e+04 5.863661954208509997e-06 1.478032027080189437e-05 2.702117308217566460e-05 8.545440505258738995e-05 1.455191522836685181e-11 6.571099220309406519e-11 1.455191522836685181e-11 1.146190697909332812e-09 3.291509449481964111e-01 8.622035980224609375e+00 3.230977249145507812e+01 1.113414540886878967e-01 1.278976924368180335e-11 7.366907084360718727e-11 3.274180926382541656e-11 1.162391072284663096e-09
5.200000000000000000e+04 5.611562755802879110e-06 1.437996797903906554e-05 2.522422983020078391e-05 7.718630513409152627e-05 5.130118552187923342e-12 6.571099220309406519e-11 0.000000000000000000e+00 8.810872031972394325e-10 3.207341432571411133e-01 8.404768943786621094e+00 3.161382102966308594e+01 1.103154718875885010e-01 6.878053682157769799e-12 6.571099220309406519e-11 0.000000000000000000e+00 8.810872031972394325e-10
5.400000000000000000e+04 5.435739240056136623e-06 1.381580204906640574e-05 2.447623228363227099e-05 7.348857616307213902e-05 2.785327524179592729e-12 1.114131009671837091e-11 5.820766091346740723e-11 4.452118673725635745e-10 3.155894577503204346e-01 8.250322341918945312e+00 3.097225952148437500e+01 1.030282452702522278e-01 2.785327524179592729e-12 8.185452315956354141e-12 5.820766091346740723e-11 4.352074256530613638e-10
5.600000000000000000e+04 5.548367425944888964e-06 1.287836767005501315e-05 2.400620542175602168e-05 6.994959403527900577e-05 1.507629576735780574e-10 2.476099325576797128e-10 5.820766091346740723e-11 3.566938744370418135e-09 3.062494397163391113e-01 7.967143535614013672e+00 2.978112220764160156e+01 9.434186667203903198e-02 1.392805870636948384e-10 2.476099325576797128e-10 3.274180926382541656e-11 3.538517034940014128e-09
5.800000000000000000e+04 5.288942247716477141e-06 1.296238042414188385e-05 2.229973506473470479e-05 6.539050082210451365e-05 1.114131009671837091e-11 4.456524038687348366e-11 1.455191522836685181e-11 6.326814627755084075e-10 3.012870252132415771e-01 7.850558280944824219e+00 2.942725181579589844e+01 9.426800906658172607e-02 8.185452315956354141e-12 3.274180926382541656e-11 5.820766091346740723e-11 6.266986929404083639e-10
6.000000000000000000e+04 5.035711637901840732e-06 1.241964582732180133e-05 2.143577694369014353e-05 6.081757601350545883e-05 1.421085471520200372e-14 2.273736754432320595e-11 3.274180926382541656e-11 2.476099325576797128e-10 2.992388010025024414e-01 7.787838459014892578e+00 2.924002265930175781e+01 9.124460816383361816e-02 1.421085471520200372e-14 2.273736754432320595e-11 3.274180926382541656e-11 2.476099325576797128e-10
6.000000000000000000e+04 5.035711637901840732e-06 1.241964582732180133e-05 2.143577694369014353e-05 6.081757601350545883e-05 1.421085471520200372e-14 2.273736754432320595e-11 3.274180926382541656e-11 2.476099325576797128e-10 2.992388010025024414e-01 7.787838459014892578e+00 2.924002265930175781e+01 9.124460816383361816e-02 1.421085471520200372e-14 2.273736754432320595e-11 3.274180926382541656e-11 2.476099325576797128e-10
6.001800000000000000e+04 5.035711637901840732e-06 1.241964582732180133e-05 2.143577694369014353e-05 6.081757601350545883e-05 1.421085471520200372e-14 2.273736754432320595e-11 3.274180926382541656e-11 2.476099325576797128e-10 2.992388010025024414e-01 7.787838459014892578e+00 2.924002265930175781e+01 9.124460816383361816e-02 1.421085471520200372e-14 2.273736754432320595e-11 3.274180926382541656e-11 2.476099325576797128e-10
