# step, loss_train, loss_test, metrics_test
0.000000000000000000e+00 1.807604730129241943e-01 2.339212158203125000e+03 2.772683143615722656e+01 7.133100926876068115e-02 2.066406250000000000e+00 4.444445073604583740e-01 1.000000000000000000e+02 1.000000000000000000e+02 1.616091877222061157e-01 2.773069091796875000e+03 2.772407531738281250e+01 7.138784974813461304e-02 2.066406250000000000e+00 4.444445073604583740e-01 1.000000000000000000e+02 1.000000000000000000e+02
2.000000000000000000e+02 2.158771157264709473e-01 1.326101183891296387e+00 2.715038299560546875e+01 7.681511342525482178e-02 2.029151201248168945e+00 3.977224230766296387e-01 9.943576812744140625e+01 9.942026519775390625e+01 1.951894015073776245e-01 1.591802120208740234e+00 2.712661933898925781e+01 7.698037475347518921e-02 2.029151201248168945e+00 3.977224230766296387e-01 9.943576812744140625e+01 9.942026519775390625e+01
4.000000000000000000e+02 3.988802731037139893e-01 4.683540761470794678e-01 2.593377304077148438e+01 1.022568270564079285e-01 1.979560256004333496e+00 3.904488086700439453e-01 9.886763000488281250e+01 9.886707305908203125e+01 3.673678338527679443e-01 5.525163412094116211e-01 2.587306213378906250e+01 1.032006815075874329e-01 1.979560256004333496e+00 3.904488086700439453e-01 9.886763000488281250e+01 9.886707305908203125e+01
6.000000000000000000e+02 6.677893400192260742e-01 3.351429998874664307e-01 2.445186424255371094e+01 1.637810319662094116e-01 1.922932386398315430e+00 3.835729658603668213e-01 9.823991394042968750e+01 9.825460052490234375e+01 6.274324059486389160e-01 3.777460753917694092e-01 2.433639717102050781e+01 1.664158999919891357e-01 1.922932386398315430e+00 3.835729658603668213e-01 9.823991394042968750e+01 9.825460052490234375e+01
8.000000000000000000e+02 8.925675749778747559e-01 3.517102599143981934e-01 2.305257987976074219e+01 2.849265336990356445e-01 1.860278606414794922e+00 3.759461939334869385e-01 9.752711486816406250e+01 9.754939270019531250e+01 8.546079397201538086e-01 3.784669935703277588e-01 2.287511444091796875e+01 2.903112471103668213e-01 1.860278606414794922e+00 3.759461939334869385e-01 9.752711486816406250e+01 9.754939270019531250e+01
1.000000000000000000e+03 1.061225533485412598e+00 4.144065678119659424e-01 2.187239837646484375e+01 4.741964042186737061e-01 1.791981220245361328e+00 3.671033978462219238e-01 9.667260742187500000e+01 9.669633483886718750e+01 1.034035444259643555e+00 4.338166713714599609e-01 2.163411712646484375e+01 4.831183552742004395e-01 1.791981220245361328e+00 3.671033978462219238e-01 9.667260742187500000e+01 9.669633483886718750e+01
1.200000000000000000e+03 1.175705313682556152e+00 4.821863174438476562e-01 2.097759819030761719e+01 6.989876031875610352e-01 1.715589284896850586e+00 3.567965328693389893e-01 9.559169769287109375e+01 9.563662719726562500e+01 1.163530707359313965e+00 4.982203543186187744e-01 2.068830299377441406e+01 7.111946940422058105e-01 1.715589284896850586e+00 3.567965328693389893e-01 9.559169769287109375e+01 9.563662719726562500e+01
1.400000000000000000e+03 1.243980884552001953e+00 5.324828028678894043e-01 2.038577461242675781e+01 8.877292275428771973e-01 1.625120401382446289e+00 3.448626995086669922e-01 9.417282867431640625e+01 9.429719543457031250e+01 1.247033834457397461e+00 5.471001267433166504e-01 2.006259918212890625e+01 9.017031192779541016e-01 1.625120401382446289e+00 3.448626995086669922e-01 9.417282867431640625e+01 9.429719543457031250e+01
1.600000000000000000e+03 1.277395367622375488e+00 5.583744645118713379e-01 2.005457115173339844e+01 9.881498217582702637e-01 1.510211229324340820e+00 3.312321007251739502e-01 9.226977539062500000e+01 9.257247161865234375e+01 1.292677283287048340e+00 5.721766948699951172e-01 1.972022056579589844e+01 1.001622319221496582e+00 1.510211229324340820e+00 3.312321007251739502e-01 9.226977539062500000e+01 9.257247161865234375e+01
1.800000000000000000e+03 1.287023425102233887e+00 5.652436614036560059e-01 1.989898490905761719e+01 1.006715416908264160e+00 1.358634114265441895e+00 3.159707188606262207e-01 8.971473693847656250e+01 9.032028961181640625e+01 1.309886813163757324e+00 5.780017375946044922e-01 1.958036041259765625e+01 1.017557501792907715e+00 1.358634114265441895e+00 3.159707188606262207e-01 8.971473693847656250e+01 9.032028961181640625e+01
2.000000000000000000e+03 1.280682682991027832e+00 5.614449977874755859e-01 1.983601188659667969e+01 9.783411026000976562e-01 1.161273121833801270e+00 2.992957830429077148e-01 8.633957672119140625e+01 8.738498687744140625e+01 1.306036829948425293e+00 5.724288225173950195e-01 1.956628036499023438e+01 9.848355054855346680e-01 1.161273121833801270e+00 2.992957830429077148e-01 8.633957672119140625e+01 8.738498687744140625e+01
2.200000000000000000e+03 1.262304902076721191e+00 5.518684387207031250e-01 1.981021881103515625e+01 9.278177618980407715e-01 9.175006747245788574e-01 2.815279662609100342e-01 8.200038909912109375e+01 8.362265777587890625e+01 1.284997224807739258e+00 5.597559213638305664e-01 1.963366508483886719e+01 9.284565448760986328e-01 9.175006747245788574e-01 2.815279662609100342e-01 8.200038909912109375e+01 8.362265777587890625e+01
2.400000000000000000e+03 1.234152197837829590e+00 5.398194789886474609e-01 1.977682876586914062e+01 8.695536851882934570e-01 6.393885016441345215e-01 2.630209922790527344e-01 7.659594726562500000e+01 7.891471862792968750e+01 1.248358249664306641e+00 5.419233441352844238e-01 1.975431251525878906e+01 8.627032637596130371e-01 6.393885016441345215e-01 2.630209922790527344e-01 7.659594726562500000e+01 7.891471862792968750e+01
2.600000000000000000e+03 1.199254631996154785e+00 5.315391421318054199e-01 1.968034553527832031e+01 8.173847198486328125e-01 3.570962548255920410e-01 2.439629584550857544e-01 7.009315490722656250e+01 7.318246459960937500e+01 1.197646975517272949e+00 5.218322873115539551e-01 1.989168167114257812e+01 8.007221221923828125e-01 3.570962548255920410e-01 2.439629584550857544e-01 7.009315490722656250e+01 7.318246459960937500e+01
2.800000000000000000e+03 1.163076281547546387e+00 5.408734083175659180e-01 1.945325088500976562e+01 7.867601513862609863e-01 1.236345991492271423e-01 2.242147028446197510e-01 6.256769180297851562e+01 6.642430877685546875e+01 1.136297464370727539e+00 5.058243274688720703e-01 1.999056625366210938e+01 7.563844323158264160e-01 1.236345991492271423e-01 2.242147028446197510e-01 6.256769180297851562e+01 6.642430877685546875e+01
3.000000000000000000e+03 1.131134748458862305e+00 5.923413038253784180e-01 1.905347251892089844e+01 7.897145152091979980e-01 5.488975439220666885e-03 2.035972625017166138e-01 5.424150848388671875e+01 5.877611541748046875e+01 1.068526744842529297e+00 5.044986009597778320e-01 1.999671554565429688e+01 7.392494678497314453e-01 5.488975439220666885e-03 2.035972625017166138e-01 5.424150848388671875e+01 5.877611541748046875e+01
3.200000000000000000e+03 1.103497385978698730e+00 7.162026166915893555e-01 1.853453826904296875e+01 8.238920569419860840e-01 3.984329476952552795e-02 1.822533607482910156e-01 4.547806549072265625e+01 5.054036712646484375e+01 9.974761009216308594e-01 5.309273600578308105e-01 1.990663337707519531e+01 7.451779246330261230e-01 3.984329476952552795e-02 1.822533607482910156e-01 4.547806549072265625e+01 5.054036712646484375e+01
3.400000000000000000e+03 1.075020074844360352e+00 9.244172573089599609e-01 1.805932617187500000e+01 8.736436963081359863e-01 1.637122780084609985e-01 1.606188267469406128e-01 3.673445892333984375e+01 4.214653015136718750e+01 9.275813102722167969e-01 5.937612056732177734e-01 1.979250526428222656e+01 7.596759200096130371e-01 1.637122780084609985e-01 1.606188267469406128e-01 3.673445892333984375e+01 4.214653015136718750e+01
3.600000000000000000e+03 1.036147594451904297e+00 1.175516486167907715e+00 1.779945564270019531e+01 9.298375248908996582e-01 2.308153659105300903e-01 1.392602026462554932e-01 2.847365951538085938e+01 3.403962326049804688e+01 8.588126897811889648e-01 6.813217401504516602e-01 1.977427291870117188e+01 7.759507894515991211e-01 2.308153659105300903e-01 1.392602026462554932e-01 2.847365951538085938e+01 3.403962326049804688e+01
3.800000000000000000e+03 9.787601232528686523e-01 1.405306696891784668e+00 1.780172920227050781e+01 9.856101274490356445e-01 1.945611089468002319e-01 1.187584325671195984e-01 2.107997894287109375e+01 2.657681465148925781e+01 7.839303016662597656e-01 7.678130269050598145e-01 1.992955970764160156e+01 7.900631427764892578e-01 1.945611089468002319e-01 1.187584325671195984e-01 2.107997894287109375e+01 2.657681465148925781e+01
4.000000000000000000e+03 9.078520536422729492e-01 1.592187047004699707e+00 1.798472404479980469e+01 1.028115153312683105e+00 1.230605095624923706e-01 9.965767711400985718e-02 1.482283306121826172e+01 2.001266860961914062e+01 7.030429244041442871e-01 8.439241647720336914e-01 2.022289085388183594e+01 7.942194342613220215e-01 1.230605095624923706e-01 9.965767711400985718e-02 1.482283306121826172e+01 2.001266860961914062e+01
4.200000000000000000e+03 8.343981504440307617e-01 1.740491271018981934e+00 1.823201179504394531e+01 1.050706505775451660e+00 6.388535350561141968e-02 8.239609748125076294e-02 9.836789131164550781e+00 1.450481224060058594e+01 6.235997676849365234e-01 9.140407443046569824e-01 2.055369949340820312e+01 7.859985232353210449e-01 6.388535350561141968e-02 8.239609748125076294e-02 9.836789131164550781e+00 1.450481224060058594e+01
4.400000000000000000e+03 7.627955079078674316e-01 1.834545373916625977e+00 1.847090530395507812e+01 1.056284785270690918e+00 2.384381182491779327e-02 6.716530025005340576e-02 6.113842487335205078e+00 1.010243034362792969e+01 5.510887503623962402e-01 9.730443358421325684e-01 2.084805870056152344e+01 7.694560289382934570e-01 2.384381182491779327e-02 6.716530025005340576e-02 6.113842487335205078e+00 1.010243034362792969e+01
4.600000000000000000e+03 6.946060061454772949e-01 1.851231694221496582e+00 1.866543006896972656e+01 1.049849748611450195e+00 2.978752367198467255e-03 5.383377522230148315e-02 3.525724172592163086e+00 6.752532958984375000e+00 4.880847930908203125e-01 1.009166836738586426e+00 2.106670379638671875e+01 7.490521073341369629e-01 2.978752367198467255e-03 5.383377522230148315e-02 3.525724172592163086e+00 6.752532958984375000e+00
4.800000000000000000e+03 6.314898133277893066e-01 1.779683232307434082e+00 1.879790496826171875e+01 1.035119652748107910e+00 2.187999431043863297e-03 4.205799102783203125e-02 1.866011142730712891e+00 4.330292701721191406e+00 4.353494346141815186e-01 1.013665437698364258e+00 2.118742752075195312e+01 7.274771928787231445e-01 2.187999431043863297e-03 4.205799102783203125e-02 1.866011142730712891e+00 4.330292701721191406e+00
5.000000000000000000e+03 5.750836133956909180e-01 1.628802180290222168e+00 1.886355400085449219e+01 1.015234708786010742e+00 2.200199291110038757e-02 3.154991939663887024e-02 8.967306017875671387e-01 2.672973155975341797e+00 3.925694227218627930e-01 9.855828881263732910e-01 2.120153236389160156e+01 7.064784169197082520e-01 2.200199291110038757e-02 3.154991939663887024e-02 8.967306017875671387e-01 2.672973155975341797e+00
5.200000000000000000e+03 5.278246998786926270e-01 1.430838346481323242e+00 1.885925483703613281e+01 9.925936460494995117e-01 6.067994982004165649e-02 2.233514375984668732e-02 3.894778192043304443e-01 1.607283830642700195e+00 3.595765829086303711e-01 9.352872967720031738e-01 2.110716819763183594e+01 6.870046854019165039e-01 6.067994982004165649e-02 2.233514375984668732e-02 3.894778192043304443e-01 1.607283830642700195e+00
5.400000000000000000e+03 4.924751818180084229e-01 1.231768846511840820e+00 1.877639389038085938e+01 9.686077237129211426e-01 1.124183908104896545e-01 1.474159304052591324e-02 1.552390605211257935e-01 9.673801064491271973e-01 3.365380764007568359e-01 8.817523121833801270e-01 2.090708541870117188e+01 6.691899299621582031e-01 1.124183908104896545e-01 1.474159304052591324e-02 1.552390605211257935e-01 9.673801064491271973e-01
5.600000000000000000e+03 4.705682694911956787e-01 1.071249604225158691e+00 1.860571289062500000e+01 9.436371922492980957e-01 1.683379709720611572e-01 9.066024795174598694e-03 6.018580496311187744e-02 6.080351471900939941e-01 3.232319653034210205e-01 8.438813686370849609e-01 2.061190032958984375e+01 6.523280143737792969e-01 1.683379709720611572e-01 9.066024795174598694e-03 6.018580496311187744e-02 6.080351471900939941e-01
5.800000000000000000e+03 4.610608220100402832e-01 9.669837355613708496e-01 1.835027313232421875e+01 9.173296689987182617e-01 2.205558717250823975e-01 5.266642197966575623e-03 2.553133293986320496e-02 4.162359833717346191e-01 3.181982338428497314e-01 8.323065042495727539e-01 2.024291419982910156e+01 6.350735425949096680e-01 2.205558717250823975e-01 5.266642197966575623e-03 2.553133293986320496e-02 4.162359833717346191e-01
6.000000000000000000e+03 4.603328704833984375e-01 9.160786867141723633e-01 1.802964591979980469e+01 8.891287446022033691e-01 2.657408118247985840e-01 2.980919321998953819e-03 1.358956377953290939e-02 3.159729838371276855e-01 3.185986280441284180e-01 8.483657836914062500e-01 1.982753181457519531e+01 6.158763170242309570e-01 2.657408118247985840e-01 2.980919321998953819e-03 1.358956377953290939e-02 3.159729838371276855e-01
6.200000000000000000e+03 4.636435210704803467e-01 9.075750112533569336e-01 1.766907691955566406e+01 8.586310744285583496e-01 3.049463927745819092e-01 1.745059853419661522e-03 9.512358345091342926e-03 2.626648545265197754e-01 3.210459053516387939e-01 8.891178369522094727e-01 1.938934326171875000e+01 5.934194326400756836e-01 3.049463927745819092e-01 1.745059853419661522e-03 9.512358345091342926e-03 2.626648545265197754e-01
6.400000000000000000e+03 4.668191969394683838e-01 9.323374032974243164e-01 1.728676223754882812e+01 8.256047964096069336e-01 3.411017358303070068e-01 1.172790420241653919e-03 8.090415969491004944e-03 2.326958924531936646e-01 3.226917386054992676e-01 9.522451758384704590e-01 1.894129943847656250e+01 5.668269395828247070e-01 3.411017358303070068e-01 1.172790420241653919e-03 8.090415969491004944e-03 2.326958924531936646e-01
6.600000000000000000e+03 4.671220779418945312e-01 9.860127568244934082e-01 1.688956642150878906e+01 7.898896336555480957e-01 3.770182132720947266e-01 1.026786980219185352e-03 7.471393793821334839e-03 2.144213765859603882e-01 3.218334615230560303e-01 1.038014888763427734e+00 1.848527145385742188e+01 5.356907844543457031e-01 3.770182132720947266e-01 1.026786980219185352e-03 7.471393793821334839e-03 2.144213765859603882e-01
6.800000000000000000e+03 4.633187651634216309e-01 1.068077564239501953e+00 1.647544288635253906e+01 7.513177990913391113e-01 4.146613180637359619e-01 1.234595896676182747e-03 6.961249746382236481e-03 2.024663537740707397e-01 3.180144429206848145e-01 1.149060726165771484e+00 1.801518630981445312e+01 5.000907182693481445e-01 4.146613180637359619e-01 1.234595896676182747e-03 6.961249746382236481e-03 2.024663537740707397e-01
7.000000000000000000e+03 4.555808901786804199e-01 1.179645180702209473e+00 1.603827285766601562e+01 7.097695469856262207e-01 4.550446271896362305e-01 1.880911178886890411e-03 6.323314737528562546e-03 1.945348232984542847e-01 3.119684457778930664e-01 1.288894653320312500e+00 1.752146530151367188e+01 4.607078433036804199e-01 4.550446271896362305e-01 1.880911178886890411e-03 6.323314737528562546e-03 1.945348232984542847e-01
7.200000000000000000e+03 4.454095065593719482e-01 1.320227146148681641e+00 1.557434654235839844e+01 6.653724908828735352e-01 4.980906546115875244e-01 3.176121041178703308e-03 5.533507559448480606e-03 1.897683590650558472e-01 3.054605424404144287e-01 1.458739161491394043e+00 1.699749755859375000e+01 4.190132915973663330e-01 4.980906546115875244e-01 3.176121041178703308e-03 5.533507559448480606e-03 1.897683590650558472e-01
7.400000000000000000e+03 4.352961480617523193e-01 1.482931494712829590e+00 1.509088993072509766e+01 6.188597083091735840e-01 5.421205759048461914e-01 5.382970441132783890e-03 4.656590055674314499e-03 1.878183335065841675e-01 3.007176518440246582e-01 1.652129530906677246e+00 1.644891929626464844e+01 3.773213326930999756e-01 5.421205759048461914e-01 5.382970441132783890e-03 4.656590055674314499e-03 1.878183335065841675e-01
7.600000000000000000e+03 4.275424778461456299e-01 1.649835109710693359e+00 1.461311244964599609e+01 5.717507600784301758e-01 5.832715630531311035e-01 8.696858771145343781e-03 3.786893794313073158e-03 1.882194578647613525e-01 2.991920709609985352e-01 1.849560976028442383e+00 1.590156459808349609e+01 3.383388817310333252e-01 5.832715630531311035e-01 8.696858771145343781e-03 3.786893794313073158e-03 1.882194578647613525e-01
7.800000000000000000e+03 4.225811958312988281e-01 1.793710589408874512e+00 1.417968654632568359e+01 5.260231494903564453e-01 6.162341237068176270e-01 1.311720907688140869e-02 3.013819223269820213e-03 1.899719983339309692e-01 3.003852367401123047e-01 2.020455121994018555e+00 1.539670562744140625e+01 3.042099177837371826e-01 6.162341237068176270e-01 1.311720907688140869e-02 3.013819223269820213e-03 1.899719983339309692e-01
8.000000000000000000e+03 4.187881052494049072e-01 1.890173554420471191e+00 1.382298278808593750e+01 4.834209382534027100e-01 6.370528340339660645e-01 1.840237155556678772e-02 2.400511875748634338e-03 1.915940493345260620e-01 3.022960722446441650e-01 2.137000799179077148e+00 1.496953868865966797e+01 2.757637500762939453e-01 6.370528340339660645e-01 1.840237155556678772e-02 2.400511875748634338e-03 1.915940493345260620e-01
8.200000000000000000e+03 4.143698513507843018e-01 1.931451678276062012e+00 1.354979610443115234e+01 4.451273083686828613e-01 6.455960273742675781e-01 2.416050992906093597e-02 1.978329615667462349e-03 1.918412595987319946e-01 3.032509684562683105e-01 2.189960718154907227e+00 1.462838649749755859e+01 2.526574432849884033e-01 6.455960273742675781e-01 2.416050992906093597e-02 1.978329615667462349e-03 1.918412595987319946e-01
8.400000000000000000e+03 4.088625609874725342e-01 1.928125262260437012e+00 1.334033679962158203e+01 4.117905199527740479e-01 6.451582908630371094e-01 2.998680621385574341e-02 1.739636296406388283e-03 1.904503107070922852e-01 3.029772639274597168e-01 2.191042661666870117e+00 1.435344696044921875e+01 2.340125292539596558e-01 6.451582908630371094e-01 2.998680621385574341e-02 1.739636296406388283e-03 1.904503107070922852e-01
8.600000000000000000e+03 4.028393328189849854e-01 1.898717641830444336e+00 1.316364383697509766e+01 3.833788931369781494e-01 6.401079297065734863e-01 3.554730117321014404e-02 1.646719872951507568e-03 1.879903078079223633e-01 3.021503686904907227e-01 2.161340475082397461e+00 1.411277008056640625e+01 2.188248485326766968e-01 6.401079297065734863e-01 3.554730117321014404e-02 1.646719872951507568e-03 1.879903078079223633e-01
8.800000000000000000e+03 3.968816101551055908e-01 1.858594775199890137e+00 1.299395370483398438e+01 3.591360449790954590e-01 6.338638663291931152e-01 4.060652479529380798e-02 1.655400032177567482e-03 1.852013766765594482e-01 3.014759123325347900e-01 2.118655681610107422e+00 1.387915992736816406e+01 2.061225920915603638e-01 6.338638663291931152e-01 4.060652479529380798e-02 1.655400032177567482e-03 1.852013766765594482e-01
9.000000000000000000e+03 3.910889029502868652e-01 1.815816998481750488e+00 1.281696510314941406e+01 3.379323780536651611e-01 6.282849311828613281e-01 4.502493888139724731e-02 1.735342899337410927e-03 1.825571507215499878e-01 3.012638092041015625e-01 2.072560787200927734e+00 1.363678455352783203e+01 1.950806826353073120e-01 6.282849311828613281e-01 4.502493888139724731e-02 1.735342899337410927e-03 1.825571507215499878e-01
9.200000000000000000e+03 3.852052986621856689e-01 1.772685885429382324e+00 1.262712287902832031e+01 3.187277615070343018e-01 6.240602731704711914e-01 4.874069616198539734e-02 1.878084149211645126e-03 1.802468001842498779e-01 3.014996349811553955e-01 2.025992631912231445e+00 1.337869358062744141e+01 1.851062774658203125e-01 6.240602731704711914e-01 4.874069616198539734e-02 1.878084149211645126e-03 1.802468001842498779e-01
9.400000000000000000e+03 3.789018690586090088e-01 1.728731870651245117e+00 1.242279243469238281e+01 3.007793426513671875e-01 6.212760806083679199e-01 5.174352601170539856e-02 2.087625209242105484e-03 1.782691180706024170e-01 3.020508587360382080e-01 1.978612542152404785e+00 1.310211467742919922e+01 1.758334934711456299e-01 6.212760806083679199e-01 5.174352601170539856e-02 2.087625209242105484e-03 1.782691180706024170e-01
9.600000000000000000e+03 3.719523549079895020e-01 1.682670950889587402e+00 1.220322608947753906e+01 2.836256623268127441e-01 6.197370290756225586e-01 5.406031757593154907e-02 2.369679277762770653e-03 1.765106320381164551e-01 3.028079867362976074e-01 1.929068565368652344e+00 1.280544185638427734e+01 1.670598238706588745e-01 6.197370290756225586e-01 5.406031757593154907e-02 2.369679277762770653e-03 1.765106320381164551e-01
9.800000000000000000e+03 3.642717003822326660e-01 1.633228182792663574e+00 1.196748828887939453e+01 2.669766545295715332e-01 6.191073656082153320e-01 5.573815107345581055e-02 2.722384640946984291e-03 1.747752130031585693e-01 3.037348091602325439e-01 1.875997662544250488e+00 1.248704242706298828e+01 1.586737781763076782e-01 6.191073656082153320e-01 5.573815107345581055e-02 2.722384640946984291e-03 1.747752130031585693e-01
1.000000000000000000e+04 3.558853566646575928e-01 1.579257607460021973e+00 1.171440696716308594e+01 2.505789101123809814e-01 6.189907789230346680e-01 5.682094022631645203e-02 3.133623162284493446e-03 1.727818697690963745e-01 3.048694133758544922e-01 1.818205237388610840e+00 1.214496135711669922e+01 1.505898982286453247e-01 6.189907789230346680e-01 5.682094022631645203e-02 3.133623162284493446e-03 1.727818697690963745e-01
1.020000000000000000e+04 3.469298779964447021e-01 1.519545316696166992e+00 1.144259452819824219e+01 2.341216355562210083e-01 6.190240979194641113e-01 5.731484666466712952e-02 3.583703888580203056e-03 1.701605021953582764e-01 3.063030540943145752e-01 1.754433035850524902e+00 1.177672386169433594e+01 1.427150070667266846e-01 6.190240979194641113e-01 5.731484666466712952e-02 3.583703888580203056e-03 1.701605021953582764e-01
1.040000000000000000e+04 3.375314474105834961e-01 1.452639222145080566e+00 1.115049552917480469e+01 2.171385884284973145e-01 6.189251542091369629e-01 5.714155361056327820e-02 4.053767770528793335e-03 1.664468795061111450e-01 3.081113100051879883e-01 1.683150291442871094e+00 1.137883758544921875e+01 1.349180787801742554e-01 6.189251542091369629e-01 5.714155361056327820e-02 4.053767770528793335e-03 1.664468795061111450e-01
1.060000000000000000e+04 3.276067078113555908e-01 1.376979112625122070e+00 1.083679580688476562e+01 1.988709270954132080e-01 6.184474229812622070e-01 5.609468370676040649e-02 4.531451500952243805e-03 1.611446142196655273e-01 3.102943897247314453e-01 1.602687954902648926e+00 1.094612789154052734e+01 1.269913017749786377e-01 6.184474229812622070e-01 5.609468370676040649e-02 4.531451500952243805e-03 1.611446142196655273e-01
1.080000000000000000e+04 3.163091540336608887e-01 1.292147874832153320e+00 1.050178909301757812e+01 1.773828119039535522e-01 6.174948811531066895e-01 5.383821576833724976e-02 5.005595739930868149e-03 1.538728326559066772e-01 3.128052651882171631e-01 1.512834072113037109e+00 1.046799278259277344e+01 1.183898746967315674e-01 6.174948811531066895e-01 5.383821576833724976e-02 5.005595739930868149e-03 1.538728326559066772e-01
1.100000000000000000e+04 2.942205369472503662e-01 1.230908513069152832e+00 1.013514614105224609e+01 1.275346279144287109e-01 6.234325170516967773e-01 5.029193311929702759e-02 5.482123699039220810e-03 1.453678458929061890e-01 3.191254138946533203e-01 1.459015607833862305e+00 9.772339820861816406e+00 1.017279922962188721e-01 6.234325170516967773e-01 5.029193311929702759e-02 5.482123699039220810e-03 1.453678458929061890e-01
1.120000000000000000e+04 2.883641123771667480e-01 3.912878930568695068e-01 4.052704572677612305e-01 2.357174642384052277e-02 6.322430968284606934e-01 7.220304012298583984e-02 5.973974242806434631e-03 4.309231936931610107e-01 2.839599549770355225e-01 4.017387330532073975e-01 2.484857141971588135e-01 2.268629148602485657e-02 6.322430968284606934e-01 7.220304012298583984e-02 5.973974242806434631e-03 4.309231936931610107e-01
1.140000000000000000e+04 2.604508697986602783e-01 7.532995194196701050e-02 2.483688890933990479e-01 1.800779066979885101e-02 6.187474131584167480e-01 1.066307909786701202e-02 1.590398373082280159e-03 2.121215164661407471e-01 2.587247192859649658e-01 7.239822298288345337e-02 1.306455731391906738e-01 1.810641586780548096e-02 6.187474131584167480e-01 1.066307909786701202e-02 1.590398373082280159e-03 2.121215164661407471e-01
1.160000000000000000e+04 2.634673118591308594e-01 2.389258518815040588e-02 2.310430556535720825e-01 1.696656271815299988e-02 6.017010211944580078e-01 1.287859868170926347e-05 2.272736513987183571e-03 1.407637894153594971e-01 2.655422091484069824e-01 1.965801790356636047e-02 1.185296028852462769e-01 1.745799370110034943e-02 6.017010211944580078e-01 1.287859868170926347e-05 2.272736513987183571e-03 1.407637894153594971e-01
1.180000000000000000e+04 2.702863812446594238e-01 1.560668181627988815e-02 2.139618694782257080e-01 1.655260100960731506e-02 5.680924057960510254e-01 2.392353489995002747e-03 2.434648340567946434e-03 1.166191846132278442e-01 2.736933529376983643e-01 1.138205267488956451e-02 1.060330942273139954e-01 1.719108596444129944e-02 5.680924057960510254e-01 2.392353489995002747e-03 2.434648340567946434e-03 1.166191846132278442e-01
1.200000000000000000e+04 2.774335145950317383e-01 1.348619442433118820e-02 1.950948983430862427e-01 1.619163341820240021e-02 5.305839180946350098e-01 4.026981536298990250e-03 2.425152109935879707e-03 1.029871925711631775e-01 2.811043262481689453e-01 9.620195254683494568e-03 9.222793579101562500e-02 1.687980443239212036e-02 5.305839180946350098e-01 4.026981536298990250e-03 2.425152109935879707e-03 1.029871925711631775e-01
1.220000000000000000e+04 2.852338552474975586e-01 1.225743256509304047e-02 1.754577904939651489e-01 1.576904021203517914e-02 4.896307885646820068e-01 4.331366624683141708e-03 2.356883604079484940e-03 9.158112853765487671e-02 2.887112498283386230e-01 8.800722658634185791e-03 7.828658819198608398e-02 1.646943576633930206e-02 4.896307885646820068e-01 4.331366624683141708e-03 2.356883604079484940e-03 9.158112853765487671e-02
1.240000000000000000e+04 2.940998971462249756e-01 1.139141432940959930e-02 1.553578972816467285e-01 1.524221710860729218e-02 4.443039298057556152e-01 4.094711970537900925e-03 2.254677470773458481e-03 7.997136563062667847e-02 2.970716953277587891e-01 8.291971869766712189e-03 6.477741152048110962e-02 1.593895629048347473e-02 4.443039298057556152e-01 4.094711970537900925e-03 2.254677470773458481e-03 7.997136563062667847e-02
1.260000000000000000e+04 3.038482069969177246e-01 1.093048043549060822e-02 1.343014687299728394e-01 1.458371803164482117e-02 3.942286968231201172e-01 3.682123962789773941e-03 2.098270459100604057e-03 6.740388274192810059e-02 3.058475553989410400e-01 8.077003993093967438e-03 5.183214694261550903e-02 1.526653300970792770e-02 3.942286968231201172e-01 3.682123962789773941e-03 2.098270459100604057e-03 6.740388274192810059e-02
1.280000000000000000e+04 3.130529224872589111e-01 1.088409777730703354e-02 1.115379557013511658e-01 1.380410604178905487e-02 3.406375050544738770e-01 3.176584606990218163e-03 1.830611261539161205e-03 5.403189733624458313e-02 3.131963014602661133e-01 8.098715916275978088e-03 3.951004892587661743e-02 1.446668989956378937e-02 3.406375050544738770e-01 3.176584606990218163e-03 1.830611261539161205e-03 5.403189733624458313e-02
1.300000000000000000e+04 3.191763460636138916e-01 1.082833390682935715e-02 8.721432089805603027e-02 1.295356545597314835e-02 2.879179418087005615e-01 2.587077906355261803e-03 1.431857235729694366e-03 4.096391424536705017e-02 3.162684738636016846e-01 7.961614988744258881e-03 2.783265151083469391e-02 1.360058318823575974e-02 2.879179418087005615e-01 2.587077906355261803e-03 1.431857235729694366e-03 4.096391424536705017e-02
1.320000000000000000e+04 3.210058808326721191e-01 1.010285876691341400e-02 6.403879076242446899e-02 1.202590670436620712e-02 2.413648366928100586e-01 1.960702007636427879e-03 1.000187941826879978e-03 2.969693765044212341e-02 3.141601085662841797e-01 7.201539818197488785e-03 1.773003861308097839e-02 1.266753207892179489e-02 2.413648366928100586e-01 1.960702007636427879e-03 1.000187941826879978e-03 2.969693765044212341e-02
1.340000000000000000e+04 3.193714916706085205e-01 8.758307434618473053e-03 4.554420337080955505e-02 1.097231637686491013e-02 2.025211304426193237e-01 1.371806720271706581e-03 6.489526131190359592e-04 2.083941549062728882e-02 3.081645667552947998e-01 5.960404872894287109e-03 1.087616756558418274e-02 1.160767581313848495e-02 2.025211304426193237e-01 1.371806720271706581e-03 6.489526131190359592e-04 2.083941549062728882e-02
1.360000000000000000e+04 3.151665329933166504e-01 7.330857682973146439e-03 3.242295980453491211e-02 9.770671837031841278e-03 1.703602075576782227e-01 8.785944082774221897e-04 4.056072793900966644e-04 1.411166507750749588e-02 2.992891967296600342e-01 4.700006451457738876e-03 7.289897184818983078e-03 1.038403436541557312e-02 1.703602075576782227e-01 8.785944082774221897e-04 4.056072793900966644e-04 1.411166507750749588e-02
1.380000000000000000e+04 3.083828389644622803e-01 6.143237929791212082e-03 2.339460141956806183e-02 8.413016796112060547e-03 1.439090073108673096e-01 5.079993279650807381e-04 2.478500828146934509e-04 9.113328531384468079e-03 2.874731123447418213e-01 3.670406993478536606e-03 5.755965597927570343e-03 8.980594575405120850e-03 1.439090073108673096e-01 5.079993279650807381e-04 2.478500828146934509e-04 9.113328531384468079e-03
1.400000000000000000e+04 2.985166907310485840e-01 5.223925691097974777e-03 1.703730039298534393e-02 6.901215296238660812e-03 1.225658655166625977e-01 2.595706027932465076e-04 1.489417772972956300e-04 5.552251823246479034e-03 2.722292244434356689e-01 2.893120981752872467e-03 5.096161738038063049e-03 7.398196496069431305e-03 1.225658655166625977e-01 2.595706027932465076e-04 1.489417772972956300e-04 5.552251823246479034e-03
1.420000000000000000e+04 2.853804528713226318e-01 4.480374976992607117e-03 1.236500963568687439e-02 5.267135333269834518e-03 1.056165099143981934e-01 1.139635423896834254e-04 8.901355613488703966e-05 3.169601317495107651e-03 2.535138726234436035e-01 2.320426516234874725e-03 4.596934188157320023e-03 5.672933068126440048e-03 1.056165099143981934e-01 1.139635423896834254e-04 8.901355613488703966e-05 3.169601317495107651e-03
1.440000000000000000e+04 2.697154879570007324e-01 3.818731289356946945e-03 8.831339888274669647e-03 3.599309362471103668e-03 9.203805774450302124e-02 4.231441198498941958e-05 5.402202805271372199e-05 1.691839192062616348e-03 2.323150187730789185e-01 1.926376833580434322e-03 4.003887996077537537e-03 3.902148688212037086e-03 9.203805774450302124e-02 4.231441198498941958e-05 5.402202805271372199e-05 1.691839192062616348e-03
1.460000000000000000e+04 2.533618807792663574e-01 3.196860197931528091e-03 6.209536455571651459e-03 2.064992906525731087e-03 8.065582066774368286e-02 1.472111580369528383e-05 3.377575558261014521e-05 8.471673354506492615e-04 2.107868641614913940e-01 1.717675128020346165e-03 3.379210596904158592e-03 2.266011433675885201e-03 8.065582066774368286e-02 1.472111580369528383e-05 3.377575558261014521e-05 8.471673354506492615e-04
1.480000000000000000e+04 2.387980520725250244e-01 2.647509099915623665e-03 4.395992495119571686e-03 8.993317605927586555e-04 7.049219310283660889e-02 7.819585334800649434e-06 2.144655445590615273e-05 4.037655307911336422e-04 1.917572766542434692e-01 1.700321445241570473e-03 2.875938080251216888e-03 1.013903180137276649e-03 7.049219310283660889e-02 7.819585334800649434e-06 2.144655445590615273e-05 4.037655307911336422e-04
1.500000000000000000e+04 2.280943393707275391e-01 2.239960711449384689e-03 3.245907602831721306e-03 3.159224288538098335e-04 6.110583618283271790e-02 1.017217618937138468e-05 1.309166236751480028e-05 1.889859267976135015e-04 1.776465773582458496e-01 1.822979422286152840e-03 2.549647120758891106e-03 3.687462303787469864e-04 6.110583618283271790e-02 1.017217618937138468e-05 1.309166236751480028e-05 1.889859267976135015e-04
1.520000000000000000e+04 2.218146473169326782e-01 1.984238857403397560e-03 2.556533087044954300e-03 3.383141010999679565e-04 5.266961827874183655e-02 1.934911779244430363e-05 7.176351118687307462e-06 8.852835162542760372e-05 1.693082749843597412e-01 1.950915320776402950e-03 2.349032787606120110e-03 3.531707916408777237e-04 5.266961827874183655e-02 1.934911779244430363e-05 7.176351118687307462e-06 8.852835162542760372e-05
1.540000000000000000e+04 2.188344448804855347e-01 1.805592910386621952e-03 2.143939258530735970e-03 7.257909164763987064e-04 4.562579467892646790e-02 3.232364906580187380e-05 3.314454261271748692e-06 3.852079316857270896e-05 1.657342016696929932e-01 1.950221485458314419e-03 2.208980033174157143e-03 7.184654241427779198e-04 4.562579467892646790e-02 3.232364906580187380e-05 3.314454261271748692e-06 3.852079316857270896e-05
1.560000000000000000e+04 2.174098491668701172e-01 1.633798354305326939e-03 1.883947057649493217e-03 1.154825789853930473e-03 4.019370675086975098e-02 4.414366776472888887e-05 1.171633812191430479e-06 1.218988563778111711e-05 1.650463491678237915e-01 1.804391737096011639e-03 2.086037769913673401e-03 1.134434947744011879e-03 4.019370675086975098e-02 4.414366776472888887e-05 1.171633812191430479e-06 1.218988563778111711e-05
1.580000000000000000e+04 2.162951827049255371e-01 1.458091544918715954e-03 1.702493289485573769e-03 1.435255282558500767e-03 3.622093796730041504e-02 5.232611511019058526e-05 2.402848622296005487e-07 1.173699274659156799e-06 1.656826436519622803e-01 1.589931547641754150e-03 1.954129897058010101e-03 1.408198499120771885e-03 3.622093796730041504e-02 5.232611511019058526e-05 2.402848622296005487e-07 1.173699274659156799e-06
1.600000000000000000e+04 2.149594426155090332e-01 1.295825117267668247e-03 1.563389203511178493e-03 1.533312140963971615e-03 3.335887938737869263e-02 5.686848817276768386e-05 1.841726771090179682e-09 9.113146006711758673e-07 1.667650192975997925e-01 1.379762892611324787e-03 1.810656161978840828e-03 1.504858140833675861e-03 3.335887938737869263e-02 5.686848817276768386e-05 1.841726771090179682e-09 9.113146006711758673e-07
1.620000000000000000e+04 2.133008986711502075e-01 1.157319056801497936e-03 1.457656850107014179e-03 1.489904825575649738e-03 3.124391473829746246e-02 5.852733011124655604e-05 1.528860593680292368e-09 6.763484179828083143e-06 1.679158806800842285e-01 1.204456202685832977e-03 1.673702849075198174e-03 1.464149681851267815e-03 3.124391473829746246e-02 5.852733011124655604e-05 1.528860593680292368e-09 6.763484179828083143e-06
1.640000000000000000e+04 2.113617956638336182e-01 1.042395248077809811e-03 1.389409881085157394e-03 1.357628614641726017e-03 2.959869988262653351e-02 5.807131674373522401e-05 2.554770617280155420e-09 1.526623964309692383e-05 1.690020710229873657e-01 1.066431403160095215e-03 1.566184451803565025e-03 1.337260939180850983e-03 2.959869988262653351e-02 5.807131674373522401e-05 2.554770617280155420e-09 1.526623964309692383e-05
1.660000000000000000e+04 2.092024683952331543e-01 9.483750909566879272e-04 1.366539625450968742e-03 1.181358820758759975e-03 2.823821268975734711e-02 5.646377758239395916e-05 5.503898137249052525e-08 2.447936276439577341e-05 1.699855029582977295e-01 9.572941344231367111e-04 1.505180727690458298e-03 1.167633105069398880e-03 2.823821268975734711e-02 5.646377758239395916e-05 5.503898137249052525e-08 2.447936276439577341e-05
1.680000000000000000e+04 2.068893462419509888e-01 8.724860963411629200e-04 1.389121753163635731e-03 9.948083898052573204e-04 2.703472413122653961e-02 5.424305345513857901e-05 3.493914846330881119e-08 3.412026126170530915e-05 1.708938628435134888e-01 8.738392498344182968e-04 1.497399527579545975e-03 9.878119453787803650e-04 2.703472413122653961e-02 5.424305345513857901e-05 3.493914846330881119e-08 3.412026126170530915e-05
1.700000000000000000e+04 2.044407278299331665e-01 8.166889310814440250e-04 1.457699458114802837e-03 8.224171469919383526e-04 2.593551576137542725e-02 5.237269215285778046e-05 5.195124685997143388e-08 4.422211350174620748e-05 1.717303395271301270e-01 8.099246188066899776e-04 1.543199410662055016e-03 8.214900153689086437e-04 2.593551576137542725e-02 5.237269215285778046e-05 5.195124685997143388e-08 4.422211350174620748e-05
1.720000000000000000e+04 2.018901407718658447e-01 7.811883697286248207e-04 1.566641847603023052e-03 6.747978623025119305e-04 2.490158006548881531e-02 5.079734182800166309e-05 3.079185262322425842e-08 5.392394086811691523e-05 1.725278496742248535e-01 7.656444795429706573e-04 1.637576962821185589e-03 6.790711195208132267e-04 2.490158006548881531e-02 5.079734182800166309e-05 3.079185262322425842e-08 5.392394086811691523e-05
1.740000000000000000e+04 1.992874741554260254e-01 7.651414489373564720e-04 1.698983600363135338e-03 5.545084713958203793e-04 2.389674447476863861e-02 4.946882472722791135e-05 5.151741788722574711e-08 6.212778680492192507e-05 1.733213216066360474e-01 7.429058896377682686e-04 1.763144740834832191e-03 5.632441025227308273e-04 2.389674447476863861e-02 4.946882472722791135e-05 5.151741788722574711e-08 6.212778680492192507e-05
1.760000000000000000e+04 1.965575814247131348e-01 7.696562097407877445e-04 1.846569939516484737e-03 4.577868676278740168e-04 2.299777977168560028e-02 4.885281668975949287e-05 2.183696778956800699e-07 6.778344686608761549e-05 1.740172505378723145e-01 7.303495658561587334e-04 1.910310122184455395e-03 4.704848979599773884e-04 2.299777977168560028e-02 4.885281668975949287e-05 2.183696778956800699e-07 6.778344686608761549e-05
1.780000000000000000e+04 1.939495652914047241e-01 7.840156322345137596e-04 1.953170401975512505e-03 3.824482555501163006e-04 2.201384119689464569e-02 4.762909156852401793e-05 4.305038601160049438e-07 7.295051182154566050e-05 1.748268902301788330e-01 7.591252215206623077e-04 2.019820269197225571e-03 3.986901720054447651e-04 2.201384119689464569e-02 4.762909156852401793e-05 4.305038601160049438e-07 7.295051182154566050e-05
1.800000000000000000e+04 1.910420060157775879e-01 8.186885388568043709e-04 2.054568845778703690e-03 3.220745711587369442e-04 2.130090631544589996e-02 4.858988177147693932e-05 9.665745892561972141e-08 7.859454490244388580e-05 1.753215044736862183e-01 7.676120148971676826e-04 2.129234839230775833e-03 3.415513783693313599e-04 2.130090631544589996e-02 4.858988177147693932e-05 9.665745892561972141e-08 7.859454490244388580e-05
1.820000000000000000e+04 1.882389038801193237e-01 8.575649117119610310e-04 2.125609200447797775e-03 2.736758615355938673e-04 2.051919326186180115e-02 4.863642243435606360e-05 5.576011972152628005e-07 7.768408977426588535e-05 1.758699566125869751e-01 8.058476960286498070e-04 2.210340229794383049e-03 2.960678248200565577e-04 2.051919326186180115e-02 4.863642243435606360e-05 5.576011972152628005e-07 7.768408977426588535e-05
1.840000000000000000e+04 1.853849589824676514e-01 9.071799577213823795e-04 2.175260102376341820e-03 2.357018820475786924e-04 1.979517750442028046e-02 4.860400440520606935e-05 7.968046702444553375e-07 7.513328455388545990e-05 1.763357222080230713e-01 8.559870766475796700e-04 2.273337449878454208e-03 2.606519556138664484e-04 1.979517750442028046e-02 4.860400440520606935e-05 7.968046702444553375e-07 7.513328455388545990e-05
1.860000000000000000e+04 1.825469285249710083e-01 9.641357464715838432e-04 2.201045630499720573e-03 2.082028368022292852e-04 1.909612305462360382e-02 4.887864997726865113e-05 1.037391484715044498e-06 7.166920840973034501e-05 1.767392754554748535e-01 9.192263823933899403e-04 2.313355449587106705e-03 2.352678566239774227e-04 1.909612305462360382e-02 4.887864997726865113e-05 1.037391484715044498e-06 7.166920840973034501e-05
1.880000000000000000e+04 1.797825247049331665e-01 1.024563913233578205e-03 2.198289381340146065e-03 1.895762688945978880e-04 1.839669421315193176e-02 4.831355909118428826e-05 1.543812686577439308e-07 6.912479875609278679e-05 1.771196424961090088e-01 1.003446755930781364e-03 2.329044742509722710e-03 2.183293545385822654e-04 1.839669421315193176e-02 4.831355909118428826e-05 1.543812686577439308e-07 6.912479875609278679e-05
1.900000000000000000e+04 1.769738048315048218e-01 1.092375023290514946e-03 2.236685715615749359e-03 1.794481649994850159e-04 1.781992241740226746e-02 4.957452620146796107e-05 1.872854113571520429e-06 5.829500514664687216e-05 1.772703677415847778e-01 1.060603884980082512e-03 2.376612275838851929e-03 2.095670060953125358e-04 1.781992241740226746e-02 4.957452620146796107e-05 1.872854113571520429e-06 5.829500514664687216e-05
1.920000000000000000e+04 1.743979305028915405e-01 1.149082789197564125e-03 2.175618428736925125e-03 1.757293794071301818e-04 1.715926453471183777e-02 5.001531462767161429e-05 2.351647708564996719e-06 5.495124059962108731e-05 1.774827986955642700e-01 1.142458524554967880e-03 2.330296672880649567e-03 2.067426103167235851e-04 1.715926453471183777e-02 5.001531462767161429e-05 2.351647708564996719e-06 5.495124059962108731e-05
1.940000000000000000e+04 1.718951910734176636e-01 1.197059173136949539e-03 2.123526064679026604e-03 1.782602776074782014e-04 1.655820198357105255e-02 4.946966146235354245e-05 7.697963155806064606e-07 5.193964898353442550e-05 1.775688976049423218e-01 1.216593547724187374e-03 2.296098275110125542e-03 2.099644334521144629e-04 1.655820198357105255e-02 4.946966146235354245e-05 7.697963155806064606e-07 5.193964898353442550e-05
1.960000000000000000e+04 1.696567386388778687e-01 1.228957902640104294e-03 2.079026307910680771e-03 1.784136547939851880e-04 1.587342843413352966e-02 4.725140024675056338e-05 6.915652193129062653e-07 5.012750625610351562e-05 1.777839809656143188e-01 1.268848776817321777e-03 2.258663997054100037e-03 2.099236444337293506e-04 1.587342843413352966e-02 4.725140024675056338e-05 6.915652193129062653e-07 5.012750625610351562e-05
1.980000000000000000e+04 1.675083041191101074e-01 1.227366272360086441e-03 2.011584350839257240e-03 1.691103534540161490e-04 1.530895195901393890e-02 4.842465568799525499e-05 3.561982339306268841e-06 4.535817788564600050e-05 1.777659356594085693e-01 1.280503580346703529e-03 2.198045141994953156e-03 1.989987504202872515e-04 1.530895195901393890e-02 4.842465568799525499e-05 3.561982339306268841e-06 4.535817788564600050e-05
2.000000000000000000e+04 1.653613895177841187e-01 1.199014834128320217e-03 1.929432968609035015e-03 1.632441271794959903e-04 1.491021458059549332e-02 4.799920498044230044e-05 2.681636033230461180e-07 3.910304076271131635e-05 1.774322837591171265e-01 1.250910456292331219e-03 2.109520835801959038e-03 1.915025350172072649e-04 1.491021458059549332e-02 4.799920498044230044e-05 2.681636033230461180e-07 3.910304076271131635e-05
2.020000000000000000e+04 1.634001582860946655e-01 1.141694723628461361e-03 1.829932094551622868e-03 1.596311776665970683e-04 1.446940749883651733e-02 4.767518112203106284e-05 3.048999133170582354e-07 3.494969860184937716e-05 1.770094335079193115e-01 1.198246260173618793e-03 2.008141949772834778e-03 1.862613862613216043e-04 1.446940749883651733e-02 4.767518112203106284e-05 3.048999133170582354e-07 3.494969860184937716e-05
2.040000000000000000e+04 1.616203784942626953e-01 1.057706540450453758e-03 1.722670742310583591e-03 1.582952972967177629e-04 1.398670393973588943e-02 4.580969834933057427e-05 5.762703949585556984e-07 3.134904545731842518e-05 1.765445768833160400e-01 1.136075705289840698e-03 1.903359545394778252e-03 1.834964205045253038e-04 1.398670393973588943e-02 4.580969834933057427e-05 5.762703949585556984e-07 3.134904545731842518e-05
2.060000000000000000e+04 1.598587930202484131e-01 9.582327911630272865e-04 1.623562653549015522e-03 1.603842392796650529e-04 1.360287982970476151e-02 4.515768523560836911e-05 7.236521923914551735e-07 2.874629353755153716e-05 1.759096980094909668e-01 1.032717060297727585e-03 1.800805679522454739e-03 1.845247606979683042e-04 1.360287982970476151e-02 4.515768523560836911e-05 7.236521923914551735e-07 2.874629353755153716e-05
2.080000000000000000e+04 1.582017242908477783e-01 8.502615964971482754e-04 1.542187645100057125e-03 1.650685007916763425e-04 1.323668472468852997e-02 4.196231748210266232e-05 2.954948286060243845e-07 2.477277848811354488e-05 1.752266287803649902e-01 9.308424778282642365e-04 1.714050420559942722e-03 1.887311809696257114e-04 1.323668472468852997e-02 4.196231748210266232e-05 2.954948286060243845e-07 2.477277848811354488e-05
2.100000000000000000e+04 1.565507054328918457e-01 7.388136582449078560e-04 1.435438636690378189e-03 1.742432650644332170e-04 1.296301744878292084e-02 4.168016675976105034e-05 5.533365765586495399e-07 2.049456270469818264e-05 1.743890792131423950e-01 7.983426912687718868e-04 1.593824359588325024e-03 1.982340181712061167e-04 1.296301744878292084e-02 4.168016675976105034e-05 5.533365765586495399e-07 2.049456270469818264e-05
2.120000000000000000e+04 1.550180912017822266e-01 6.352428463287651539e-04 1.358042354695498943e-03 1.849878317443653941e-04 1.268084719777107239e-02 3.879355062963441014e-05 3.586901584640145302e-07 1.615828659851104021e-05 1.735625863075256348e-01 6.917073624208569527e-04 1.504512852989137173e-03 2.100538986269384623e-04 1.268084719777107239e-02 3.879355062963441014e-05 3.586901584640145302e-07 1.615828659851104021e-05
2.140000000000000000e+04 1.536119878292083740e-01 5.444587441161274910e-04 1.276569673791527748e-03 1.961421075975522399e-04 1.236463896930217743e-02 3.907173959305509925e-05 7.091230145306326449e-07 1.668385084485635161e-05 1.727652996778488159e-01 5.880811950191855431e-04 1.428155344910919666e-03 2.226899960078299046e-04 1.236463896930217743e-02 3.907173959305509925e-05 7.091230145306326449e-07 1.668385084485635161e-05
2.160000000000000000e+04 1.521899849176406860e-01 4.670537309721112251e-04 1.216632779687643051e-03 2.125514147337526083e-04 1.216273847967386246e-02 3.377644679858349264e-05 4.754192275413515745e-07 1.044583859766134992e-05 1.718553751707077026e-01 5.098089459352195263e-04 1.351458136923611164e-03 2.421074023004621267e-04 1.216273847967386246e-02 3.377644679858349264e-05 4.754192275413515745e-07 1.044583859766134992e-05
2.180000000000000000e+04 1.509075611829757690e-01 4.052608564961701632e-04 1.149784657172858715e-03 2.287910901941359043e-04 1.190309226512908936e-02 3.396376632736064494e-05 4.520415757269802270e-07 1.066894128598505631e-05 1.710189580917358398e-01 4.397248558234423399e-04 1.281786244362592697e-03 2.616596175357699394e-04 1.190309226512908936e-02 3.396376632736064494e-05 4.520415757269802270e-07 1.066894128598505631e-05
2.200000000000000000e+04 1.497273892164230347e-01 3.553821879904717207e-04 1.087476150132715702e-03 2.465832221787422895e-04 1.163253840059041977e-02 3.175886013195849955e-05 2.440392563585191965e-07 8.218225957534741610e-06 1.702157407999038696e-01 3.858834970742464066e-04 1.219338504597544670e-03 2.836567582562565804e-04 1.163253840059041977e-02 3.175886013195849955e-05 2.440392563585191965e-07 8.218225957534741610e-06
2.220000000000000000e+04 1.485103070735931396e-01 3.170402196701616049e-04 1.022735843434929848e-03 2.685587969608604908e-04 1.147197000682353973e-02 3.089615711360238492e-05 4.520415757269802270e-07 6.723858859913889319e-06 1.693179458379745483e-01 3.402383299544453621e-04 1.146646915003657341e-03 3.107675584033131599e-04 1.147197000682353973e-02 3.089615711360238492e-05 4.520415757269802270e-07 6.723858859913889319e-06
2.240000000000000000e+04 1.473976671695709229e-01 2.880932006519287825e-04 9.703985997475683689e-04 2.918700338341295719e-04 1.128479186445474625e-02 3.069372542086057365e-05 1.338202309852931648e-06 5.481547304952982813e-06 1.684802770614624023e-01 3.058188303839415312e-04 1.085031079128384590e-03 3.397485706955194473e-04 1.128479186445474625e-02 3.069372542086057365e-05 1.338202309852931648e-06 5.481547304952982813e-06
2.260000000000000000e+04 1.463936120271682739e-01 2.607803035061806440e-04 9.146477677859365940e-04 3.158570325467735529e-04 1.106978394091129303e-02 2.782511546683963388e-05 1.114539372792933136e-06 4.823786184715572745e-06 1.677262187004089355e-01 2.729344414547085762e-04 1.025567995384335518e-03 3.696759813465178013e-04 1.106978394091129303e-02 2.782511546683963388e-05 1.114539372792933136e-06 4.823786184715572745e-06
2.280000000000000000e+04 1.452855020761489868e-01 2.424521371722221375e-04 8.853346225805580616e-04 3.468781069386750460e-04 1.101484242826700211e-02 2.734614463406614959e-05 1.575113856233656406e-06 2.170986363125848584e-06 1.668085604906082153e-01 2.555326500441879034e-04 9.790253825485706329e-04 4.078689962625503540e-04 1.101484242826700211e-02 2.734614463406614959e-05 1.575113856233656406e-06 2.170986363125848584e-06
2.300000000000000000e+04 1.443281173706054688e-01 2.180871670134365559e-04 8.067087619565427303e-04 3.760731779038906097e-04 1.088824588805437088e-02 2.344018503208644688e-05 8.592760423198342323e-07 1.539411641715560108e-06 1.660294383764266968e-01 2.328544069314375520e-04 8.901828550733625889e-04 4.436438903212547302e-04 1.088824588805437088e-02 2.344018503208644688e-05 8.592760423198342323e-07 1.539411641715560108e-06
2.320000000000000000e+04 1.435210257768630981e-01 1.988239673664793372e-04 7.354866829700767994e-04 4.078742931596934795e-04 1.066664792597293854e-02 2.508943907741922885e-05 2.954948286060243845e-07 1.672320649959146976e-06 1.653930991888046265e-01 2.129085332853719592e-04 8.094622171483933926e-04 4.820843751076608896e-04 1.066664792597293854e-02 2.508943907741922885e-05 2.954948286060243845e-07 1.672320649959146976e-06
2.340000000000000000e+04 1.426536142826080322e-01 1.893227163236588240e-04 6.936450372450053692e-04 4.425088700372725725e-04 1.055838353931903839e-02 2.675774703675415367e-05 1.130706550611648709e-06 1.171633812191430479e-06 1.646490991115570068e-01 2.015872742049396038e-04 7.600710378028452396e-04 5.232448456808924675e-04 1.055838353931903839e-02 2.675774703675415367e-05 1.130706550611648709e-06 1.171633812191430479e-06
2.360000000000000000e+04 1.419803202152252197e-01 1.670636556809768081e-04 6.528230733238160610e-04 4.758093855343759060e-04 1.033008098602294922e-02 2.300645974173676223e-05 4.482026270125061274e-07 1.575113856233656406e-06 1.641161143779754639e-01 1.739485742291435599e-04 7.113328319974243641e-04 5.621766904368996620e-04 1.033008098602294922e-02 2.300645974173676223e-05 4.482026270125061274e-07 1.575113856233656406e-06
2.380000000000000000e+04 1.411264836788177490e-01 1.500685611972585320e-04 5.611786036752164364e-04 5.170041113160550594e-04 1.031406968832015991e-02 2.346905239392071962e-05 7.631169864907860756e-07 6.011478035361506045e-07 1.633364111185073853e-01 1.603369455551728606e-04 6.089465459808707237e-04 6.094043492339551449e-04 1.031406968832015991e-02 2.346905239392071962e-05 7.631169864907860756e-07 6.011478035361506045e-07
2.400000000000000000e+04 1.404713094234466553e-01 1.324792974628508091e-04 5.063518765382468700e-04 5.592398811131715775e-04 1.015478465706110001e-02 2.170625339203979820e-05 2.421584213152527809e-07 1.752787284203805029e-07 1.627892851829528809e-01 1.417342718923464417e-04 5.449221935123205185e-04 6.568714743480086327e-04 1.015478465706110001e-02 2.170625339203979820e-05 2.421584213152527809e-07 1.752787284203805029e-07
2.420000000000000000e+04 1.398446112871170044e-01 1.199774778797291219e-04 4.674557421822100878e-04 5.994481616653501987e-04 1.001336053013801575e-02 2.194517219322733581e-05 9.931909517035819590e-07 3.219838617951609194e-07 1.622263789176940918e-01 1.257010881090536714e-04 5.013170884922146797e-04 7.010077824816107750e-04 1.001336053013801575e-02 2.194517219322733581e-05 9.931909517035819590e-07 3.219838617951609194e-07
2.440000000000000000e+04 1.391643732786178589e-01 1.063283925759606063e-04 4.012985154986381531e-04 6.463310564868152142e-04 9.966511279344558716e-03 1.954046092578209937e-05 3.155228114337660372e-07 2.536489773774519563e-08 1.615994870662689209e-01 1.137982471846044064e-04 4.290956712793558836e-04 7.516877376474440098e-04 9.966511279344558716e-03 1.954046092578209937e-05 3.155228114337660372e-07 2.536489773774519563e-08
2.460000000000000000e+04 1.386815607547760010e-01 9.673931344877928495e-05 3.900593437720090151e-04 6.899723666720092297e-04 9.764773771166801453e-03 2.188992039009463042e-05 2.811575541272759438e-07 3.219838617951609194e-07 1.611667424440383911e-01 1.021694915834814310e-04 4.129627777729183435e-04 7.976389024406671524e-04 9.764773771166801453e-03 2.188992039009463042e-05 2.811575541272759438e-07 3.219838617951609194e-07
2.480000000000000000e+04 1.379550546407699585e-01 8.786749094724655151e-05 3.268772561568766832e-04 7.409686804749071598e-04 9.837945923209190369e-03 2.000747008423786610e-05 5.102274371893145144e-07 4.811226972378790379e-08 1.604470610618591309e-01 9.533800039207562804e-05 3.465077315922826529e-04 8.507916936650872231e-04 9.837945923209190369e-03 2.000747008423786610e-05 5.102274371893145144e-07 4.811226972378790379e-08
2.500000000000000000e+04 1.374514698982238770e-01 7.467069372069090605e-05 2.789494174066931009e-04 7.903960649855434895e-04 9.732241742312908173e-03 1.976452949747908860e-05 4.330104275140911341e-07 4.168477687471749960e-07 1.599740982055664062e-01 8.130836067721247673e-05 2.946697350125759840e-04 9.012788068503141403e-04 9.732241742312908173e-03 1.976452949747908860e-05 4.330104275140911341e-07 4.168477687471749960e-07
2.520000000000000000e+04 1.369592398405075073e-01 6.530330574605613947e-05 2.359481586609035730e-04 8.395521435886621475e-04 9.652951732277870178e-03 1.903057091112714261e-05 2.282840796397067606e-07 3.937784640584141016e-07 1.594865769147872925e-01 7.071172876749187708e-05 2.483988646417856216e-04 9.505054331384599209e-04 9.652951732277870178e-03 1.903057091112714261e-05 2.282840796397067606e-07 3.937784640584141016e-07
2.540000000000000000e+04 1.365570276975631714e-01 5.857916403328999877e-05 2.081210113829001784e-04 8.877622312866151333e-04 9.520707651972770691e-03 1.804975181585177779e-05 5.370475264498963952e-08 2.701426637941040099e-07 1.590941101312637329e-01 6.329134339466691017e-05 2.186136698583140969e-04 9.981296025216579437e-04 9.520707651972770691e-03 1.804975181585177779e-05 5.370475264498963952e-08 2.701426637941040099e-07
2.560000000000000000e+04 1.360712647438049316e-01 5.335547393769957125e-05 1.797129079932346940e-04 9.408369660377502441e-04 9.493462741374969482e-03 2.012548429775051773e-05 3.296045179013162851e-07 5.661795512423850596e-07 1.585783958435058594e-01 5.820654769195243716e-05 1.896690082503482699e-04 1.050041290000081062e-03 9.493462741374969482e-03 2.012548429775051773e-05 3.296045179013162851e-07 5.661795512423850596e-07
2.580000000000000000e+04 1.357245892286300659e-01 4.985463601769879460e-05 1.602953707333654165e-04 9.885946055874228477e-04 9.370096027851104736e-03 1.917124063766095787e-05 1.397565938532352448e-07 2.652086550369858742e-07 1.582171767950057983e-01 5.387568671721965075e-05 1.685605238890275359e-04 1.095840940251946449e-03 9.370096027851104736e-03 1.917124063766095787e-05 1.397565938532352448e-07 2.652086550369858742e-07
2.600000000000000000e+04 1.353386789560317993e-01 4.625419751391746104e-05 1.458206970710307360e-04 1.039071357809007168e-03 9.309887886047363281e-03 1.950201112776994705e-05 4.895264282822608948e-08 3.017485141754150391e-07 1.578029990196228027e-01 5.019106538384221494e-05 1.536053605377674103e-04 1.144089736044406891e-03 9.309887886047363281e-03 1.950201112776994705e-05 4.895264282822608948e-08 3.017485141754150391e-07
2.620000000000000000e+04 1.348911970853805542e-01 4.400523539516143501e-05 1.097687199944630265e-04 1.091804355382919312e-03 9.334795176982879639e-03 1.994140438910108060e-05 1.941261871252208948e-07 1.002717908704653382e-06 1.572926789522171021e-01 4.840540714212693274e-05 1.172468982986174524e-04 1.194079522974789143e-03 9.334795176982879639e-03 1.994140438910108060e-05 1.941261871252208948e-07 1.002717908704653382e-06
2.640000000000000000e+04 1.345810294151306152e-01 4.169235398876480758e-05 9.677813068265095353e-05 1.143428380601108074e-03 9.251318871974945068e-03 1.975764098460786045e-05 3.187451511621475220e-07 1.409739525115583092e-06 1.569465398788452148e-01 4.608947710948996246e-05 1.041429422912187874e-04 1.242685015313327312e-03 9.251318871974945068e-03 1.975764098460786045e-05 3.187451511621475220e-07 1.409739525115583092e-06
2.660000000000000000e+04 1.342796832323074341e-01 4.128971704631112516e-05 8.494650683132931590e-05 1.190853654406964779e-03 9.188683703541755676e-03 1.949727266037371010e-05 1.088810677174478769e-07 1.122608409787062556e-06 1.565896272659301758e-01 4.603317938745021820e-05 9.137760935118421912e-05 1.286728656850755215e-03 9.188683703541755676e-03 1.949727266037371010e-05 1.088810677174478769e-07 1.122608409787062556e-06
2.680000000000000000e+04 1.339553743600845337e-01 4.113917020731605589e-05 7.476170139852911234e-05 1.241003745235502720e-03 9.166687726974487305e-03 1.974545375560410321e-05 3.373143044882453978e-07 1.331591192865744233e-06 1.562037616968154907e-01 4.614821591530926526e-05 8.185605838662013412e-05 1.333450665697455406e-03 9.166687726974487305e-03 1.974545375560410321e-05 3.373143044882453978e-07 1.331591192865744233e-06
2.700000000000000000e+04 1.336873173713684082e-01 4.044802335556596518e-05 6.593656871700659394e-05 1.288463128730654716e-03 9.113418869674205780e-03 1.933653220476116985e-05 2.478227543178945780e-07 1.677257273513532709e-06 1.558757275342941284e-01 4.574912236421369016e-05 7.304247264983132482e-05 1.377357519231736660e-03 9.113418869674205780e-03 1.933653220476116985e-05 2.478227543178945780e-07 1.677257273513532709e-06
2.720000000000000000e+04 1.334331035614013672e-01 4.092783274245448411e-05 5.787019472336396575e-05 1.333883148618042469e-03 9.068181738257408142e-03 1.794708623492624611e-05 1.705202521407045424e-07 1.572720975673291832e-06 1.555561125278472900e-01 4.655738302972167730e-05 6.503830809378996491e-05 1.419420819729566574e-03 9.068181738257408142e-03 1.794708623492624611e-05 1.705202521407045424e-07 1.572720975673291832e-06
2.740000000000000000e+04 1.331530362367630005e-01 4.210984116070903838e-05 6.972619303269311786e-05 1.380041008815169334e-03 9.063619188964366913e-03 1.809079731174279004e-05 3.552713678800500929e-07 2.070992877634125762e-06 1.551973819732666016e-01 4.820392496185377240e-05 7.766580529278144240e-05 1.462043030187487602e-03 9.063619188964366913e-03 1.809079731174279004e-05 3.552713678800500929e-07 2.070992877634125762e-06
2.760000000000000000e+04 1.329651474952697754e-01 4.053073280374519527e-05 4.974914918420836329e-05 1.422125380486249924e-03 8.988666348159313202e-03 1.789308953448198736e-05 1.983507900149561465e-07 1.839074570852972101e-06 1.549433171749114990e-01 4.698254269897006452e-05 5.710935147362761199e-05 1.500574056990444660e-03 8.988666348159313202e-03 1.789308953448198736e-05 1.983507900149561465e-07 1.839074570852972101e-06
2.780000000000000000e+04 1.327278912067413330e-01 4.048525079269893467e-05 4.787446232512593269e-05 1.464296248741447926e-03 8.975741453468799591e-03 1.872911161626689136e-05 1.752787284203805029e-07 2.238958359157550149e-06 1.546242833137512207e-01 4.721961158793419600e-05 5.543993393075652421e-05 1.539330463856458664e-03 8.975741453468799591e-03 1.872911161626689136e-05 1.752787284203805029e-07 2.238958359157550149e-06
2.800000000000000000e+04 1.325123608112335205e-01 4.171735417912714183e-05 7.356396235991269350e-05 1.508499961346387863e-03 8.951927535235881805e-03 1.913211417559068650e-05 4.833427738049067557e-07 2.518296241760253906e-06 1.543322652578353882e-01 4.889395859208889306e-05 8.213359251385554671e-05 1.579974545165896416e-03 8.951927535235881805e-03 1.913211417559068650e-05 4.833427738049067557e-07 2.518296241760253906e-06
2.820000000000000000e+04 1.324833780527114868e-01 4.378338780952617526e-05 2.435445057926699519e-04 1.537302974611520767e-03 8.775812573730945587e-03 1.946780685102567077e-05 1.782609615474939346e-10 2.612941898405551910e-07 1.542555093765258789e-01 5.021033939556218684e-05 2.574617683421820402e-04 1.606264151632785797e-03 8.775812573730945587e-03 1.946780685102567077e-05 1.782609615474939346e-10 2.612941898405551910e-07
2.840000000000000000e+04 1.321878284215927124e-01 4.029395495308563113e-05 4.507513222051784396e-05 1.584083191119134426e-03 8.857076056301593781e-03 1.788048575690481812e-05 1.760781742632389069e-07 2.101296558976173401e-06 1.538592278957366943e-01 4.768679718836210668e-05 5.324733137967996299e-05 1.649013487622141838e-03 8.857076056301593781e-03 1.788048575690481812e-05 1.760781742632389069e-07 2.101296558976173401e-06
2.860000000000000000e+04 1.320176869630813599e-01 4.035188612760975957e-05 4.513274325290694833e-05 1.622049487195909023e-03 8.831514976918697357e-03 1.778986552380956709e-05 1.874614099506288767e-07 2.199180698880809359e-06 1.536103487014770508e-01 4.790660750586539507e-05 5.349268030840903521e-05 1.683710492216050625e-03 8.831514976918697357e-03 1.778986552380956709e-05 1.874614099506288767e-07 2.199180698880809359e-06
2.880000000000000000e+04 1.318576186895370483e-01 4.034533776575699449e-05 4.551457459456287324e-05 1.659624278545379639e-03 8.805073797702789307e-03 1.762282954587135464e-05 1.849921318353153765e-07 2.305081579834222794e-06 1.533713787794113159e-01 4.793227708432823420e-05 5.406846321420744061e-05 1.718077110126614571e-03 8.805073797702789307e-03 1.762282954587135464e-05 1.849921318353153765e-07 2.305081579834222794e-06
2.900000000000000000e+04 1.317104995250701904e-01 4.051585710840299726e-05 4.637447636923752725e-05 1.695828745141625404e-03 8.775142952799797058e-03 1.762482861522585154e-05 1.596717993379570544e-07 2.170986363125848584e-06 1.531466543674468994e-01 4.807766163139604032e-05 5.519551268662326038e-05 1.751197618432343006e-03 8.775142952799797058e-03 1.762482861522585154e-05 1.596717993379570544e-07 2.170986363125848584e-06
2.920000000000000000e+04 1.315297633409500122e-01 4.148336665821261704e-05 6.024174581398256123e-05 1.734406105242669582e-03 8.782514370977878571e-03 1.773761505319271237e-05 3.080676833633333445e-07 2.907603629864752293e-06 1.528806090354919434e-01 4.962166713085025549e-05 6.910899537615478039e-05 1.786494976840913296e-03 8.782514370977878571e-03 1.773761505319271237e-05 3.080676833633333445e-07 2.907603629864752293e-06
2.940000000000000000e+04 1.314345002174377441e-01 4.098648059880360961e-05 5.085170778329484165e-05 1.765100634656846523e-03 8.723048493266105652e-03 1.736107878969050944e-05 1.082526068785227835e-07 2.253251295769587159e-06 1.527149379253387451e-01 4.829954923479817808e-05 6.039611980668269098e-05 1.814437564462423325e-03 8.723048493266105652e-03 1.736107878969050944e-05 1.082526068785227835e-07 2.253251295769587159e-06
2.960000000000000000e+04 1.312943696975708008e-01 4.142295802012085915e-05 4.976998752681538463e-05 1.801876351237297058e-03 8.706822991371154785e-03 1.761832390911877155e-05 1.589105522725731134e-07 2.207674697274342179e-06 1.524960100650787354e-01 4.873370926361531019e-05 5.933785723755136132e-05 1.848190091550350189e-03 8.706822991371154785e-03 1.761832390911877155e-05 1.589105522725731134e-07 2.207674697274342179e-06
2.980000000000000000e+04 1.311216950416564941e-01 4.316076228860765696e-05 7.753957470413297415e-05 1.839677453972399235e-03 8.726989850401878357e-03 1.771151619323063642e-05 3.772001946344971657e-07 3.304045094409957528e-06 1.522375047206878662e-01 5.158061321708373725e-05 8.644176705274730921e-05 1.882827375084161758e-03 8.726989850401878357e-03 1.771151619323063642e-05 3.772001946344971657e-07 3.304045094409957528e-06
3.000000000000000000e+04 1.310585439205169678e-01 4.222465577186085284e-05 5.310810229275375605e-05 1.868950785137712955e-03 8.656883612275123596e-03 1.686841460468713194e-05 1.513981260359287262e-07 2.398679498583078384e-06 1.521092057228088379e-01 4.927599002257920802e-05 6.331234908429905772e-05 1.909679616801440716e-03 8.656883612275123596e-03 1.686841460468713194e-05 1.513981260359287262e-07 2.398679498583078384e-06
3.020000000000000000e+04 1.309274882078170776e-01 4.269539567758329213e-05 5.511414565262384713e-05 1.903707510791718960e-03 8.651426993310451508e-03 1.720694672258105129e-05 2.246533767902292311e-07 2.734628651523962617e-06 1.518998146057128906e-01 4.990110755898058414e-05 6.483143079094588757e-05 1.941688009537756443e-03 8.651426993310451508e-03 1.720694672258105129e-05 2.246533767902292311e-07 2.734628651523962617e-06
3.040000000000000000e+04 1.308485865592956543e-01 4.325010741013102233e-05 6.152757123345509171e-05 1.933666295371949673e-03 8.606555871665477753e-03 1.663373586779925972e-05 1.165644789580255747e-07 2.207674697274342179e-06 1.517524570226669312e-01 4.939770224154926836e-05 7.309232751140370965e-05 1.969434320926666260e-03 8.606555871665477753e-03 1.663373586779925972e-05 1.165644789580255747e-07 2.207674697274342179e-06
3.060000000000000000e+04 1.307278871536254883e-01 4.359822196420282125e-05 6.050221782061271369e-05 1.965188886970281601e-03 8.604632690548896790e-03 1.716839688015170395e-05 1.397565938532352448e-07 2.313777031304198317e-06 1.515552103519439697e-01 4.990237357560545206e-05 7.199039100669324398e-05 1.998616848140954971e-03 8.604632690548896790e-03 1.716839688015170395e-05 1.397565938532352448e-07 2.313777031304198317e-06
3.080000000000000000e+04 1.305816024541854858e-01 4.525213080341927707e-05 7.861597987357527018e-05 1.999184489250183105e-03 8.629774674773216248e-03 1.731640259095001966e-05 3.112518243142403662e-07 3.444180038059130311e-06 1.513282805681228638e-01 5.329232590156607330e-05 8.755041199037805200e-05 2.030150499194860458e-03 8.629774674773216248e-03 1.731640259095001966e-05 3.112518243142403662e-07 3.444180038059130311e-06
3.100000000000000000e+04 1.305227428674697876e-01 4.426113810040988028e-05 6.614268932025879622e-05 2.024975605309009552e-03 8.585358038544654846e-03 1.639152833377011120e-05 1.082526068785227835e-07 2.603759639896452427e-06 1.512056887149810791e-01 5.000749661121517420e-05 7.861244375817477703e-05 2.054452663287520409e-03 8.585358038544654846e-03 1.639152833377011120e-05 1.082526068785227835e-07 2.603759639896452427e-06
3.120000000000000000e+04 1.304470300674438477e-01 4.453829387784935534e-05 6.664483225904405117e-05 2.055630553513765335e-03 8.552959188818931580e-03 1.638429239392280579e-05 1.327171048615127802e-07 2.594534407762694173e-06 1.510641425848007202e-01 5.038002564106136560e-05 7.907966210041195154e-05 2.083325292915105820e-03 8.552959188818931580e-03 1.638429239392280579e-05 1.327171048615127802e-07 2.594534407762694173e-06
3.140000000000000000e+04 1.303804814815521240e-01 4.518804053077474236e-05 8.028224692679941654e-05 2.083214931190013885e-03 8.520005270838737488e-03 1.645916927373036742e-05 9.139421308645978570e-08 2.284855099787819199e-06 1.509341597557067871e-01 4.992093818145804107e-05 9.498739382252097130e-05 2.109537133947014809e-03 8.520005270838737488e-03 1.645916927373036742e-05 9.139421308645978570e-08 2.284855099787819199e-06
3.160000000000000000e+04 1.302882581949234009e-01 4.508488200372084975e-05 7.642841956112533808e-05 2.112241229042410851e-03 8.513250388205051422e-03 1.644998155825305730e-05 1.120506567531265318e-07 2.464108547428622842e-06 1.507742553949356079e-01 5.001397948944941163e-05 9.064819460036233068e-05 2.137174829840660095e-03 8.513250388205051422e-03 1.644998155825305730e-05 1.120506567531265318e-07 2.464108547428622842e-06
3.180000000000000000e+04 1.301598399877548218e-01 4.556368003250099719e-05 8.201113087125122547e-05 2.143586520105600357e-03 8.541232906281948090e-03 1.691839133854955435e-05 2.741226126090623438e-07 3.437104169279336929e-06 1.505718380212783813e-01 5.258850796963088214e-05 9.194770973408594728e-05 2.167043276131153107e-03 8.541232906281948090e-03 1.691839133854955435e-05 2.741226126090623438e-07 3.437104169279336929e-06
3.200000000000000000e+04 1.301240622997283936e-01 4.506649202085100114e-05 7.937052578199654818e-05 2.168437698855996132e-03 8.491134271025657654e-03 1.672721555223688483e-05 1.178705133497714996e-07 2.576133510956424288e-06 1.504815965890884399e-01 4.999403972760774195e-05 9.394362859893590212e-05 2.191203180700540543e-03 8.491134271025657654e-03 1.672721555223688483e-05 1.178705133497714996e-07 2.576133510956424288e-06
3.220000000000000000e+04 1.300488114356994629e-01 4.483904194785282016e-05 7.723634917056187987e-05 2.196979243308305740e-03 8.476969785988330841e-03 1.634715772524941713e-05 1.589105522725731134e-07 2.917368647104012780e-06 1.503449082374572754e-01 5.013763075112365186e-05 9.055760892806574702e-05 2.218822250142693520e-03 8.476969785988330841e-03 1.634715772524941713e-05 1.589105522725731134e-07 2.917368647104012780e-06
3.240000000000000000e+04 1.299263238906860352e-01 4.586356226354837418e-05 9.886983025353401899e-05 2.226723823696374893e-03 8.508784696459770203e-03 1.707566116238012910e-05 3.209024725947529078e-07 3.751629947146284394e-06 1.501531451940536499e-01 5.307865285431034863e-05 1.082179078366607428e-04 2.247545169666409492e-03 8.508784696459770203e-03 1.707566116238012910e-05 3.209024725947529078e-07 3.751629947146284394e-06
3.260000000000000000e+04 1.299460977315902710e-01 4.652126153814606369e-05 1.180332474177703261e-04 2.248157979920506477e-03 8.417869918048381805e-03 1.562416400702204555e-05 6.053960532881319523e-08 2.187881136705982499e-06 1.501329541206359863e-01 4.922812877339310944e-05 1.382471091346815228e-04 2.269059186801314354e-03 8.417869918048381805e-03 1.562416400702204555e-05 6.053960532881319523e-08 2.187881136705982499e-06
3.280000000000000000e+04 1.298061013221740723e-01 4.464059747988358140e-05 8.774366870056837797e-05 2.279344247654080391e-03 8.467598818242549896e-03 1.666778734943363816e-05 2.328633854631334543e-07 3.422974259592592716e-06 1.499226987361907959e-01 5.068547034170478582e-05 9.945703641278669238e-05 2.299322746694087982e-03 8.467598818242549896e-03 1.666778734943363816e-05 2.328633854631334543e-07 3.422974259592592716e-06
3.300000000000000000e+04 1.297470778226852417e-01 4.502249430515803397e-05 9.060322190634906292e-05 2.305892761796712875e-03 8.447777479887008667e-03 1.668628647166769952e-05 2.255583240184932947e-07 3.272915591878700070e-06 1.498109698295593262e-01 5.144522947375662625e-05 1.024186058202758431e-04 2.325721317902207375e-03 8.447777479887008667e-03 1.668628647166769952e-05 2.255583240184932947e-07 3.272915591878700070e-06
3.320000000000000000e+04 1.296434849500656128e-01 4.628840542864054441e-05 1.200929109472781420e-04 2.334601711481809616e-03 8.470056578516960144e-03 1.687967960606329143e-05 3.406457835808396339e-07 4.083777639607433230e-06 1.496468782424926758e-01 5.396075721364468336e-05 1.287746563320979476e-04 2.354006748646497726e-03 8.470056578516960144e-03 1.687967960606329143e-05 3.406457835808396339e-07 4.083777639607433230e-06
3.340000000000000000e+04 1.296576112508773804e-01 4.435831579030491412e-05 1.059330315911211073e-04 2.356164390221238136e-03 8.390942588448524475e-03 1.582886397955007851e-05 9.784707799553871155e-08 2.634627890074625611e-06 1.496252864599227905e-01 4.771393651026301086e-05 1.248158368980512023e-04 2.376005752012133598e-03 8.390942588448524475e-03 1.582886397955007851e-05 9.784707799553871155e-08 2.634627890074625611e-06
3.360000000000000000e+04 1.296140551567077637e-01 4.493085725698620081e-05 1.276863913517445326e-04 2.381650265306234360e-03 8.362662047147750854e-03 1.544796396046876907e-05 6.148184183984994888e-08 2.342880861760932021e-06 1.495357453823089600e-01 4.751121741719543934e-05 1.495278847869485617e-04 2.401767298579216003e-03 8.362662047147750854e-03 1.544796396046876907e-05 6.148184183984994888e-08 2.342880861760932021e-06
3.380000000000000000e+04 1.294869631528854370e-01 4.318917490309104323e-05 9.879375284072011709e-05 2.412581583485007286e-03 8.406849578022956848e-03 1.628456084290519357e-05 2.564420356065966189e-07 3.623441443778574467e-06 1.493476927280426025e-01 4.906857429887168109e-05 1.105965129681862891e-04 2.432430163025856018e-03 8.406849578022956848e-03 1.628456084290519357e-05 2.564420356065966189e-07 3.623441443778574467e-06
3.400000000000000000e+04 1.294133365154266357e-01 4.335782796260900795e-05 1.070257567334920168e-04 2.439693780615925789e-03 8.406892418861389160e-03 1.655555206525605172e-05 2.913620846811681986e-07 3.852041118079796433e-06 1.492249071598052979e-01 4.977699063601903617e-05 1.175921424874104559e-04 2.459769602864980698e-03 8.406892418861389160e-03 1.655555206525605172e-05 2.913620846811681986e-07 3.852041118079796433e-06
3.420000000000000000e+04 1.293832659721374512e-01 4.245457967044785619e-05 9.827901521930471063e-05 2.463320503011345863e-03 8.370971307158470154e-03 1.616643567103892565e-05 1.313310349360108376e-07 3.095942474828916602e-06 1.491562426090240479e-01 4.735027323476970196e-05 1.139433952630497515e-04 2.484205877408385277e-03 8.370971307158470154e-03 1.616643567103892565e-05 1.313310349360108376e-07 3.095942474828916602e-06
3.440000000000000000e+04 1.293309777975082397e-01 4.188729508314281702e-05 9.979299647966399789e-05 2.490564482286572456e-03 8.353027515113353729e-03 1.579236413817852736e-05 1.642774805077351630e-07 3.200853825546801090e-06 1.490613371133804321e-01 4.630893454304896295e-05 1.159677340183407068e-04 2.511810977011919022e-03 8.353027515113353729e-03 1.579236413817852736e-05 1.642774805077351630e-07 3.200853825546801090e-06
3.460000000000000000e+04 1.292621344327926636e-01 4.157699368079192936e-05 9.907771891448646784e-05 2.517277840524911880e-03 8.351219817996025085e-03 1.624513606657274067e-05 1.720991349429823458e-07 3.398316948732826859e-06 1.489488929510116577e-01 4.650972186936996877e-05 1.138071238528937101e-04 2.539217472076416016e-03 8.351219817996025085e-03 1.624513606657274067e-05 1.720991349429823458e-07 3.398316948732826859e-06
3.480000000000000000e+04 1.292054504156112671e-01 4.114059993298724294e-05 9.994711581384763122e-05 2.543669892475008965e-03 8.340068161487579346e-03 1.606975638424046338e-05 2.043416316155344248e-07 3.461901314949500374e-06 1.488517820835113525e-01 4.616434671333990991e-05 1.138652951340191066e-04 2.566367387771606445e-03 8.340068161487579346e-03 1.606975638424046338e-05 2.043416316155344248e-07 3.461901314949500374e-06
3.500000000000000000e+04 1.291533410549163818e-01 4.087693378096446395e-05 1.006995153147727251e-04 2.569739939644932747e-03 8.324898779392242432e-03 1.590008469065651298e-05 1.752787284203805029e-07 3.366745659150183201e-06 1.487613022327423096e-01 4.590775643009692430e-05 1.150847820099443197e-04 2.593483310192823410e-03 8.324898779392242432e-03 1.590008469065651298e-05 1.752787284203805029e-07 3.366745659150183201e-06
3.520000000000000000e+04 1.290945559740066528e-01 4.044668094138614833e-05 1.013614673865959048e-04 2.595667494460940361e-03 8.317722007632255554e-03 1.602916563570033759e-05 2.034803401329554617e-07 3.458353603491559625e-06 1.486645340919494629e-01 4.543298928183503449e-05 1.153056145994924009e-04 2.620363142341375351e-03 8.317722007632255554e-03 1.602916563570033759e-05 2.034803401329554617e-07 3.458353603491559625e-06
3.540000000000000000e+04 1.290373355150222778e-01 4.010037446278147399e-05 1.018250113702379167e-04 2.621423918753862381e-03 8.310178294777870178e-03 1.607071499165613204e-05 1.924490788951516151e-07 3.501048922771587968e-06 1.485708504915237427e-01 4.494131644605658948e-05 1.158091981778852642e-04 2.647142158821225166e-03 8.310178294777870178e-03 1.607071499165613204e-05 1.924490788951516151e-07 3.501048922771587968e-06
3.560000000000000000e+04 1.289866715669631958e-01 3.976171137765049934e-05 1.025489982566796243e-04 2.646784530952572823e-03 8.297229185700416565e-03 1.601580515853129327e-05 2.130545908585190773e-07 3.486788045847788453e-06 1.484860628843307495e-01 4.470123894861899316e-05 1.161577747552655637e-04 2.673814306035637856e-03 8.297229185700416565e-03 1.601580515853129327e-05 2.130545908585190773e-07 3.486788045847788453e-06
3.580000000000000000e+04 1.289347857236862183e-01 3.943621777580119669e-05 1.030035273288376629e-04 2.671630354598164558e-03 8.287047035992145538e-03 1.598099697730503976e-05 2.104216036968864501e-07 3.493914846330881119e-06 1.484010070562362671e-01 4.433845242601819336e-05 1.166456786449998617e-04 2.700023120269179344e-03 8.287047035992145538e-03 1.598099697730503976e-05 2.104216036968864501e-07 3.493914846330881119e-06
3.600000000000000000e+04 1.288840919733047485e-01 3.910930172423832119e-05 1.034568267641589046e-04 2.697237534448504448e-03 8.274312131106853485e-03 1.590674037288408726e-05 2.052047420875169337e-07 3.465451300144195557e-06 1.483176350593566895e-01 4.383058330859057605e-05 1.174643475678749382e-04 2.727230079472064972e-03 8.274312131106853485e-03 1.590674037288408726e-05 2.052047420875169337e-07 3.465451300144195557e-06
3.620000000000000000e+04 1.288294345140457153e-01 3.884265242959372699e-05 1.038130430970340967e-04 2.722124336287379265e-03 8.267330005764961243e-03 1.590769170434214175e-05 2.174792825826443732e-07 3.561982339306268841e-06 1.482313871383666992e-01 4.367150540929287672e-05 1.172566408058628440e-04 2.753604669123888016e-03 8.267330005764961243e-03 1.590769170434214175e-05 2.174792825826443732e-07 3.561982339306268841e-06
3.640000000000000000e+04 1.289975047111511230e-01 6.731542089255526662e-05 8.162185549736022949e-04 2.734972629696130753e-03 8.070635609328746796e-03 1.495484411861980334e-05 1.266380422748625278e-08 3.027971615665592253e-07 1.484127938747406006e-01 6.316064536804333329e-05 8.819318027235567570e-04 2.770527498796582222e-03 8.070635609328746796e-03 1.495484411861980334e-05 1.266380422748625278e-08 3.027971615665592253e-07
3.660000000000000000e+04 1.287276148796081543e-01 3.828699846053496003e-05 1.043002994265407324e-04 2.771893050521612167e-03 8.247181773185729980e-03 1.585875725140795112e-05 2.255583240184932947e-07 3.598071089072618634e-06 1.480696350336074829e-01 4.304373578634113073e-05 1.175082870759069920e-04 2.806792268529534340e-03 8.247181773185729980e-03 1.585875725140795112e-05 2.255583240184932947e-07 3.598071089072618634e-06
3.680000000000000000e+04 1.286754906177520752e-01 3.802603168878704309e-05 1.045770259224809706e-04 2.797165419906377792e-03 8.237419649958610535e-03 1.582412005518563092e-05 2.273736754432320595e-07 3.619811650423798710e-06 1.479884386062622070e-01 4.273773811291903257e-05 1.176856167148798704e-04 2.834044396877288818e-03 8.237419649958610535e-03 1.582412005518563092e-05 2.273736754432320595e-07 3.619811650423798710e-06
3.700000000000000000e+04 1.286234110593795776e-01 3.777025267481803894e-05 1.047561163431964815e-04 2.822534181177616119e-03 8.227944374084472656e-03 1.580989737703930587e-05 2.291963028255850077e-07 3.652545274235308170e-06 1.479076147079467773e-01 4.246364187565632164e-05 1.176852892967872322e-04 2.861480694264173508e-03 8.227944374084472656e-03 1.580989737703930587e-05 2.291963028255850077e-07 3.652545274235308170e-06
3.720000000000000000e+04 1.285412609577178955e-01 3.730356183950789273e-05 1.040951246977783740e-04 2.847336465492844582e-03 8.247809484601020813e-03 1.675306702964007854e-05 1.581511241965927184e-07 4.215879926050547510e-06 1.477928459644317627e-01 4.153404734097421169e-05 1.171500334748998284e-04 2.888028044253587723e-03 8.247809484601020813e-03 1.675306702964007854e-05 1.581511241965927184e-07 4.215879926050547510e-06
3.740000000000000000e+04 1.284605711698532104e-01 4.010735574411228299e-05 1.749731600284576416e-04 2.879629610106348991e-03 8.252487517893314362e-03 1.662207068875432014e-05 6.432683221646584570e-07 5.035516551288310438e-06 1.476776450872421265e-01 4.714460010291077197e-05 1.790408859960734844e-04 2.922794315963983536e-03 8.252487517893314362e-03 1.662207068875432014e-05 6.432683221646584570e-07 5.035516551288310438e-06
3.760000000000000000e+04 1.284450441598892212e-01 3.755822035600431263e-05 1.095679181162267923e-04 2.902635373175144196e-03 8.212142623960971832e-03 1.514909126854036003e-05 2.731248969212174416e-07 4.223716132401023060e-06 1.476423144340515137e-01 4.290278229746036232e-05 1.197348756249994040e-04 2.948614070191979408e-03 8.212142623960971832e-03 1.514909126854036003e-05 2.731248969212174416e-07 4.223716132401023060e-06
3.780000000000000000e+04 1.284373998641967773e-01 3.792095230892300606e-05 1.269577915081754327e-04 2.926425775513052940e-03 8.162481710314750671e-03 1.600435643922537565e-05 1.355110725853592157e-07 3.092587576247751713e-06 1.476172357797622681e-01 4.070745853823609650e-05 1.463026710553094745e-04 2.975388662889599800e-03 8.162481710314750671e-03 1.600435643922537565e-05 1.355110725853592157e-07 3.092587576247751713e-06
3.800000000000000000e+04 1.284083873033523560e-01 3.788012691074982285e-05 1.267135230591520667e-04 2.953521907329559326e-03 8.127473294734954834e-03 1.593670822330750525e-05 1.433445504517294466e-07 2.545610868764924817e-06 1.475663632154464722e-01 4.073897071066312492e-05 1.458037295378744602e-04 3.005544189363718033e-03 8.127473294734954834e-03 1.593670822330750525e-05 1.433445504517294466e-07 2.545610868764924817e-06
3.820000000000000000e+04 1.283069550991058350e-01 3.680812005768530071e-05 1.042093717842362821e-04 2.983610844239592552e-03 8.157097734510898590e-03 1.462020736653357744e-05 2.291963028255850077e-07 3.740555257536470890e-06 1.474300175905227661e-01 4.155574424657970667e-05 1.156701328000053763e-04 3.037906251847743988e-03 8.157097734510898590e-03 1.462020736653357744e-05 2.291963028255850077e-07 3.740555257536470890e-06
3.840000000000000000e+04 1.282099932432174683e-01 3.712849866133183241e-05 1.100099907489493489e-04 3.012093482539057732e-03 8.184531703591346741e-03 1.516997690487187356e-05 2.661918188096024096e-07 4.736215487355366349e-06 1.472995430231094360e-01 4.230850026942789555e-05 1.187660018331371248e-04 3.068760037422180176e-03 8.184531703591346741e-03 1.516997690487187356e-05 2.661918188096024096e-07 4.736215487355366349e-06
3.860000000000000000e+04 1.281388700008392334e-01 3.738686427823267877e-05 1.167266236734576523e-04 3.040298819541931152e-03 8.187358267605304718e-03 1.576016802573576570e-05 3.328977982164360583e-07 5.117166438139975071e-06 1.472002863883972168e-01 4.272365549695678055e-05 1.240135170519351959e-04 3.099791705608367920e-03 8.187358267605304718e-03 1.576016802573576570e-05 3.328977982164360583e-07 5.117166438139975071e-06
3.880000000000000000e+04 1.281158924102783203e-01 3.675815605674870312e-05 1.056585897458717227e-04 3.067306941375136375e-03 8.147604763507843018e-03 1.494562548032263294e-05 2.525930540286935866e-07 4.502567207964602858e-06 1.471583545207977295e-01 4.156740396865643561e-05 1.151877295342274010e-04 3.130292287096381187e-03 8.147604763507843018e-03 1.494562548032263294e-05 2.525930540286935866e-07 4.502567207964602858e-06
3.900000000000000000e+04 1.281337141990661621e-01 3.773163916775956750e-05 1.232211070600897074e-04 3.092203056439757347e-03 8.072413504123687744e-03 1.542360951134469360e-05 1.891166903078556061e-07 2.503184759916621260e-06 1.471659839153289795e-01 4.076137338415719569e-05 1.407703530276194215e-04 3.159449435770511627e-03 8.072413504123687744e-03 1.542360951134469360e-05 1.891166903078556061e-07 2.503184759916621260e-06
3.920000000000000000e+04 1.279989778995513916e-01 3.836518590105697513e-05 1.196707598865032196e-04 3.124041249975562096e-03 8.128139190375804901e-03 1.605924808245617896e-05 4.292532764793577371e-07 4.007052666565869004e-06 1.469918787479400635e-01 4.415168587001971900e-05 1.265487953787669539e-04 3.194190328940749168e-03 8.128139190375804901e-03 1.605924808245617896e-05 4.292532764793577371e-07 4.007052666565869004e-06
3.940000000000000000e+04 1.279796957969665527e-01 3.699080116348341107e-05 1.089113429770804942e-04 3.149759024381637573e-03 8.089366368949413300e-03 1.438233721273718402e-05 1.604348653927445412e-07 4.045324203616473824e-06 1.469568461179733276e-01 4.033365621580742300e-05 1.231920614372938871e-04 3.223526524379849434e-03 8.089366368949413300e-03 1.438233721273718402e-05 1.604348653927445412e-07 4.045324203616473824e-06
3.960000000000000000e+04 1.279391646385192871e-01 3.755166108021512628e-05 1.174253629869781435e-04 3.177029080688953400e-03 8.064232766628265381e-03 1.550236265757121146e-05 1.596717993379570544e-07 3.079185262322425842e-06 1.468960195779800415e-01 4.080441431142389774e-05 1.335955021204426885e-04 3.255084389820694923e-03 8.064232766628265381e-03 1.550236265757121146e-05 1.596717993379570544e-07 3.079185262322425842e-06
3.980000000000000000e+04 1.278406530618667603e-01 3.747148002730682492e-05 1.074846368283033371e-04 3.208295442163944244e-03 8.086943998932838440e-03 1.519738270872039720e-05 3.144523361697793007e-07 4.381968210509512573e-06 1.467664837837219238e-01 4.243538569426164031e-05 1.155526260845363140e-04 3.290224354714155197e-03 8.086943998932838440e-03 1.519738270872039720e-05 3.144523361697793007e-07 4.381968210509512573e-06
4.000000000000000000e+04 1.277272999286651611e-01 3.989757533418014646e-05 1.353362313238903880e-04 3.238117089495062828e-03 8.127473294734954834e-03 1.495161814091261476e-05 3.736940925591625273e-07 5.830792360939085484e-06 1.466212123632431030e-01 4.570441160467453301e-05 1.397315209032967687e-04 3.323678625747561455e-03 8.127473294734954834e-03 1.495161814091261476e-05 3.736940925591625273e-07 5.830792360939085484e-06
4.020000000000000000e+04 1.277758926153182983e-01 3.826903775916434824e-05 1.200683400384150445e-04 3.262971993535757065e-03 8.023775182664394379e-03 1.500005600973963737e-05 1.768794390955008566e-07 3.183814214935409836e-06 1.466669440269470215e-01 4.142183024669066072e-05 1.362515467917546630e-04 3.354306565597653389e-03 8.023775182664394379e-03 1.500005600973963737e-05 1.768794390955008566e-07 3.183814214935409836e-06
4.040000000000000000e+04 1.277173310518264771e-01 3.834294329863041639e-05 1.165751455118879676e-04 3.291288856416940689e-03 8.014679886400699615e-03 1.494792832090752199e-05 1.866364982561208308e-07 3.283275873400270939e-06 1.465869396924972534e-01 4.164009806117974222e-05 1.320423034485429525e-04 3.387437434867024422e-03 8.014679886400699615e-03 1.494792832090752199e-05 1.866364982561208308e-07 3.283275873400270939e-06
4.060000000000000000e+04 1.276162713766098022e-01 3.811789429164491594e-05 1.031350984703749418e-04 3.321461146697402000e-03 8.040292188525199890e-03 1.528720713395159692e-05 3.230670699849724770e-07 4.346107743913307786e-06 1.464562267065048218e-01 4.267613257979974151e-05 1.124526897910982370e-04 3.422457491979002953e-03 8.040292188525199890e-03 1.528720713395159692e-05 3.230670699849724770e-07 4.346107743913307786e-06
4.080000000000000000e+04 1.276093423366546631e-01 3.920891322195529938e-05 1.188215755973942578e-04 3.348415018990635872e-03 7.985720410943031311e-03 1.476459965488174930e-05 2.078049874398857355e-07 3.359749825904145837e-06 1.464381963014602661e-01 4.235305823385715485e-05 1.344230404356494546e-04 3.455319441854953766e-03 7.985720410943031311e-03 1.476459965488174930e-05 2.078049874398857355e-07 3.359749825904145837e-06
4.100000000000000000e+04 1.275453120470046997e-01 3.916133209713734686e-05 1.119429507525637746e-04 3.377832472324371338e-03 7.979117333889007568e-03 1.472340136388083920e-05 2.237502485513687134e-07 3.501048922771587968e-06 1.463526338338851929e-01 4.261973299435339868e-05 1.261064026039093733e-04 3.490275470539927483e-03 7.979117333889007568e-03 1.472340136388083920e-05 2.237502485513687134e-07 3.501048922771587968e-06
4.120000000000000000e+04 1.274250149726867676e-01 3.969779209000989795e-05 1.149333402281627059e-04 3.410068573430180550e-03 8.018180727958679199e-03 1.557096584292594343e-05 4.688663466367870569e-07 4.744520992971956730e-06 1.461997628211975098e-01 4.498837370192632079e-05 1.214944350067526102e-04 3.527628490701317787e-03 8.018180727958679199e-03 1.557096584292594343e-05 4.688663466367870569e-07 4.744520992971956730e-06
4.140000000000000000e+04 1.273895800113677979e-01 3.956027285312302411e-05 1.027592516038566828e-04 3.437797306105494499e-03 7.988341152667999268e-03 1.524761501059401780e-05 3.564091457519680262e-07 4.188510501990094781e-06 1.461493074893951416e-01 4.415204602992162108e-05 1.123170732171274722e-04 3.561637364327907562e-03 7.988341152667999268e-03 1.524761501059401780e-05 3.564091457519680262e-07 4.188510501990094781e-06
4.160000000000000000e+04 1.273263245820999146e-01 4.013193392893299460e-05 1.020078707369975746e-04 3.464888548478484154e-03 7.984719239175319672e-03 1.586777580087073147e-05 2.661918188096024096e-07 3.814697265625000000e-06 1.460661441087722778e-01 4.484572855290025473e-05 1.120031229220330715e-04 3.595068817958235741e-03 7.984719239175319672e-03 1.586777580087073147e-05 2.661918188096024096e-07 3.814697265625000000e-06
4.180000000000000000e+04 1.272859275341033936e-01 4.041575812152586877e-05 1.025783058139495552e-04 3.494189120829105377e-03 7.955941371619701385e-03 1.516440806881291792e-05 3.123168426100164652e-07 4.003235517302528024e-06 1.460099518299102783e-01 4.476519461604766548e-05 1.135287820943631232e-04 3.631180850788950920e-03 7.955941371619701385e-03 1.516440806881291792e-05 3.123168426100164652e-07 4.003235517302528024e-06
4.200000000000000000e+04 1.272636502981185913e-01 4.195074870949611068e-05 1.279052958125248551e-04 3.521018661558628082e-03 7.915927097201347351e-03 1.470739698561374098e-05 1.866364982561208308e-07 3.272915591878700070e-06 1.459760963916778564e-01 4.529711441136896610e-05 1.442461507394909859e-04 3.665388794615864754e-03 7.915927097201347351e-03 1.470739698561374098e-05 1.866364982561208308e-07 3.272915591878700070e-06
4.220000000000000000e+04 1.271797567605972290e-01 4.158706360612995923e-05 1.059638743754476309e-04 3.551185131072998047e-03 7.924223318696022034e-03 1.496683216828387231e-05 2.923925421782769263e-07 3.833346454484853894e-06 1.458686590194702148e-01 4.571790486807003617e-05 1.184091888717375696e-04 3.702550195157527924e-03 7.924223318696022034e-03 1.496683216828387231e-05 2.923925421782769263e-07 3.833346454484853894e-06
4.240000000000000000e+04 1.270729154348373413e-01 4.261114372638985515e-05 1.126528732129372656e-04 3.582032863050699234e-03 7.951731793582439423e-03 1.526810410723555833e-05 4.980392986908555031e-07 4.980029189027845860e-06 1.457336843013763428e-01 4.815500142285600305e-05 1.193362550111487508e-04 3.740614978596568108e-03 7.951731793582439423e-03 1.526810410723555833e-05 4.980392986908555031e-07 4.980029189027845860e-06
4.260000000000000000e+04 1.270697414875030518e-01 4.299760985304601490e-05 1.099110450013540685e-04 3.609420498833060265e-03 7.893203757703304291e-03 1.467815309297293425e-05 2.821698217303492129e-07 3.904628101736307144e-06 1.457236260175704956e-01 4.698682460002601147e-05 1.233274088008329272e-04 3.776229918003082275e-03 7.893203757703304291e-03 1.467815309297293425e-05 2.821698217303492129e-07 3.904628101736307144e-06
4.280000000000000000e+04 1.269799768924713135e-01 4.352586620370857418e-05 1.058514171745628119e-04 3.639336442574858665e-03 7.904836907982826233e-03 1.512636390543775633e-05 4.205503500998020172e-07 4.442063072929158807e-06 1.456084102392196655e-01 4.886210808763280511e-05 1.135885686380788684e-04 3.814457682892680168e-03 7.904836907982826233e-03 1.512636390543775633e-05 4.205503500998020172e-07 4.442063072929158807e-06
4.300000000000000000e+04 1.269250214099884033e-01 4.384555722936056554e-05 1.012293141684494913e-04 3.668142249807715416e-03 7.890958338975906372e-03 1.511848313384689391e-05 4.046241883770562708e-07 4.438044015842024237e-06 1.455383896827697754e-01 4.890461786999367177e-05 1.108702053898014128e-04 3.851287998259067535e-03 7.890958338975906372e-03 1.511848313384689391e-05 4.046241883770562708e-07 4.438044015842024237e-06
4.320000000000000000e+04 1.268547028303146362e-01 4.456510941963642836e-05 1.031389765557833016e-04 3.697621868923306465e-03 7.887781597673892975e-03 1.523737500974675640e-05 4.649564004921558080e-07 4.719626303995028138e-06 1.454491168260574341e-01 4.996552888769656420e-05 1.116237035603262484e-04 3.889413550496101379e-03 7.887781597673892975e-03 1.523737500974675640e-05 4.649564004921558080e-07 4.719626303995028138e-06
4.340000000000000000e+04 1.268113851547241211e-01 4.521054506767541170e-05 1.001961863948963583e-04 3.725686809048056602e-03 7.863238453865051270e-03 1.498390065535204485e-05 3.748609742615371943e-07 4.302478373574558645e-06 1.453924030065536499e-01 5.031405817135237157e-05 1.106842391891404986e-04 3.926670178771018982e-03 7.863238453865051270e-03 1.498390065535204485e-05 3.748609742615371943e-07 4.302478373574558645e-06
4.360000000000000000e+04 1.267987340688705444e-01 4.725102189695462584e-05 1.059396818163804710e-04 3.754470730200409889e-03 7.809250615537166595e-03 1.479943148297024891e-05 4.520415757269802270e-07 3.652545274235308170e-06 1.453724354505538940e-01 5.118185799801722169e-05 1.190624025184661150e-04 3.965167794376611710e-03 7.809250615537166595e-03 1.479943148297024891e-05 4.520415757269802270e-07 3.652545274235308170e-06
4.380000000000000000e+04 1.267027854919433594e-01 4.691407593782059848e-05 1.044682867359369993e-04 3.784248838201165199e-03 7.829574868083000183e-03 1.501160022598924115e-05 3.339991963002830744e-07 3.987985110143199563e-06 1.452537029981613159e-01 5.182134555070661008e-05 1.171308103948831558e-04 4.003828857094049454e-03 7.829574868083000183e-03 1.501160022598924115e-05 3.339991963002830744e-07 3.987985110143199563e-06
4.400000000000000000e+04 1.266188472509384155e-01 4.746501872432418168e-05 9.908052015816792846e-05 3.814874449744820595e-03 7.835377007722854614e-03 1.544468614156357944e-05 4.380453901831060648e-07 4.637116944650188088e-06 1.451489478349685669e-01 5.311350469128228724e-05 1.084774557966738939e-04 4.043869208544492722e-03 7.835377007722854614e-03 1.544468614156357944e-05 4.380453901831060648e-07 4.637116944650188088e-06
4.420000000000000000e+04 1.265890300273895264e-01 4.816702130483463407e-05 9.998429595725610852e-05 3.844008781015872955e-03 7.798152044415473938e-03 1.410116783517878503e-05 2.965325620607472956e-07 4.543130671663675457e-06 1.451105624437332153e-01 5.341659198165871203e-05 1.117680803872644901e-04 4.082660190761089325e-03 7.798152044415473938e-03 1.410116783517878503e-05 2.965325620607472956e-07 4.543130671663675457e-06
4.440000000000000000e+04 1.266027390956878662e-01 5.544267332879826427e-05 1.927100092871114612e-04 3.872088855132460594e-03 7.724845781922340393e-03 1.448423699912382290e-05 3.285103957750834525e-07 2.706314944589394145e-06 1.451231688261032104e-01 5.854474511579610407e-05 2.148357743863016367e-04 4.121240228414535522e-03 7.724845781922340393e-03 1.448423699912382290e-05 3.285103957750834525e-07 2.706314944589394145e-06
4.460000000000000000e+04 1.265048980712890625e-01 5.179463551030494273e-05 1.259791461052373052e-04 3.903834614902734756e-03 7.741513196378946304e-03 1.467541278543649241e-05 3.830800778814591467e-07 3.384266847206163220e-06 1.450025588274002075e-01 5.617095303023234010e-05 1.422244095010682940e-04 4.162345081567764282e-03 7.741513196378946304e-03 1.467541278543649241e-05 3.830800778814591467e-07 3.384266847206163220e-06
4.480000000000000000e+04 1.263728886842727661e-01 5.026750659453682601e-05 9.651770233176648617e-05 3.936885390430688858e-03 7.786344736814498901e-03 1.509253888798411936e-05 5.170622898731380701e-07 4.907932634523604065e-06 1.448406577110290527e-01 5.642022370011545718e-05 1.058633060893043876e-04 4.204203374683856964e-03 7.786344736814498901e-03 1.509253888798411936e-05 5.170622898731380701e-07 4.907932634523604065e-06
4.500000000000000000e+04 1.263119280338287354e-01 5.090688864584080875e-05 9.539091843180358410e-05 3.967971540987491608e-03 7.772906217724084854e-03 1.498436176916584373e-05 5.170622898731380701e-07 4.950278707838151604e-06 1.447639614343643188e-01 5.713839709642343223e-05 1.047889163601212204e-04 4.244965035468339920e-03 7.772906217724084854e-03 1.498436176916584373e-05 5.170622898731380701e-07 4.950278707838151604e-06
4.500000000000000000e+04 1.263119280338287354e-01 5.090688864584080875e-05 9.539091843180358410e-05 3.967971540987491608e-03 7.772906217724084854e-03 1.498436176916584373e-05 5.170622898731380701e-07 4.950278707838151604e-06 1.447639614343643188e-01 5.713839709642343223e-05 1.047889163601212204e-04 4.244965035468339920e-03 7.772906217724084854e-03 1.498436176916584373e-05 5.170622898731380701e-07 4.950278707838151604e-06
4.502300000000000000e+04 1.263140290975570679e-01 5.089892147225327790e-05 9.474281250732019544e-05 3.967936616390943527e-03 7.771162781864404678e-03 1.498205529060214758e-05 5.034380592405796051e-07 4.886827809968963265e-06 1.447664499282836914e-01 5.706971569452434778e-05 1.047026380547322333e-04 4.244941286742687225e-03 7.771162781864404678e-03 1.498205529060214758e-05 5.034380592405796051e-07 4.886827809968963265e-06
