# step, loss_train, loss_test, metrics_test
0.000000000000000000e+00 1.741549110412597656e+01 2.431434346362948418e-03 2.867910575866699219e+01 7.152019441127777100e-02 1.322499990463256836e+00 3.600000000000000000e+01 4.579600219726562500e+02 2.500000000000000000e+01 1.729651451110839844e+01 2.637022640556097031e-03 2.878095626831054688e+01 6.335264444351196289e-02 1.322499990463256836e+00 3.600000000000000000e+01 4.579600219726562500e+02 2.500000000000000000e+01
2.000000000000000000e+02 2.502781629562377930e+00 1.091922633349895477e-02 2.740056037902832031e+01 8.211696147918701172e-02 1.234502315521240234e+00 3.535939025878906250e+01 4.518879394531250000e+02 2.484229660034179688e+01 2.279058933258056641e+00 9.454562328755855560e-03 2.747350502014160156e+01 6.785084307193756104e-02 1.234502315521240234e+00 3.535939025878906250e+01 4.518879394531250000e+02 2.484229660034179688e+01
4.000000000000000000e+02 7.877685427665710449e-01 3.763036802411079407e-02 2.588224601745605469e+01 1.291315704584121704e-01 1.171067476272583008e+00 3.446036529541015625e+01 4.446947021484375000e+02 2.469669342041015625e+01 7.294921875000000000e-01 3.801114484667778015e-02 2.577683639526367188e+01 1.093842685222625732e-01 1.171067476272583008e+00 3.446036529541015625e+01 4.446947021484375000e+02 2.469669342041015625e+01
6.000000000000000000e+02 1.193127989768981934e+00 3.870143890380859375e-01 2.021616935729980469e+01 1.283708214759826660e+00 1.116258144378662109e+00 3.331102752685546875e+01 4.361710510253906250e+02 2.454822540283203125e+01 1.277401924133300781e+00 4.128763079643249512e-01 1.963413238525390625e+01 1.323981881141662598e+00 1.116258144378662109e+00 3.331102752685546875e+01 4.361710510253906250e+02 2.454822540283203125e+01
8.000000000000000000e+02 1.477236628532409668e+00 5.137206315994262695e-01 1.912536239624023438e+01 1.547353267669677734e+00 1.052306652069091797e+00 3.192815780639648438e+01 4.268228149414062500e+02 2.428597831726074219e+01 1.584413766860961914e+00 5.447269678115844727e-01 1.851354980468750000e+01 1.570525407791137695e+00 1.052306652069091797e+00 3.192815780639648438e+01 4.268228149414062500e+02 2.428597831726074219e+01
1.000000000000000000e+03 1.516600847244262695e+00 5.475838780403137207e-01 1.882065773010253906e+01 1.493754625320434570e+00 9.875807166099548340e-01 3.033719635009765625e+01 4.167534790039062500e+02 2.403583526611328125e+01 1.625354886054992676e+00 5.823305249214172363e-01 1.819435691833496094e+01 1.522156357765197754e+00 9.875807166099548340e-01 3.033719635009765625e+01 4.167534790039062500e+02 2.403583526611328125e+01
1.200000000000000000e+03 1.565517902374267578e+00 5.786765813827514648e-01 1.852687263488769531e+01 1.442473888397216797e+00 9.223754405975341797e-01 2.857231330871582031e+01 4.060240173339843750e+02 2.374893188476562500e+01 1.672114253044128418e+00 6.186342835426330566e-01 1.788467788696289062e+01 1.486464381217956543e+00 9.223754405975341797e-01 2.857231330871582031e+01 4.060240173339843750e+02 2.374893188476562500e+01
1.400000000000000000e+03 1.596365213394165039e+00 6.080169081687927246e-01 1.825213050842285156e+01 1.426557183265686035e+00 8.565530776977539062e-01 2.666961479187011719e+01 3.947181701660156250e+02 2.339323234558105469e+01 1.698082327842712402e+00 6.539072394371032715e-01 1.760647583007812500e+01 1.492110490798950195e+00 8.565530776977539062e-01 2.666961479187011719e+01 3.947181701660156250e+02 2.339323234558105469e+01
1.600000000000000000e+03 1.574867725372314453e+00 6.446618437767028809e-01 1.793083953857421875e+01 1.520688176155090332e+00 7.910892963409423828e-01 2.466545295715332031e+01 3.829249572753906250e+02 2.292550659179687500e+01 1.666856408119201660e+00 6.992743611335754395e-01 1.728787612915039062e+01 1.632386803627014160e+00 7.910892963409423828e-01 2.466545295715332031e+01 3.829249572753906250e+02 2.292550659179687500e+01
1.800000000000000000e+03 1.539785504341125488e+00 6.834625601768493652e-01 1.757560920715332031e+01 1.579571247100830078e+00 7.306430935859680176e-01 2.259482383728027344e+01 3.707281188964843750e+02 2.222476577758789062e+01 1.645072817802429199e+00 7.353140115737915039e-01 1.705677413940429688e+01 1.675345301628112793e+00 7.306430935859680176e-01 2.259482383728027344e+01 3.707281188964843750e+02 2.222476577758789062e+01
2.000000000000000000e+03 1.586763262748718262e+00 6.963552832603454590e-01 1.740678977966308594e+01 1.485206842422485352e+00 6.691051125526428223e-01 2.049149703979492188e+01 3.582050476074218750e+02 2.142976570129394531e+01 1.709693908691406250e+00 7.373482584953308105e-01 1.708720779418945312e+01 1.534599900245666504e+00 6.691051125526428223e-01 2.049149703979492188e+01 3.582050476074218750e+02 2.142976570129394531e+01
2.200000000000000000e+03 1.617731928825378418e+00 7.047059535980224609e-01 1.724186515808105469e+01 1.354901075363159180e+00 6.055666208267211914e-01 1.838967704772949219e+01 3.454436035156250000e+02 2.052864456176757812e+01 1.746616244316101074e+00 7.401568889617919922e-01 1.710553359985351562e+01 1.421759605407714844e+00 6.055666208267211914e-01 1.838967704772949219e+01 3.454436035156250000e+02 2.052864456176757812e+01
2.400000000000000000e+03 1.621375918388366699e+00 7.124751210212707520e-01 1.709320259094238281e+01 1.269104003906250000e+00 5.377271771430969238e-01 1.632056808471679688e+01 3.325252685546875000e+02 1.965001487731933594e+01 1.751404166221618652e+00 7.375676035881042480e-01 1.714385032653808594e+01 1.357427477836608887e+00 5.377271771430969238e-01 1.632056808471679688e+01 3.325252685546875000e+02 1.965001487731933594e+01
2.600000000000000000e+03 1.614340424537658691e+00 7.650080323219299316e-01 1.646866416931152344e+01 1.531610369682312012e+00 4.686933159828186035e-01 1.431147384643554688e+01 3.195187683105468750e+02 1.852036094665527344e+01 1.758242011070251465e+00 7.631914019584655762e-01 1.676443290710449219e+01 1.630764365196228027e+00 4.686933159828186035e-01 1.431147384643554688e+01 3.195187683105468750e+02 1.852036094665527344e+01
2.800000000000000000e+03 1.625532031059265137e+00 7.619029283523559570e-01 1.633560752868652344e+01 1.388373851776123047e+00 3.996345698833465576e-01 1.238574409484863281e+01 3.064762878417968750e+02 1.728139114379882812e+01 1.725705862045288086e+00 6.995890736579895020e-01 1.704490089416503906e+01 1.417425274848937988e+00 3.996345698833465576e-01 1.238574409484863281e+01 3.064762878417968750e+02 1.728139114379882812e+01
3.000000000000000000e+03 1.608289122581481934e+00 7.937597632408142090e-01 1.614453697204589844e+01 1.362683653831481934e+00 3.279914557933807373e-01 1.056752967834472656e+01 2.934737243652343750e+02 1.606339073181152344e+01 1.706259608268737793e+00 6.787208318710327148e-01 1.713335990905761719e+01 1.382387399673461914e+00 3.279914557933807373e-01 1.056752967834472656e+01 2.934737243652343750e+02 1.606339073181152344e+01
3.200000000000000000e+03 1.579165697097778320e+00 8.223227262496948242e-01 1.604677581787109375e+01 1.333464264869689941e+00 2.584285736083984375e-01 8.875392913818359375e+00 2.805688781738281250e+02 1.485680961608886719e+01 1.665201902389526367e+00 6.526052355766296387e-01 1.728106689453125000e+01 1.333526968955993652e+00 2.584285736083984375e-01 8.875392913818359375e+00 2.805688781738281250e+02 1.485680961608886719e+01
3.400000000000000000e+03 1.543761968612670898e+00 8.475695252418518066e-01 1.597136878967285156e+01 1.360988378524780273e+00 1.939090043306350708e-01 7.323544025421142578e+00 2.678122253417968750e+02 1.368643283843994141e+01 1.622643709182739258e+00 6.354663968086242676e-01 1.739441108703613281e+01 1.334469914436340332e+00 1.939090043306350708e-01 7.323544025421142578e+00 2.678122253417968750e+02 1.368643283843994141e+01
3.600000000000000000e+03 1.579933881759643555e+00 8.957790136337280273e-01 1.563048744201660156e+01 1.457986950874328613e+00 1.350543648004531860e-01 5.921093940734863281e+00 2.552394409179687500e+02 1.241535568237304688e+01 1.705404639244079590e+00 6.928713321685791016e-01 1.697103691101074219e+01 1.530954241752624512e+00 1.350543648004531860e-01 5.921093940734863281e+00 2.552394409179687500e+02 1.241535568237304688e+01
3.800000000000000000e+03 1.518924355506896973e+00 8.621079921722412109e-01 1.574002170562744141e+01 1.326288461685180664e+00 8.801448345184326172e-02 4.673240661621093750e+00 2.428780364990234375e+02 1.125478076934814453e+01 1.656382441520690918e+00 6.783321499824523926e-01 1.702644729614257812e+01 1.433582782745361328e+00 8.801448345184326172e-02 4.673240661621093750e+00 2.428780364990234375e+02 1.125478076934814453e+01
4.000000000000000000e+03 1.577529668807983398e+00 8.603762984275817871e-01 1.553723526000976562e+01 1.428215146064758301e+00 5.137924849987030029e-02 3.584068775177001953e+00 2.307577056884765625e+02 1.006373023986816406e+01 1.683363914489746094e+00 7.053350806236267090e-01 1.680597496032714844e+01 1.552197933197021484e+00 5.137924849987030029e-02 3.584068775177001953e+00 2.307577056884765625e+02 1.006373023986816406e+01
4.200000000000000000e+03 1.579084753990173340e+00 7.956187129020690918e-01 1.559576606750488281e+01 1.427464842796325684e+00 2.428065612912178040e-02 2.653375864028930664e+00 2.189035339355468750e+02 8.914238929748535156e+00 1.646066427230834961e+00 6.903568506240844727e-01 1.687610435485839844e+01 1.524153709411621094e+00 2.428065612912178040e-02 2.653375864028930664e+00 2.189035339355468750e+02 8.914238929748535156e+00
4.400000000000000000e+03 1.563619971275329590e+00 7.241150140762329102e-01 1.576136875152587891e+01 1.393655657768249512e+00 9.160229004919528961e-03 1.878926634788513184e+00 2.073354949951171875e+02 7.882063865661621094e+00 1.588958144187927246e+00 6.659175157546997070e-01 1.705774307250976562e+01 1.455865144729614258e+00 9.160229004919528961e-03 1.878926634788513184e+00 2.073354949951171875e+02 7.882063865661621094e+00
4.600000000000000000e+03 1.568781018257141113e+00 6.736221909523010254e-01 1.587989711761474609e+01 1.380639672279357910e+00 2.531625563278794289e-03 1.256114602088928223e+00 1.960666503906250000e+02 6.966104030609130859e+00 1.560600757598876953e+00 6.551808714866638184e-01 1.717331504821777344e+01 1.419970273971557617e+00 2.531625563278794289e-03 1.256114602088928223e+00 1.960666503906250000e+02 6.966104030609130859e+00
4.800000000000000000e+03 1.586620450019836426e+00 6.469618082046508789e-01 1.594745731353759766e+01 1.383348822593688965e+00 4.634755896404385567e-04 7.769939303398132324e-01 1.851050109863281250e+02 6.142712116241455078e+00 1.546237468719482422e+00 6.557667255401611328e-01 1.723327827453613281e+01 1.411274433135986328e+00 4.634755896404385567e-04 7.769939303398132324e-01 1.851050109863281250e+02 6.142712116241455078e+00
5.000000000000000000e+03 1.612378954887390137e+00 6.422188282012939453e-01 1.597418785095214844e+01 1.394653558731079102e+00 1.140870153903961182e-04 4.300115406513214111e-01 1.744561614990234375e+02 5.394052505493164062e+00 1.540723323822021484e+00 6.650749444961547852e-01 1.725345802307128906e+01 1.421279907226562500e+00 1.140870153903961182e-04 4.300115406513214111e-01 1.744561614990234375e+02 5.394052505493164062e+00
5.200000000000000000e+03 1.642864704132080078e+00 6.543701291084289551e-01 1.596858024597167969e+01 1.411813735961914062e+00 2.944635052699595690e-04 1.997352838516235352e-01 1.641240081787109375e+02 4.707597732543945312e+00 1.545483350753784180e+00 6.813054084777832031e-01 1.724151039123535156e+01 1.444440484046936035e+00 2.944635052699595690e-04 1.997352838516235352e-01 1.641240081787109375e+02 4.707597732543945312e+00
5.400000000000000000e+03 1.670665860176086426e+00 6.758613586425781250e-01 1.594613456726074219e+01 1.434602975845336914e+00 1.471059746108949184e-03 6.688172370195388794e-02 1.541119079589843750e+02 4.074877738952636719e+00 1.557365894317626953e+00 7.013743519783020020e-01 1.721248054504394531e+01 1.476354956626892090e+00 1.471059746108949184e-03 6.688172370195388794e-02 1.541119079589843750e+02 4.074877738952636719e+00
5.600000000000000000e+03 1.688438177108764648e+00 6.994726061820983887e-01 1.592473793029785156e+01 1.461154937744140625e+00 5.037375260144472122e-03 8.947032503783702850e-03 1.444224548339843750e+02 3.491362571716308594e+00 1.569003701210021973e+00 7.217666506767272949e-01 1.718750000000000000e+01 1.512189388275146484e+00 5.037375260144472122e-03 8.947032503783702850e-03 1.444224548339843750e+02 3.491362571716308594e+00
5.800000000000000000e+03 1.694334864616394043e+00 7.212256193161010742e-01 1.591327571868896484e+01 1.489181160926818848e+00 1.244507171213626862e-02 1.746564288623631001e-03 1.350577087402343750e+02 2.956144332885742188e+00 1.576226234436035156e+00 7.405456304550170898e-01 1.717912864685058594e+01 1.548403620719909668e+00 1.244507171213626862e-02 1.746564288623631001e-03 1.350577087402343750e+02 2.956144332885742188e+00
6.000000000000000000e+03 1.690471649169921875e+00 7.401812672615051270e-01 1.591285610198974609e+01 1.517457842826843262e+00 2.443854324519634247e-02 2.196423895657062531e-02 1.260188293457031250e+02 2.470306396484375000e+00 1.579256772994995117e+00 7.574922442436218262e-01 1.718831253051757812e+01 1.583417057991027832e+00 2.443854324519634247e-02 2.196423895657062531e-02 1.260188293457031250e+02 2.470306396484375000e+00
6.200000000000000000e+03 1.681091070175170898e+00 7.571250200271606445e-01 1.591999340057373047e+01 1.545055747032165527e+00 4.054303467273712158e-02 5.021616071462631226e-02 1.173071136474609375e+02 2.036289691925048828e+00 1.581361651420593262e+00 7.734987735748291016e-01 1.720767402648925781e+01 1.616406202316284180e+00 4.054303467273712158e-02 5.021616071462631226e-02 1.173071136474609375e+02 2.036289691925048828e+00
6.400000000000000000e+03 1.670839548110961914e+00 7.733667492866516113e-01 1.592861461639404297e+01 1.571044683456420898e+00 5.906726419925689697e-02 7.352186739444732666e-02 1.089240264892578125e+02 1.657530784606933594e+00 1.585798382759094238e+00 7.896168231964111328e-01 1.722662734985351562e+01 1.647149682044982910e+00 5.906726419925689697e-02 7.352186739444732666e-02 1.089240264892578125e+02 1.657530784606933594e+00
6.600000000000000000e+03 1.661881923675537109e+00 7.894635796546936035e-01 1.593332767486572266e+01 1.595967411994934082e+00 7.792552560567855835e-02 8.597212284803390503e-02 1.008715438842773438e+02 1.336008906364440918e+00 1.592358708381652832e+00 8.060646057128906250e-01 1.723726272583007812e+01 1.677449464797973633e+00 7.792552560567855835e-02 8.597212284803390503e-02 1.008715438842773438e+02 1.336008906364440918e+00
6.800000000000000000e+03 1.654019474983215332e+00 8.046820163726806641e-01 1.593256187438964844e+01 1.620800256729125977e+00 9.573253989219665527e-02 8.730407059192657471e-02 9.315181732177734375e+01 1.069652915000915527e+00 1.599011659622192383e+00 8.220397830009460449e-01 1.723787879943847656e+01 1.709026455879211426e+00 9.573253989219665527e-02 8.730407059192657471e-02 9.315181732177734375e+01 1.069652915000915527e+00
7.000000000000000000e+03 1.647417664527893066e+00 8.179625868797302246e-01 1.592616367340087891e+01 1.645389080047607422e+00 1.117954924702644348e-01 8.036100864410400391e-02 8.576708984375000000e+01 8.538707494735717773e-01 1.605226755142211914e+00 8.364952206611633301e-01 1.722920417785644531e+01 1.741567969322204590e+00 1.117954924702644348e-01 8.036100864410400391e-02 8.576708984375000000e+01 8.538707494735717773e-01
7.200000000000000000e+03 1.643437027931213379e+00 8.285633325576782227e-01 1.591214561462402344e+01 1.667953252792358398e+00 1.254225224256515503e-01 6.880329549312591553e-02 7.871931457519531250e+01 6.843354701995849609e-01 1.612088799476623535e+00 8.484353423118591309e-01 1.720982360839843750e+01 1.772681832313537598e+00 1.254225224256515503e-01 6.880329549312591553e-02 7.871931457519531250e+01 6.843354701995849609e-01
7.400000000000000000e+03 1.645824670791625977e+00 8.364616632461547852e-01 1.587958335876464844e+01 1.684572100639343262e+00 1.353287547826766968e-01 5.576604604721069336e-02 7.200988006591796875e+01 5.593373179435729980e-01 1.624646782875061035e+00 8.572163581848144531e-01 1.716747283935546875e+01 1.796360611915588379e+00 1.353287547826766968e-01 5.576604604721069336e-02 7.200988006591796875e+01 5.593373179435729980e-01
7.600000000000000000e+03 1.636703014373779297e+00 8.394787907600402832e-01 1.581609916687011719e+01 1.699993968009948730e+00 1.428266614675521851e-01 4.336529970169067383e-02 6.563911437988281250e+01 4.764772057533264160e-01 1.639364123344421387e+00 8.621679544448852539e-01 1.708323669433593750e+01 1.808933734893798828e+00 1.428266614675521851e-01 4.336529970169067383e-02 6.563911437988281250e+01 4.764772057533264160e-01
7.800000000000000000e+03 1.616205573081970215e+00 8.372243046760559082e-01 1.576858520507812500e+01 1.711659550666809082e+00 1.526142060756683350e-01 3.262382745742797852e-02 5.960654830932617188e+01 4.151071012020111084e-01 1.648633718490600586e+00 8.643640875816345215e-01 1.701299476623535156e+01 1.819303870201110840e+00 1.526142060756683350e-01 3.262382745742797852e-02 5.960654830932617188e+01 4.151071012020111084e-01
8.000000000000000000e+03 1.583106875419616699e+00 8.229135870933532715e-01 1.576831245422363281e+01 1.668094396591186523e+00 1.603360474109649658e-01 2.393527515232563019e-02 5.390970993041992188e+01 3.892255425453186035e-01 1.636714816093444824e+00 8.524919152259826660e-01 1.700556755065917969e+01 1.770889878273010254e+00 1.603360474109649658e-01 2.393527515232563019e-02 5.390970993041992188e+01 3.892255425453186035e-01
8.200000000000000000e+03 1.612851738929748535e+00 8.474354147911071777e-01 1.557831001281738281e+01 1.725365757942199707e+00 1.580106914043426514e-01 1.723492518067359924e-02 4.854447174072265625e+01 3.544680476188659668e-01 1.663952589035034180e+00 8.676295280456542969e-01 1.684720039367675781e+01 1.802957415580749512e+00 1.580106914043426514e-01 1.723492518067359924e-02 4.854447174072265625e+01 3.544680476188659668e-01
8.400000000000000000e+03 1.607781767845153809e+00 8.526319861412048340e-01 1.553312587738037109e+01 1.729005455970764160e+00 1.593225449323654175e-01 1.242210250347852707e-02 4.351755523681640625e+01 3.016940355300903320e-01 1.674185276031494141e+00 8.711856007575988770e-01 1.679849052429199219e+01 1.799466252326965332e+00 1.593225449323654175e-01 1.242210250347852707e-02 4.351755523681640625e+01 3.016940355300903320e-01
8.600000000000000000e+03 1.610891699790954590e+00 8.545256853103637695e-01 1.546848583221435547e+01 1.716661930084228516e+00 1.574140340089797974e-01 8.937203325331211090e-03 3.882215118408203125e+01 2.698166072368621826e-01 1.703084707260131836e+00 8.716375231742858887e-01 1.672650146484375000e+01 1.766944885253906250e+00 1.574140340089797974e-01 8.937203325331211090e-03 3.882215118408203125e+01 2.698166072368621826e-01
8.800000000000000000e+03 1.586834669113159180e+00 8.515169024467468262e-01 1.539756202697753906e+01 1.698924899101257324e+00 1.582920998334884644e-01 6.393275689333677292e-03 3.444721603393554688e+01 2.688480317592620850e-01 1.687789320945739746e+00 8.730871677398681641e-01 1.667705154418945312e+01 1.731932997703552246e+00 1.582920998334884644e-01 6.393275689333677292e-03 3.444721603393554688e+01 2.688480317592620850e-01
9.000000000000000000e+03 1.575640320777893066e+00 8.467003703117370605e-01 1.540678405761718750e+01 1.707177996635437012e+00 1.636688709259033203e-01 4.445008002221584320e-03 3.039090347290039062e+01 2.211531251668930054e-01 1.671671867370605469e+00 8.692564368247985840e-01 1.668996810913085938e+01 1.744844079017639160e+00 1.636688709259033203e-01 4.445008002221584320e-03 3.039090347290039062e+01 2.211531251668930054e-01
9.200000000000000000e+03 1.564075231552124023e+00 8.442842960357666016e-01 1.541232872009277344e+01 1.704327940940856934e+00 1.623391062021255493e-01 3.170352661982178688e-03 2.665233612060546875e+01 1.942220032215118408e-01 1.659092545509338379e+00 8.650580048561096191e-01 1.669623756408691406e+01 1.745023250579833984e+00 1.623391062021255493e-01 3.170352661982178688e-03 2.665233612060546875e+01 1.942220032215118408e-01
9.400000000000000000e+03 1.550035357475280762e+00 8.419259190559387207e-01 1.541264438629150391e+01 1.695204615592956543e+00 1.578408479690551758e-01 2.323666354641318321e-03 2.322125625610351562e+01 1.792767792940139771e-01 1.645123958587646484e+00 8.603583574295043945e-01 1.669543457031250000e+01 1.738888263702392578e+00 1.578408479690551758e-01 2.323666354641318321e-03 2.322125625610351562e+01 1.792767792940139771e-01
9.600000000000000000e+03 1.533590316772460938e+00 8.400498628616333008e-01 1.540889644622802734e+01 1.680539846420288086e+00 1.512095332145690918e-01 1.744810957461595535e-03 2.008769416809082031e+01 1.712641865015029907e-01 1.628239154815673828e+00 8.556811809539794922e-01 1.668956756591796875e+01 1.727922797203063965e+00 1.512095332145690918e-01 1.744810957461595535e-03 2.008769416809082031e+01 1.712641865015029907e-01
9.800000000000000000e+03 1.514674425125122070e+00 8.392288088798522949e-01 1.540266418457031250e+01 1.661024093627929688e+00 1.432037204504013062e-01 1.341314055025577545e-03 1.724154663085937500e+01 1.675119251012802124e-01 1.608140707015991211e+00 8.517007231712341309e-01 1.668106460571289062e+01 1.712278008460998535e+00 1.432037204504013062e-01 1.341314055025577545e-03 1.724154663085937500e+01 1.675119251012802124e-01
1.000000000000000000e+04 1.492816448211669922e+00 8.399298191070556641e-01 1.539618587493896484e+01 1.637881875038146973e+00 1.346479058265686035e-01 1.055461703799664974e-03 1.467243576049804688e+01 1.656471192836761475e-01 1.584713101387023926e+00 8.490954637527465820e-01 1.667281341552734375e+01 1.692203998565673828e+00 1.346479058265686035e-01 1.055461703799664974e-03 1.467243576049804688e+01 1.656471192836761475e-01
1.020000000000000000e+04 1.467710852622985840e+00 8.427570462226867676e-01 1.539103317260742188e+01 1.612124204635620117e+00 1.261619925498962402e-01 8.502791170030832291e-04 1.236953163146972656e+01 1.637425720691680908e-01 1.557650923728942871e+00 8.486121892929077148e-01 1.666689872741699219e+01 1.668220162391662598e+00 1.261619925498962402e-01 8.502791170030832291e-04 1.236953163146972656e+01 1.637425720691680908e-01
1.040000000000000000e+04 1.439630150794982910e+00 8.482303619384765625e-01 1.538739871978759766e+01 1.584222912788391113e+00 1.181236654520034790e-01 7.008221582509577274e-04 1.032128143310546875e+01 1.608824878931045532e-01 1.526823759078979492e+00 8.510485887527465820e-01 1.666376686096191406e+01 1.640720009803771973e+00 1.181236654520034790e-01 7.008221582509577274e-04 1.032128143310546875e+01 1.608824878931045532e-01
1.060000000000000000e+04 1.408344745635986328e+00 8.565956950187683105e-01 1.538506221771240234e+01 1.554044127464294434e+00 1.107454299926757812e-01 5.884803249500691891e-04 8.515265464782714844e+00 1.571669578552246094e-01 1.491436481475830078e+00 8.571248054504394531e-01 1.666362953186035156e+01 1.609241843223571777e+00 1.107454299926757812e-01 5.884803249500691891e-04 8.515265464782714844e+00 1.571669578552246094e-01
1.080000000000000000e+04 1.363129734992980957e+00 8.655396699905395508e-01 1.538705730438232422e+01 1.516160368919372559e+00 1.058588549494743347e-01 4.852524434681981802e-04 6.938372135162353516e+00 1.567864716053009033e-01 1.437804102897644043e+00 8.698641061782836914e-01 1.666429138183593750e+01 1.567133665084838867e+00 1.058588549494743347e-01 4.852524434681981802e-04 6.938372135162353516e+00 1.567864716053009033e-01
1.100000000000000000e+04 1.299935817718505859e+00 8.937608003616333008e-01 1.540282249450683594e+01 1.454542994499206543e+00 9.832698106765747070e-02 4.129192966502159834e-04 5.576321125030517578e+00 1.557670533657073975e-01 1.360803842544555664e+00 8.990220427513122559e-01 1.668872642517089844e+01 1.499214887619018555e+00 9.832698106765747070e-02 4.129192966502159834e-04 5.576321125030517578e+00 1.557670533657073975e-01
1.120000000000000000e+04 1.226911664009094238e+00 9.422203302383422852e-01 1.542228889465332031e+01 1.384439587593078613e+00 9.057825058698654175e-02 3.860093711409717798e-04 4.413703441619873047e+00 1.485712528228759766e-01 1.268050432205200195e+00 9.489976763725280762e-01 1.672925376892089844e+01 1.415955066680908203e+00 9.057825058698654175e-02 3.860093711409717798e-04 4.413703441619873047e+00 1.485712528228759766e-01
1.140000000000000000e+04 1.139274120330810547e+00 1.017073273658752441e+00 1.544108009338378906e+01 1.300748944282531738e+00 8.389575779438018799e-02 3.764756547752767801e-04 3.434905052185058594e+00 1.382625102996826172e-01 1.152086377143859863e+00 1.028633713722229004e+00 1.678521537780761719e+01 1.309514760971069336e+00 8.389575779438018799e-02 3.764756547752767801e-04 3.434905052185058594e+00 1.382625102996826172e-01
1.160000000000000000e+04 9.923489689826965332e-01 1.153643727302551270e+00 1.550649452209472656e+01 1.160787582397460938e+00 7.802312821149826050e-02 3.910660743713378906e-04 2.623315095901489258e+00 1.265479475259780884e-01 9.498246908187866211e-01 1.175665616989135742e+00 1.693901443481445312e+01 1.116332530975341797e+00 7.802312821149826050e-02 3.910660743713378906e-04 2.623315095901489258e+00 1.265479475259780884e-01
1.180000000000000000e+04 2.820456624031066895e-01 1.703672289848327637e+00 1.574165248870849609e+01 4.296081662178039551e-01 6.525404006242752075e-02 6.539425230585038662e-04 1.953670024871826172e+00 1.361197978258132935e-01 2.250024825334548950e-01 1.844739675521850586e+00 1.709728050231933594e+01 2.693293094635009766e-01 6.525404006242752075e-02 6.539425230585038662e-04 1.953670024871826172e+00 1.361197978258132935e-01
1.200000000000000000e+04 2.704477906227111816e-01 1.837081551551818848e+00 1.540274620056152344e+01 4.021773338317871094e-01 6.399706751108169556e-02 6.830614875070750713e-04 1.419121623039245605e+00 1.054544746875762939e-01 2.219163477420806885e-01 2.007069349288940430e+00 1.665984535217285156e+01 2.440311461687088013e-01 6.399706751108169556e-02 6.830614875070750713e-04 1.419121623039245605e+00 1.054544746875762939e-01
1.220000000000000000e+04 2.719857394695281982e-01 1.939172983169555664e+00 1.512757587432861328e+01 3.912171125411987305e-01 6.609936058521270752e-02 6.415398092940449715e-04 1.005099058151245117e+00 9.324871003627777100e-02 2.269694209098815918e-01 2.137284755706787109e+00 1.632960128784179688e+01 2.333408743143081665e-01 6.609936058521270752e-02 6.415398092940449715e-04 1.005099058151245117e+00 9.324871003627777100e-02
1.240000000000000000e+04 2.758580148220062256e-01 2.026216745376586914e+00 1.489373779296875000e+01 3.841794431209564209e-01 6.886650621891021729e-02 5.913525237701833248e-04 6.916794180870056152e-01 8.583320677280426025e-02 2.331758439540863037e-01 2.249873161315917969e+00 1.605515289306640625e+01 2.264343649148941040e-01 6.886650621891021729e-02 5.913525237701833248e-04 6.916794180870056152e-01 8.583320677280426025e-02
1.260000000000000000e+04 2.804347574710845947e-01 2.101651191711425781e+00 1.468957042694091797e+01 3.795199692249298096e-01 7.184464484453201294e-02 5.423203692771494389e-04 4.610058963298797607e-01 8.056308329105377197e-02 2.394033074378967285e-01 2.348152875900268555e+00 1.581819534301757812e+01 2.215380072593688965e-01 7.184464484453201294e-02 5.423203692771494389e-04 4.610058963298797607e-01 8.056308329105377197e-02
1.280000000000000000e+04 2.849491238594055176e-01 2.167403459548950195e+00 1.450898361206054688e+01 3.757885396480560303e-01 7.493518292903900146e-02 4.970031441189348698e-04 2.966759204864501953e-01 7.642310857772827148e-02 2.452228516340255737e-01 2.434361934661865234e+00 1.560892295837402344e+01 2.176028192043304443e-01 7.493518292903900146e-02 4.970031441189348698e-04 2.966759204864501953e-01 7.642310857772827148e-02
1.300000000000000000e+04 2.895464897155761719e-01 2.224370002746582031e+00 1.434616756439208984e+01 3.734146058559417725e-01 7.811672240495681763e-02 4.555131890811026096e-04 1.838683038949966431e-01 7.302724570035934448e-02 2.506291270256042480e-01 2.509423494338989258e+00 1.542128944396972656e+01 2.146204113960266113e-01 7.811672240495681763e-02 4.555131890811026096e-04 1.838683038949966431e-01 7.302724570035934448e-02
1.320000000000000000e+04 2.927985787391662598e-01 2.274732112884521484e+00 1.420004272460937500e+01 3.695924878120422363e-01 8.138361573219299316e-02 4.173690103925764561e-04 1.095580607652664185e-01 7.026562094688415527e-02 2.551888525485992432e-01 2.576735734939575195e+00 1.524888324737548828e+01 2.113035619258880615e-01 8.138361573219299316e-02 4.173690103925764561e-04 1.095580607652664185e-01 7.026562094688415527e-02
1.340000000000000000e+04 2.961290180683135986e-01 2.318601369857788086e+00 1.406422710418701172e+01 3.668819367885589600e-01 8.473467826843261719e-02 3.819728153757750988e-04 6.277018040418624878e-02 6.811635196208953857e-02 2.593949735164642334e-01 2.635821580886840820e+00 1.508936786651611328e+01 2.086584120988845825e-01 8.473467826843261719e-02 3.819728153757750988e-04 6.277018040418624878e-02 6.811635196208953857e-02
1.360000000000000000e+04 2.988585233688354492e-01 2.357788324356079102e+00 1.393749046325683594e+01 3.637862503528594971e-01 8.817029744386672974e-02 3.491063253022730350e-04 3.469571471214294434e-02 6.650417298078536987e-02 2.630990147590637207e-01 2.689185142517089844e+00 1.493876075744628906e+01 2.060208767652511597e-01 8.817029744386672974e-02 3.491063253022730350e-04 3.469571471214294434e-02 6.650417298078536987e-02
1.380000000000000000e+04 3.018213510513305664e-01 2.392673492431640625e+00 1.381606006622314453e+01 3.617452681064605713e-01 9.168300032615661621e-02 3.188240225426852703e-04 1.866334304213523865e-02 6.533256918191909790e-02 2.665851116180419922e-01 2.736826896667480469e+00 1.479575729370117188e+01 2.039255499839782715e-01 9.168300032615661621e-02 3.188240225426852703e-04 1.866334304213523865e-02 6.533256918191909790e-02
1.400000000000000000e+04 3.042809367179870605e-01 2.424696445465087891e+00 1.369996356964111328e+01 3.592319786548614502e-01 9.524441510438919067e-02 2.910368784796446562e-04 9.936852380633354187e-03 6.452142447233200073e-02 2.696890234947204590e-01 2.780832290649414062e+00 1.465755367279052734e+01 2.017419934272766113e-01 9.524441510438919067e-02 2.910368784796446562e-04 9.936852380633354187e-03 6.452142447233200073e-02
1.420000000000000000e+04 3.065039813518524170e-01 2.454232692718505859e+00 1.358754348754882812e+01 3.566910326480865479e-01 9.881330281496047974e-02 2.655100543051958084e-04 5.386513192206621170e-03 6.401057541370391846e-02 2.725177109241485596e-01 2.821515560150146484e+00 1.452317905426025391e+01 1.996275335550308228e-01 9.881330281496047974e-02 2.655100543051958084e-04 5.386513192206621170e-03 6.401057541370391846e-02
1.440000000000000000e+04 3.087577819824218750e-01 2.481469631195068359e+00 1.347744464874267578e+01 3.546008169651031494e-01 1.023444980382919312e-01 2.419995726086199284e-04 3.090636106207966805e-03 6.375266611576080322e-02 2.751621901988983154e-01 2.858967542648315430e+00 1.439206504821777344e+01 1.977445632219314575e-01 1.023444980382919312e-01 2.419995726086199284e-04 3.090636106207966805e-03 6.375266611576080322e-02
1.460000000000000000e+04 3.102507591247558594e-01 2.507503986358642578e+00 1.337055301666259766e+01 3.514224588871002197e-01 1.057921946048736572e-01 2.202859614044427872e-04 1.958105713129043579e-03 6.371101737022399902e-02 2.774560153484344482e-01 2.894937038421630859e+00 1.426209449768066406e+01 1.955111324787139893e-01 1.057921946048736572e-01 2.202859614044427872e-04 1.958105713129043579e-03 6.371101737022399902e-02
1.480000000000000000e+04 3.118242025375366211e-01 2.531772375106811523e+00 1.326469326019287109e+01 3.487628102302551270e-01 1.091183945536613464e-01 2.001590764848515391e-04 1.411289907991886139e-03 6.386155635118484497e-02 2.796197831630706787e-01 2.928321123123168945e+00 1.413403892517089844e+01 1.935137361288070679e-01 1.091183945536613464e-01 2.001590764848515391e-04 1.411289907991886139e-03 6.386155635118484497e-02
1.500000000000000000e+04 3.131833970546722412e-01 2.554764032363891602e+00 1.315997886657714844e+01 3.460426330566406250e-01 1.122915372252464294e-01 1.814327115425840020e-04 1.159271807409822941e-03 6.418418139219284058e-02 2.816022038459777832e-01 2.959889411926269531e+00 1.400683212280273438e+01 1.915305107831954956e-01 1.122915372252464294e-01 1.814327115425840020e-04 1.159271807409822941e-03 6.418418139219284058e-02
1.520000000000000000e+04 3.138755857944488525e-01 2.577148199081420898e+00 1.305677795410156250e+01 3.424225151538848877e-01 1.152870953083038330e-01 1.639676484046503901e-04 1.059555332176387310e-03 6.466345489025115967e-02 2.833289206027984619e-01 2.990715980529785156e+00 1.387903213500976562e+01 1.892604827880859375e-01 1.152870953083038330e-01 1.639676484046503901e-04 1.059555332176387310e-03 6.466345489025115967e-02
1.540000000000000000e+04 3.152037858963012695e-01 2.597620725631713867e+00 1.295244789123535156e+01 3.402821123600006104e-01 1.180921494960784912e-01 1.476063189329579473e-04 1.041627023369073868e-03 6.529162079095840454e-02 2.850851416587829590e-01 3.018565416336059570e+00 1.375281047821044922e+01 1.875355839729309082e-01 1.180921494960784912e-01 1.476063189329579473e-04 1.041627023369073868e-03 6.529162079095840454e-02
1.560000000000000000e+04 3.162592947483062744e-01 2.617286443710327148e+00 1.284826755523681641e+01 3.379048407077789307e-01 1.206982806324958801e-01 1.323679462075233459e-04 1.068514538928866386e-03 6.605584919452667236e-02 2.866976559162139893e-01 3.045286178588867188e+00 1.362591838836669922e+01 1.857429146766662598e-01 1.206982806324958801e-01 1.323679462075233459e-04 1.068514538928866386e-03 6.605584919452667236e-02
1.580000000000000000e+04 3.163462877273559570e-01 2.637183427810668945e+00 1.274485492706298828e+01 3.341091573238372803e-01 1.231078058481216431e-01 1.182082996820099652e-04 1.119995838962495327e-03 6.694364547729492188e-02 2.880648374557495117e-01 3.072531700134277344e+00 1.349616909027099609e+01 1.834817528724670410e-01 1.231078058481216431e-01 1.182082996820099652e-04 1.119995838962495327e-03 6.694364547729492188e-02
1.600000000000000000e+04 3.173433840274810791e-01 2.655017852783203125e+00 1.263925075531005859e+01 3.320362269878387451e-01 1.253375858068466187e-01 1.050741557264700532e-04 1.184474676847457886e-03 6.795391440391540527e-02 2.895433902740478516e-01 3.096577167510986328e+00 1.336765289306640625e+01 1.818165183067321777e-01 1.253375858068466187e-01 1.050741557264700532e-04 1.184474676847457886e-03 6.795391440391540527e-02
1.620000000000000000e+04 3.178329467773437500e-01 2.672728776931762695e+00 1.253317928314208984e+01 3.292620480060577393e-01 1.274153739213943481e-01 9.302573744207620621e-05 1.255619572475552559e-03 6.907523423433303833e-02 2.908988893032073975e-01 3.120542049407958984e+00 1.323652267456054688e+01 1.799223870038986206e-01 1.274153739213943481e-01 9.302573744207620621e-05 1.255619572475552559e-03 6.907523423433303833e-02
1.640000000000000000e+04 3.181268274784088135e-01 2.690052509307861328e+00 1.242593669891357422e+01 3.262745440006256104e-01 1.293850541114807129e-01 8.205597987398505211e-05 1.328282989561557770e-03 7.030430436134338379e-02 2.922094464302062988e-01 3.143974542617797852e+00 1.310310554504394531e+01 1.779652088880538940e-01 1.293850541114807129e-01 8.205597987398505211e-05 1.328282989561557770e-03 7.030430436134338379e-02
1.660000000000000000e+04 3.181936442852020264e-01 2.707147121429443359e+00 1.231737232208251953e+01 3.229731321334838867e-01 1.313103437423706055e-01 7.215444202302023768e-05 1.399135100655257702e-03 7.163633406162261963e-02 2.934908568859100342e-01 3.167112350463867188e+00 1.296693801879882812e+01 1.759136617183685303e-01 1.313103437423706055e-01 7.215444202302023768e-05 1.399135100655257702e-03 7.163633406162261963e-02
1.680000000000000000e+04 3.189135491847991943e-01 2.722701787948608398e+00 1.220649242401123047e+01 3.206720352172851562e-01 1.332814097404479980e-01 6.335909711197018623e-05 1.464373664930462837e-03 7.307261228561401367e-02 2.948783040046691895e-01 3.187927961349487305e+00 1.283042144775390625e+01 1.741871237754821777e-01 1.332814097404479980e-01 6.335909711197018623e-05 1.464373664930462837e-03 7.307261228561401367e-02
1.700000000000000000e+04 3.193016648292541504e-01 2.738332033157348633e+00 1.209421062469482422e+01 3.177779614925384521e-01 1.354040205478668213e-01 5.563912418438121676e-05 1.521263038739562035e-03 7.461299002170562744e-02 2.962495684623718262e-01 3.208915948867797852e+00 1.269037342071533203e+01 1.722732335329055786e-01 1.354040205478668213e-01 5.563912418438121676e-05 1.521263038739562035e-03 7.461299002170562744e-02
1.720000000000000000e+04 3.198140263557434082e-01 2.753281354904174805e+00 1.198012256622314453e+01 3.149458765983581543e-01 1.378186196088790894e-01 4.899957275483757257e-05 1.566226244904100895e-03 7.626790553331375122e-02 2.976714074611663818e-01 3.228931903839111328e+00 1.254813575744628906e+01 1.703801751136779785e-01 1.378186196088790894e-01 4.899957275483757257e-05 1.566226244904100895e-03 7.626790553331375122e-02
1.740000000000000000e+04 3.203817307949066162e-01 2.767632246017456055e+00 1.186434936523437500e+01 3.120079040527343750e-01 1.406945288181304932e-01 4.342664396972395480e-05 1.598090166226029396e-03 7.805070281028747559e-02 2.991406023502349854e-01 3.248123884201049805e+00 1.240344715118408203e+01 1.684543192386627197e-01 1.406945288181304932e-01 4.342664396972395480e-05 1.598090166226029396e-03 7.805070281028747559e-02
1.760000000000000000e+04 3.210074603557586670e-01 2.781237363815307617e+00 1.174702739715576172e+01 3.089246451854705811e-01 1.442408114671707153e-01 3.889459549100138247e-05 1.614755485206842422e-03 7.998323440551757812e-02 3.006552755832672119e-01 3.266314029693603516e+00 1.225642299652099609e+01 1.664822399616241455e-01 1.442408114671707153e-01 3.889459549100138247e-05 1.614755485206842422e-03 7.998323440551757812e-02
1.780000000000000000e+04 3.218355178833007812e-01 2.793510675430297852e+00 1.162827777862548828e+01 3.059069812297821045e-01 1.487140059471130371e-01 3.539084354997612536e-05 1.616135472431778908e-03 8.208879083395004272e-02 3.022135794162750244e-01 3.282710075378417969e+00 1.210788917541503906e+01 1.645241230726242065e-01 1.487140059471130371e-01 3.539084354997612536e-05 1.616135472431778908e-03 8.208879083395004272e-02
1.800000000000000000e+04 3.227624297142028809e-01 2.804291248321533203e+00 1.150833225250244141e+01 3.027836978435516357e-01 1.544253528118133545e-01 3.292213659733533859e-05 1.602668315172195435e-03 8.439394831657409668e-02 3.037909567356109619e-01 3.297165632247924805e+00 1.195772933959960938e+01 1.625233888626098633e-01 1.544253528118133545e-01 3.292213659733533859e-05 1.602668315172195435e-03 8.439394831657409668e-02
1.820000000000000000e+04 3.233521282672882080e-01 2.814297676086425781e+00 1.138726997375488281e+01 2.988078892230987549e-01 1.617574840784072876e-01 3.147732786601409316e-05 1.575297559611499310e-03 8.691480010747909546e-02 3.053663671016693115e-01 3.310807228088378906e+00 1.180398559570312500e+01 1.602594405412673950e-01 1.617574840784072876e-01 3.147732786601409316e-05 1.575297559611499310e-03 8.691480010747909546e-02
1.840000000000000000e+04 3.244898915290832520e-01 2.820118188858032227e+00 1.126529884338378906e+01 2.956601977348327637e-01 1.711914688348770142e-01 3.107731754425913095e-05 1.535878982394933701e-03 8.965197950601577759e-02 3.068908452987670898e-01 3.318928241729736328e+00 1.165185832977294922e+01 1.582069844007492065e-01 1.711914688348770142e-01 3.107731754425913095e-05 1.535878982394933701e-03 8.965197950601577759e-02
1.860000000000000000e+04 3.250313401222229004e-01 2.824174165725708008e+00 1.114205837249755859e+01 2.914135754108428955e-01 1.833006888628005981e-01 3.174542507622390985e-05 1.485175802372395992e-03 9.256037324666976929e-02 3.083444237709045410e-01 3.325151920318603516e+00 1.149544906616210938e+01 1.558068543672561646e-01 1.833006888628005981e-01 3.174542507622390985e-05 1.485175802372395992e-03 9.256037324666976929e-02
1.880000000000000000e+04 3.266186714172363281e-01 2.819633007049560547e+00 1.101788425445556641e+01 2.893578410148620605e-01 1.988153457641601562e-01 3.348264363012276590e-05 1.424648915417492390e-03 9.553965926170349121e-02 3.095826208591461182e-01 3.320097446441650391e+00 1.134496974945068359e+01 1.539549678564071655e-01 1.988153457641601562e-01 3.348264363012276590e-05 1.424648915417492390e-03 9.553965926170349121e-02
1.900000000000000000e+04 3.252307474613189697e-01 2.817845582962036133e+00 1.089029788970947266e+01 2.823184132575988770e-01 2.186330854892730713e-01 3.613796434365212917e-05 1.353706815280020237e-03 9.830971062183380127e-02 3.107616901397705078e-01 3.320118427276611328e+00 1.117625808715820312e+01 1.506818383932113647e-01 2.186330854892730713e-01 3.613796434365212917e-05 1.353706815280020237e-03 9.830971062183380127e-02
1.920000000000000000e+04 3.244645297527313232e-01 2.802743434906005859e+00 1.076078510284423828e+01 2.776955366134643555e-01 2.440541088581085205e-01 3.947964796680025756e-05 1.273389672860503197e-03 1.004853174090385437e-01 3.114562630653381348e-01 3.303282976150512695e+00 1.101307868957519531e+01 1.479872912168502808e-01 2.440541088581085205e-01 3.947964796680025756e-05 1.273389672860503197e-03 1.004853174090385437e-01
1.940000000000000000e+04 3.216789364814758301e-01 2.777741432189941406e+00 1.062737751007080078e+01 2.713304162025451660e-01 2.769272029399871826e-01 4.293782694730907679e-05 1.185787958092987537e-03 1.013378128409385681e-01 3.115654289722442627e-01 3.275357007980346680e+00 1.084046173095703125e+01 1.447495818138122559e-01 2.769272029399871826e-01 4.293782694730907679e-05 1.185787958092987537e-03 1.013378128409385681e-01
1.960000000000000000e+04 3.165914714336395264e-01 2.733254194259643555e+00 1.049149894714355469e+01 2.642029523849487305e-01 3.199460208415985107e-01 4.559613444143906236e-05 1.100674970075488091e-03 9.992380440235137939e-02 3.104386031627655029e-01 3.224489688873291016e+00 1.066262435913085938e+01 1.412405222654342651e-01 3.199460208415985107e-01 4.559613444143906236e-05 1.100674970075488091e-03 9.992380440235137939e-02
1.980000000000000000e+04 3.062502145767211914e-01 2.650130987167358398e+00 1.036960887908935547e+01 2.544557452201843262e-01 3.752314150333404541e-01 4.415238072397187352e-05 1.050881110131740570e-03 9.641981869935989380e-02 3.064522147178649902e-01 3.128196716308593750e+00 1.048949623107910156e+01 1.370296031236648560e-01 3.752314150333404541e-01 4.415238072397187352e-05 1.050881110131740570e-03 9.641981869935989380e-02
2.000000000000000000e+04 2.921710014343261719e-01 2.534988641738891602e+00 1.023753738403320312e+01 2.390564084053039551e-01 4.259545207023620605e-01 3.025348269147798419e-05 1.267271349206566811e-03 1.038065776228904724e-01 2.991337180137634277e-01 2.993128061294555664e+00 1.027365684509277344e+01 1.313521713018417358e-01 4.259545207023620605e-01 3.025348269147798419e-05 1.267271349206566811e-03 1.038065776228904724e-01
2.020000000000000000e+04 2.746426165103912354e-01 2.413465261459350586e+00 1.012571239471435547e+01 2.156996726989746094e-01 5.019624829292297363e-01 3.297140210634097457e-05 1.256971620023250580e-03 9.746114164590835571e-02 2.915091812610626221e-01 2.849527597427368164e+00 1.007292270660400391e+01 1.238743141293525696e-01 5.019624829292297363e-01 3.297140210634097457e-05 1.256971620023250580e-03 9.746114164590835571e-02
2.040000000000000000e+04 2.953509092330932617e-01 2.458726167678833008e+00 1.370775222778320312e+00 4.105183109641075134e-02 6.684924960136413574e-01 1.653770799748599529e-03 4.896753467619419098e-03 4.093392286449670792e-03 3.062861561775207520e-01 2.530243635177612305e+00 1.174078226089477539e+00 4.350923001766204834e-02 6.684924960136413574e-01 1.653770799748599529e-03 4.896753467619419098e-03 4.093392286449670792e-03
2.060000000000000000e+04 1.020471230149269104e-01 5.669026076793670654e-02 1.626905798912048340e-01 5.492228083312511444e-03 7.455542087554931641e-01 1.051375875249505043e-05 8.387841284275054932e-03 6.432124227285385132e-02 1.088757887482643127e-01 5.252475291490554810e-02 1.692540198564529419e-01 6.206077989190816879e-03 7.455542087554931641e-01 1.051375875249505043e-05 8.387841284275054932e-03 6.432124227285385132e-02
2.080000000000000000e+04 9.836922585964202881e-02 2.854399755597114563e-02 4.063850268721580505e-02 4.623497370630502701e-03 5.541917681694030762e-01 1.269105268875136971e-05 3.273526206612586975e-03 1.223811283707618713e-01 8.849770575761795044e-02 1.212823297828435898e-02 2.157594263553619385e-02 4.620169289410114288e-03 5.541917681694030762e-01 1.269105268875136971e-05 3.273526206612586975e-03 1.223811283707618713e-01
2.100000000000000000e+04 9.638350456953048706e-02 2.885897643864154816e-02 4.235826060175895691e-02 4.184140823781490326e-03 5.516346693038940430e-01 2.175682311644777656e-05 2.485829405486583710e-03 1.121167466044425964e-01 8.574552834033966064e-02 1.226939447224140167e-02 1.765004731714725494e-02 4.142329096794128418e-03 5.516346693038940430e-01 2.175682311644777656e-05 2.485829405486583710e-03 1.121167466044425964e-01
2.120000000000000000e+04 9.308528155088424683e-02 2.825715020298957825e-02 4.130301624536514282e-02 3.596183843910694122e-03 5.548444986343383789e-01 2.739229239523410797e-05 1.558084622956812382e-03 1.047202348709106445e-01 8.228591084480285645e-02 1.202965527772903442e-02 1.454751472920179367e-02 3.517922712489962578e-03 5.548444986343383789e-01 2.739229239523410797e-05 1.558084622956812382e-03 1.047202348709106445e-01
2.140000000000000000e+04 8.906969428062438965e-02 2.767024748027324677e-02 4.090468212962150574e-02 2.969720400869846344e-03 5.586574077606201172e-01 3.363180439919233322e-05 9.833693038672208786e-04 9.824483841657638550e-02 7.827864587306976318e-02 1.187485177069902420e-02 1.292327977716922760e-02 2.829547040164470673e-03 5.586574077606201172e-01 3.363180439919233322e-05 9.833693038672208786e-04 9.824483841657638550e-02
2.160000000000000000e+04 8.526649326086044312e-02 2.695486694574356079e-02 4.125066474080085754e-02 2.561518456786870956e-03 5.623361468315124512e-01 4.060206629219464958e-05 7.565731648355722427e-04 9.286352992057800293e-02 7.455562055110931396e-02 1.168152783066034317e-02 1.218324620276689529e-02 2.336073899641633034e-03 5.623361468315124512e-01 4.060206629219464958e-05 7.565731648355722427e-04 9.286352992057800293e-02
2.180000000000000000e+04 8.149012178182601929e-02 2.648718096315860748e-02 4.131587222218513489e-02 2.352002542465925217e-03 5.651961565017700195e-01 4.786467980011366308e-05 5.080987466499209404e-04 8.841244131326675415e-02 7.074663043022155762e-02 1.148515846580266953e-02 1.130231376737356186e-02 2.011504489928483963e-03 5.651961565017700195e-01 4.786467980011366308e-05 5.080987466499209404e-04 8.841244131326675415e-02
2.200000000000000000e+04 7.715041190385818481e-02 2.685359120368957520e-02 4.149512946605682373e-02 2.412497531622648239e-03 5.657333135604858398e-01 5.743896326748654246e-05 2.317840990144759417e-04 8.437455445528030396e-02 6.611663848161697388e-02 1.150774490088224411e-02 1.067975629121065140e-02 1.897763810120522976e-03 5.657333135604858398e-01 5.743896326748654246e-05 2.317840990144759417e-04 8.437455445528030396e-02
2.220000000000000000e+04 7.363059371709823608e-02 2.743475325405597687e-02 4.305303841829299927e-02 3.080012509599328041e-03 5.651961565017700195e-01 6.948207010282203555e-05 1.011906570056453347e-04 8.072909712791442871e-02 6.234195828437805176e-02 1.140058506280183792e-02 1.162014994770288467e-02 2.285362686961889267e-03 5.651961565017700195e-01 6.948207010282203555e-05 1.011906570056453347e-04 8.072909712791442871e-02
2.240000000000000000e+04 6.857376545667648315e-02 2.915364503860473633e-02 4.348159953951835632e-02 4.054340068250894547e-03 5.659877657890319824e-01 7.853537681512534618e-05 9.992829291149973869e-05 7.882954925298690796e-02 5.710019171237945557e-02 1.322858128696680069e-02 1.243988797068595886e-02 2.982511417940258980e-03 5.659877657890319824e-01 7.853537681512534618e-05 9.992829291149973869e-05 7.882954925298690796e-02
2.260000000000000000e+04 6.766672432422637939e-02 2.920566871762275696e-02 4.078327864408493042e-02 5.236058030277490616e-03 5.648888945579528809e-01 8.564494783058762550e-05 9.603916259948164225e-05 7.804137468338012695e-02 5.593670904636383057e-02 1.290823705494403839e-02 1.019115000963211060e-02 3.884470555931329727e-03 5.648888945579528809e-01 8.564494783058762550e-05 9.603916259948164225e-05 7.804137468338012695e-02
2.280000000000000000e+04 6.687702983617782593e-02 2.953194454312324524e-02 4.080842062830924988e-02 6.103102583438158035e-03 5.630710124969482422e-01 8.978000550996512175e-05 9.358767420053482056e-05 7.791966944932937622e-02 5.479236692190170288e-02 1.312103960663080215e-02 9.976122528314590454e-03 4.565185401588678360e-03 5.630710124969482422e-01 8.978000550996512175e-05 9.358767420053482056e-05 7.791966944932937622e-02
2.300000000000000000e+04 6.675336509943008423e-02 2.943326719105243683e-02 4.103399440646171570e-02 6.730764172971248627e-03 5.610278248786926270e-01 9.109504753723740578e-05 9.186123497784137726e-05 7.808133959770202637e-02 5.433475598692893982e-02 1.304044201970100403e-02 9.836513549089431763e-03 5.060434341430664062e-03 5.610278248786926270e-01 9.109504753723740578e-05 9.186123497784137726e-05 7.808133959770202637e-02
2.320000000000000000e+04 6.700876355171203613e-02 2.903788536787033081e-02 4.128609597682952881e-02 7.193022873252630234e-03 5.589554309844970703e-01 9.064958430826663971e-05 9.073132241610437632e-05 7.838222384452819824e-02 5.429524555802345276e-02 1.275763474404811859e-02 9.730460122227668762e-03 5.422819405794143677e-03 5.589554309844970703e-01 9.064958430826663971e-05 9.073132241610437632e-05 7.838222384452819824e-02
2.340000000000000000e+04 6.746339052915573120e-02 2.849206514656543732e-02 4.149598255753517151e-02 7.568630389869213104e-03 5.568625330924987793e-01 8.928369788918644190e-05 8.989751222543418407e-05 7.876905053853988647e-02 5.448544397950172424e-02 1.236969511955976486e-02 9.636714123189449310e-03 5.714566912502050400e-03 5.568625330924987793e-01 8.928369788918644190e-05 8.989751222543418407e-05 7.876905053853988647e-02
2.360000000000000000e+04 6.805090606212615967e-02 2.788296714425086975e-02 4.162174835801124573e-02 7.932526990771293640e-03 5.547127127647399902e-01 8.777622133493423462e-05 8.906755829229950905e-05 7.920297980308532715e-02 5.482674017548561096e-02 1.191296614706516266e-02 9.537649340927600861e-03 5.996887572109699249e-03 5.547127127647399902e-01 8.777622133493423462e-05 8.906755829229950905e-05 7.920297980308532715e-02
2.380000000000000000e+04 6.834701448678970337e-02 2.737167291343212128e-02 4.202011600136756897e-02 8.236376568675041199e-03 5.525410175323486328e-01 8.483490091748535633e-05 8.881572284735739231e-05 7.970944046974182129e-02 5.485464259982109070e-02 1.165408827364444733e-02 9.622221812605857849e-03 6.231936626136302948e-03 5.525410175323486328e-01 8.483490091748535633e-05 8.881572284735739231e-05 7.970944046974182129e-02
2.400000000000000000e+04 6.867364794015884399e-02 2.693074569106101990e-02 4.270821437239646912e-02 8.554407395422458649e-03 5.502064824104309082e-01 8.340046042576432228e-05 8.852835162542760372e-05 8.025182038545608521e-02 5.489821732044219971e-02 1.142818201333284378e-02 9.995403699576854706e-03 6.480915471911430359e-03 5.502064824104309082e-01 8.340046042576432228e-05 8.852835162542760372e-05 8.025182038545608521e-02
2.420000000000000000e+04 6.962199509143829346e-02 2.623971737921237946e-02 4.216667264699935913e-02 8.983815088868141174e-03 5.475736260414123535e-01 8.128891931846737862e-05 8.724094368517398834e-05 8.082423359155654907e-02 5.558883771300315857e-02 1.078761834651231766e-02 9.386825375258922577e-03 6.823469884693622589e-03 5.475736260414123535e-01 8.128891931846737862e-05 8.724094368517398834e-05 8.082423359155654907e-02
2.440000000000000000e+04 7.018435746431350708e-02 2.576244994997978210e-02 4.237596318125724792e-02 9.347151033580303192e-03 5.448492169380187988e-01 7.913657464087009430e-05 8.638791041448712349e-05 8.148713409900665283e-02 5.584674701094627380e-02 1.045103929936885834e-02 9.373054839670658112e-03 7.117003202438354492e-03 5.448492169380187988e-01 7.913657464087009430e-05 8.638791041448712349e-05 8.148713409900665283e-02
2.460000000000000000e+04 7.094416767358779907e-02 2.525749243795871735e-02 4.239935800433158875e-02 9.738578461110591888e-03 5.418915748596191406e-01 7.693780207773670554e-05 8.522183634340763092e-05 8.220659941434860229e-02 5.629512667655944824e-02 1.004019007086753845e-02 9.217438288033008575e-03 7.438696455210447311e-03 5.418915748596191406e-01 7.693780207773670554e-05 8.522183634340763092e-05 8.220659941434860229e-02
2.480000000000000000e+04 7.167479395866394043e-02 2.479955740272998810e-02 4.252785444259643555e-02 1.011301297694444656e-02 5.387554168701171875e-01 7.461340283043682575e-05 8.413364412263035774e-05 8.300366997718811035e-02 5.669267475605010986e-02 9.686856530606746674e-03 9.141639806330204010e-03 7.752329576760530472e-03 5.387554168701171875e-01 7.461340283043682575e-05 8.413364412263035774e-05 8.300366997718811035e-02
2.500000000000000000e+04 7.237636297941207886e-02 2.437153086066246033e-02 4.272425547242164612e-02 1.045766100287437439e-02 5.354526042938232422e-01 7.218684913823381066e-05 8.308721589855849743e-05 8.388411998748779297e-02 5.704133212566375732e-02 9.380450472235679626e-03 9.108060970902442932e-03 8.047108538448810577e-03 5.354526042938232422e-01 7.218684913823381066e-05 8.308721589855849743e-05 8.388411998748779297e-02
2.520000000000000000e+04 7.310986518859863281e-02 2.394714392721652985e-02 4.292381927371025085e-02 1.080142427235841751e-02 5.319647789001464844e-01 6.967298395466059446e-05 8.204733603633940220e-05 8.483780920505523682e-02 5.740567296743392944e-02 9.081634692847728729e-03 9.081567637622356415e-03 8.347985334694385529e-03 5.319647789001464844e-01 6.967298395466059446e-05 8.204733603633940220e-05 8.483780920505523682e-02
2.540000000000000000e+04 7.388660311698913574e-02 2.351566590368747711e-02 4.313129559159278870e-02 1.113834697753190994e-02 5.282958745956420898e-01 6.703178223688155413e-05 8.094534859992563725e-05 8.586952835321426392e-02 5.779757350683212280e-02 8.785123005509376526e-03 9.062116034328937531e-03 8.649882860481739044e-03 5.282958745956420898e-01 6.703178223688155413e-05 8.094534859992563725e-05 8.586952835321426392e-02
2.560000000000000000e+04 7.469344884157180786e-02 2.307500131428241730e-02 4.334647953510284424e-02 1.147403102368116379e-02 5.244538187980651855e-01 6.431153451558202505e-05 7.985081174410879612e-05 8.697582036256790161e-02 5.820323154330253601e-02 8.492709137499332428e-03 9.051853790879249573e-03 8.957978338003158569e-03 5.244538187980651855e-01 6.431153451558202505e-05 7.985081174410879612e-05 8.697582036256790161e-02
2.580000000000000000e+04 7.553096115589141846e-02 2.261739224195480347e-02 4.356876388192176819e-02 1.181105989962816238e-02 5.204498767852783203e-01 6.154284346848726273e-05 7.876372546888887882e-05 8.815288543701171875e-02 5.862312391400337219e-02 8.200960233807563782e-03 9.050420485436916351e-03 9.274577721953392029e-03 5.204498767852783203e-01 6.154284346848726273e-05 7.876372546888887882e-05 8.815288543701171875e-02
2.600000000000000000e+04 7.641073316335678101e-02 2.213502675294876099e-02 4.378418624401092529e-02 1.215915195643901825e-02 5.162928104400634766e-01 5.875463830307126045e-05 7.761685992591083050e-05 8.939003944396972656e-02 5.907052010297775269e-02 7.901861332356929779e-03 9.050645865499973297e-03 9.608264081180095673e-03 5.162928104400634766e-01 5.875463830307126045e-05 7.761685992591083050e-05 8.939003944396972656e-02
2.620000000000000000e+04 7.730465382337570190e-02 2.162989787757396698e-02 4.400774091482162476e-02 1.251643523573875427e-02 5.120056867599487305e-01 5.599537689704447985e-05 7.651177293155342340e-05 9.067830443382263184e-02 5.951622128486633301e-02 7.603869307786226273e-03 9.062446653842926025e-03 9.957726113498210907e-03 5.120056867599487305e-01 5.599537689704447985e-05 7.651177293155342340e-05 9.067830443382263184e-02
2.640000000000000000e+04 7.823640853166580200e-02 2.109104953706264496e-02 4.421532899141311646e-02 1.289631705731153488e-02 5.075981020927429199e-01 5.328854240360669792e-05 7.544773689005523920e-05 9.199950844049453735e-02 5.998695269227027893e-02 7.293753791600465775e-03 9.072990156710147858e-03 1.033510640263557434e-02 5.075981020927429199e-01 5.328854240360669792e-05 7.544773689005523920e-05 9.199950844049453735e-02
2.660000000000000000e+04 7.920005172491073608e-02 2.051817439496517181e-02 4.440090805292129517e-02 1.330810505896806717e-02 5.030818581581115723e-01 5.058769966126419604e-05 7.425960211548954248e-05 9.333667904138565063e-02 6.047735735774040222e-02 6.971484050154685974e-03 9.082471951842308044e-03 1.074954308569431305e-02 5.030818581581115723e-01 5.058769966126419604e-05 7.425960211548954248e-05 9.333667904138565063e-02
2.680000000000000000e+04 8.013161271810531616e-02 1.992805674672126770e-02 4.459480568766593933e-02 1.374182756990194321e-02 4.984754920005798340e-01 4.812896077055484056e-05 7.311350782401859760e-05 9.468232095241546631e-02 6.091803684830665588e-02 6.661071907728910446e-03 9.107347577810287476e-03 1.119390968233346939e-02 4.984754920005798340e-01 4.812896077055484056e-05 7.311350782401859760e-05 9.468232095241546631e-02
2.700000000000000000e+04 8.104117214679718018e-02 1.931202411651611328e-02 4.478899016976356506e-02 1.420275028795003891e-02 4.937930107116699219e-01 4.582825931720435619e-05 7.207345333881676197e-05 9.601543098688125610e-02 6.132164970040321350e-02 6.354090757668018341e-03 9.148434735834598541e-03 1.167413685470819473e-02 4.937930107116699219e-01 4.582825931720435619e-05 7.207345333881676197e-05 9.601543098688125610e-02
2.720000000000000000e+04 8.178255707025527954e-02 1.870658248662948608e-02 4.518980905413627625e-02 1.465912349522113800e-02 4.890847802162170410e-01 4.379191523184999824e-05 7.136273779906332493e-05 9.732542932033538818e-02 6.153252720832824707e-02 6.110747344791889191e-03 9.381982497870922089e-03 1.216426398605108261e-02 4.890847802162170410e-01 4.379191523184999824e-05 7.136273779906332493e-05 9.732542932033538818e-02
2.740000000000000000e+04 8.299598097801208496e-02 1.797589100897312164e-02 4.498946294188499451e-02 1.526581961661577225e-02 4.841555356979370117e-01 4.145113052800297737e-05 6.915652193129062653e-05 9.854817390441894531e-02 6.223814561963081360e-02 5.678183864802122116e-03 9.171953424811363220e-03 1.280397176742553711e-02 4.841555356979370117e-01 4.145113052800297737e-05 6.915652193129062653e-05 9.854817390441894531e-02
2.760000000000000000e+04 8.396563678979873657e-02 1.725187897682189941e-02 4.502559453248977661e-02 1.584667712450027466e-02 4.792338907718658447e-01 3.949762685806490481e-05 6.786198355257511139e-05 9.971018135547637939e-02 6.266930699348449707e-02 5.323082208633422852e-03 9.185734204947948456e-03 1.344258151948451996e-02 4.792338907718658447e-01 3.949762685806490481e-05 6.786198355257511139e-05 9.971018135547637939e-02
2.780000000000000000e+04 8.492986857891082764e-02 1.649814099073410034e-02 4.501072689890861511e-02 1.643372140824794769e-02 4.742539823055267334e-01 3.760296749533154070e-05 6.651744479313492775e-05 1.007814928889274597e-01 6.308328360319137573e-02 4.959688056260347366e-03 9.205386973917484283e-03 1.411138754338026047e-02 4.742539823055267334e-01 3.760296749533154070e-05 6.651744479313492775e-05 1.007814928889274597e-01
2.800000000000000000e+04 8.586788177490234375e-02 1.572180353105068207e-02 4.495434090495109558e-02 1.699144579470157623e-02 4.692239165306091309e-01 3.570926855900324881e-05 6.524796481244266033e-05 1.017429009079933167e-01 6.345572322607040405e-02 4.596427548676729202e-03 9.250227361917495728e-03 1.478404086083173752e-02 4.692239165306091309e-01 3.570926855900324881e-05 6.524796481244266033e-05 1.017429009079933167e-01
2.820000000000000000e+04 8.680346608161926270e-02 1.493246853351593018e-02 4.485012218356132507e-02 1.746150478720664978e-02 4.641645848751068115e-01 3.373143044882453978e-05 6.396020762622356415e-05 1.025884896516799927e-01 6.380990892648696899e-02 4.233013838529586792e-03 9.315053001046180725e-03 1.541033759713172913e-02 4.641645848751068115e-01 3.373143044882453978e-05 6.396020762622356415e-05 1.025884896516799927e-01
2.840000000000000000e+04 8.755414932966232300e-02 1.417543366551399231e-02 4.484262689948081970e-02 1.772377081215381622e-02 4.591680765151977539e-01 3.158442996209487319e-05 6.313914491329342127e-05 1.033376082777976990e-01 6.394331902265548706e-02 3.954492043703794479e-03 9.545181877911090851e-03 1.587897352874279022e-02 4.591680765151977539e-01 3.158442996209487319e-05 6.313914491329342127e-05 1.033376082777976990e-01
2.860000000000000000e+04 8.856048434972763062e-02 1.343192066997289658e-02 4.466074332594871521e-02 1.785809174180030823e-02 4.541381597518920898e-01 2.912076524808071554e-05 6.139330798760056496e-05 1.039353609085083008e-01 6.432194262742996216e-02 3.581135766580700874e-03 9.570559486746788025e-03 1.625805348157882690e-02 4.541381597518920898e-01 2.912076524808071554e-05 6.139330798760056496e-05 1.039353609085083008e-01
2.880000000000000000e+04 8.903029561042785645e-02 1.279553305357694626e-02 4.461010918021202087e-02 1.765507087111473083e-02 4.493852257728576660e-01 2.698453317862004042e-05 6.073749682400375605e-05 1.044115424156188965e-01 6.409089267253875732e-02 3.429339732974767685e-03 9.834688156843185425e-03 1.634136028587818146e-02 4.493852257728576660e-01 2.698453317862004042e-05 6.073749682400375605e-05 1.044115424156188965e-01
2.900000000000000000e+04 8.944661170244216919e-02 1.226040627807378769e-02 4.454466328024864197e-02 1.730976067483425140e-02 4.447549581527709961e-01 2.453129309287760407e-05 6.017394844093360007e-05 1.046696305274963379e-01 6.377490609884262085e-02 3.313121153041720390e-03 1.005491241812705994e-02 1.629483886063098907e-02 4.447549581527709961e-01 2.453129309287760407e-05 6.017394844093360007e-05 1.046696305274963379e-01
2.920000000000000000e+04 8.957304805517196655e-02 1.181453838944435120e-02 4.450133815407752991e-02 1.685817725956439972e-02 4.402252137660980225e-01 2.257395317428745329e-05 5.970141864963807166e-05 1.047831997275352478e-01 6.310545653104782104e-02 3.351187333464622498e-03 1.042697392404079437e-02 1.613786630332469940e-02 4.402252137660980225e-01 2.257395317428745329e-05 5.970141864963807166e-05 1.047831997275352478e-01
2.940000000000000000e+04 8.991210907697677612e-02 1.136108394712209702e-02 4.437105730175971985e-02 1.656357757747173309e-02 4.353738725185394287e-01 2.078049874398857355e-05 5.955413507763296366e-05 1.048616245388984680e-01 6.260300427675247192e-02 3.342109033837914467e-03 1.070067659020423889e-02 1.610828563570976257e-02 4.353738725185394287e-01 2.078049874398857355e-05 5.955413507763296366e-05 1.048616245388984680e-01
2.960000000000000000e+04 9.053438156843185425e-02 1.084921602159738541e-02 4.412369802594184875e-02 1.644673012197017670e-02 4.299532473087310791e-01 1.921145303640514612e-05 5.890824832022190094e-05 1.048261150717735291e-01 6.230551376938819885e-02 3.279033349826931953e-03 1.090930961072444916e-02 1.623906008899211884e-02 4.299532473087310791e-01 1.921145303640514612e-05 5.890824832022190094e-05 1.048261150717735291e-01
2.980000000000000000e+04 9.142161905765533447e-02 1.034032460302114487e-02 4.378793016076087952e-02 1.650344766676425934e-02 4.239467978477478027e-01 1.775619421096052974e-05 5.817856435896828771e-05 1.045573502779006958e-01 6.222729384899139404e-02 3.249105298891663551e-03 1.118769496679306030e-02 1.652796939015388489e-02 4.239467978477478027e-01 1.775619421096052974e-05 5.817856435896828771e-05 1.045573502779006958e-01
3.000000000000000000e+04 9.264836460351943970e-02 9.869878180325031281e-03 4.332262650132179260e-02 1.668458431959152222e-02 4.172947108745574951e-01 1.633896499697584659e-05 5.733782018069177866e-05 1.039642691612243652e-01 6.245597824454307556e-02 3.256625030189752579e-03 1.148823276162147522e-02 1.693366654217243195e-02 4.172947108745574951e-01 1.633896499697584659e-05 5.733782018069177866e-05 1.039642691612243652e-01
3.020000000000000000e+04 9.423331916332244873e-02 9.467382915318012238e-03 4.270924627780914307e-02 1.693541184067726135e-02 4.099386334419250488e-01 1.483706182625610381e-05 5.658925510942935944e-05 1.029890254139900208e-01 6.300862133502960205e-02 3.322381060570478439e-03 1.181046292185783386e-02 1.740538515150547028e-02 4.099386334419250488e-01 1.483706182625610381e-05 5.658925510942935944e-05 1.029890254139900208e-01
3.040000000000000000e+04 9.604569524526596069e-02 9.166755713522434235e-03 4.207726567983627319e-02 1.716385409235954285e-02 4.018760323524475098e-01 1.344249540125019848e-05 5.647452780976891518e-05 1.015622913837432861e-01 6.375422328710556030e-02 3.548497566953301430e-03 1.240462623536586761e-02 1.785028539597988129e-02 4.018760323524475098e-01 1.344249540125019848e-05 5.647452780976891518e-05 1.015622913837432861e-01
3.060000000000000000e+04 9.881652146577835083e-02 8.841357193887233734e-03 4.096031188964843750e-02 1.755344867706298828e-02 3.926700949668884277e-01 1.176414298242889345e-05 5.300349221215583384e-05 9.951905161142349243e-02 6.541281938552856445e-02 3.503564512357115746e-03 1.241009682416915894e-02 1.845153421163558960e-02 3.926700949668884277e-01 1.176414298242889345e-05 5.300349221215583384e-05 9.951905161142349243e-02
3.080000000000000000e+04 1.015260741114616394e-01 8.670856244862079620e-03 3.987461701035499573e-02 1.774777844548225403e-02 3.825466632843017578e-01 1.037813854054547846e-05 5.225629138294607401e-05 9.699843078851699829e-02 6.696160137653350830e-02 3.836330259218811989e-03 1.301108859479427338e-02 1.884376443922519684e-02 3.825466632843017578e-01 1.037813854054547846e-05 5.225629138294607401e-05 9.699843078851699829e-02
3.100000000000000000e+04 1.050896793603897095e-01 8.498456329107284546e-03 3.851359710097312927e-02 1.795656420290470123e-02 3.708561360836029053e-01 9.030191904457751662e-06 5.010050153941847384e-05 9.370911121368408203e-02 6.931390613317489624e-02 4.042044747620820999e-03 1.350549701601266861e-02 1.923570409417152405e-02 3.708561360836029053e-01 9.030191904457751662e-06 5.010050153941847384e-05 9.370911121368408203e-02
3.120000000000000000e+04 1.093504577875137329e-01 8.366646245121955872e-03 3.690847381949424744e-02 1.811296865344047546e-02 3.574037849903106689e-01 7.794602424837648869e-06 4.762086609844118357e-05 8.960058540105819702e-02 7.233850657939910889e-02 4.249413497745990753e-03 1.406627614051103592e-02 1.955611631274223328e-02 3.574037849903106689e-01 7.794602424837648869e-06 4.762086609844118357e-05 8.960058540105819702e-02
3.140000000000000000e+04 1.143957301974296570e-01 8.307305164635181427e-03 3.502542153000831604e-02 1.819317601621150970e-02 3.418551981449127197e-01 6.640042556682601571e-06 4.474367960938252509e-05 8.455138653516769409e-02 7.615373283624649048e-02 4.484591074287891388e-03 1.466348301619291306e-02 1.977638714015483856e-02 3.418551981449127197e-01 6.640042556682601571e-06 4.474367960938252509e-05 8.455138653516769409e-02
3.160000000000000000e+04 1.203071326017379761e-01 8.369515649974346161e-03 3.281698748469352722e-02 1.817276701331138611e-02 3.239215910434722900e-01 5.488247552420943975e-06 4.158632145845331252e-05 7.848425209522247314e-02 8.088741451501846313e-02 4.794846288859844208e-03 1.521740667521953583e-02 1.986327767372131348e-02 3.239215910434722900e-01 5.488247552420943975e-06 4.158632145845331252e-05 7.848425209522247314e-02
3.180000000000000000e+04 1.271158605813980103e-01 8.602713234722614288e-03 3.026559576392173767e-02 1.802223548293113708e-02 3.034271597862243652e-01 4.364019332570023835e-06 3.800168633460998535e-05 7.137697935104370117e-02 8.661750704050064087e-02 5.248420871794223785e-03 1.563009805977344513e-02 1.977229304611682892e-02 3.034271597862243652e-01 4.364019332570023835e-06 3.800168633460998535e-05 7.137697935104370117e-02
3.200000000000000000e+04 1.347942203283309937e-01 9.029363282024860382e-03 2.737961523234844208e-02 1.773456484079360962e-02 2.804797887802124023e-01 3.255685442127287388e-06 3.422060763114131987e-05 6.332764774560928345e-02 9.337223321199417114e-02 5.905374884605407715e-03 1.577643677592277527e-02 1.947819627821445465e-02 2.804797887802124023e-01 3.255685442127287388e-06 3.422060763114131987e-05 6.332764774560928345e-02
3.220000000000000000e+04 1.432466208934783936e-01 9.621473029255867004e-03 2.425277605652809143e-02 1.730419136583805084e-02 2.555048465728759766e-01 2.202010364271700382e-06 3.007016857736743987e-05 5.456256493926048279e-02 1.011108383536338806e-01 6.803630385547876358e-03 1.558472961187362671e-02 1.895642280578613281e-02 2.555048465728759766e-01 2.202010364271700382e-06 3.007016857736743987e-05 5.456256493926048279e-02
3.240000000000000000e+04 1.523068398237228394e-01 1.028504408895969391e-02 2.108246833086013794e-02 1.673113182187080383e-02 2.292665094137191772e-01 1.268527739739511162e-06 2.566352486610412598e-05 4.548539221286773682e-02 1.097355261445045471e-01 7.928602397441864014e-03 1.508447248488664627e-02 1.819383352994918823e-02 2.292665094137191772e-01 1.268527739739511162e-06 2.566352486610412598e-05 4.548539221286773682e-02
3.260000000000000000e+04 1.617569476366043091e-01 1.086798869073390961e-02 1.811575517058372498e-02 1.603832282125949860e-02 2.027439326047897339e-01 5.315635007718810812e-07 2.107717227772809565e-05 3.663416206836700439e-02 1.190888807177543640e-01 9.173056110739707947e-03 1.438203547149896622e-02 1.721286214888095856e-02 2.027439326047897339e-01 5.315635007718810812e-07 2.107717227772809565e-05 3.663416206836700439e-02
3.280000000000000000e+04 1.713020503520965576e-01 1.122064981609582901e-02 1.553361956030130386e-02 1.528874877840280533e-02 1.769824773073196411e-01 9.844461601460352540e-08 1.639683978282846510e-05 2.854896336793899536e-02 1.288917362689971924e-01 1.035222318023443222e-02 1.357345096766948700e-02 1.609177328646183014e-02 1.769824773073196411e-01 9.844461601460352540e-08 1.639683978282846510e-05 2.854896336793899536e-02
3.300000000000000000e+04 1.805216372013092041e-01 1.129923667758703232e-02 1.337759662419557571e-02 1.457270793616771698e-02 1.529912799596786499e-01 1.140870153903961182e-08 1.197111851070076227e-05 2.165060862898826599e-02 1.386941820383071899e-01 1.131452526897192001e-02 1.268034894019365311e-02 1.494866702705621719e-02 1.529912799596786499e-01 1.140870153903961182e-08 1.197111851070076227e-05 2.165060862898826599e-02
3.320000000000000000e+04 1.889631897211074829e-01 1.113844569772481918e-02 1.157663762569427490e-02 1.396051235496997833e-02 1.315710842609405518e-01 2.637373199831927195e-07 8.011760655790567398e-06 1.607825607061386108e-02 1.480702608823776245e-01 1.194286625832319260e-02 1.168746966868638992e-02 1.388152129948139191e-02 1.315710842609405518e-01 2.637373199831927195e-07 8.011760655790567398e-06 1.607825607061386108e-02
3.340000000000000000e+04 1.961674094200134277e-01 1.082474924623966217e-02 1.006561238318681717e-02 1.348785124719142914e-02 1.131825074553489685e-01 7.807122983649605885e-07 4.802863259101286530e-06 1.174856722354888916e-02 1.566637754440307617e-01 1.221307367086410522e-02 1.063105557113885880e-02 1.294698473066091537e-02 1.131825074553489685e-01 7.807122983649605885e-07 4.802863259101286530e-06 1.174856722354888916e-02
3.360000000000000000e+04 2.018126547336578369e-01 1.045415364205837250e-02 8.782079443335533142e-03 1.318584103137254715e-02 9.788101166486740112e-02 1.442768052584142424e-06 2.500168193364515901e-06 8.482173085212707520e-03 1.642351597547531128e-01 1.217937376350164413e-02 9.565320797264575958e-03 1.219086907804012299e-02 9.788101166486740112e-02 1.442768052584142424e-06 2.500168193364515901e-06 8.482173085212707520e-03
3.380000000000000000e+04 2.057114392518997192e-01 1.015056483447551727e-02 7.670709397643804550e-03 1.306339446455240250e-02 8.544109016656875610e-02 2.129036147380247712e-06 1.068707206286489964e-06 6.067062262445688248e-03 1.705930382013320923e-01 1.199752371758222580e-02 8.516762405633926392e-03 1.163304597139358521e-02 8.544109016656875610e-02 2.129036147380247712e-06 1.068707206286489964e-06 6.067062262445688248e-03
3.400000000000000000e+04 2.078978270292282104e-01 1.003604754805564880e-02 6.680561229586601257e-03 1.310296170413494110e-02 7.546365261077880859e-02 2.742519654930219986e-06 3.165951056871563196e-07 4.313928540796041489e-03 1.756605505943298340e-01 1.185867283493280411e-02 7.489623967558145523e-03 1.126463338732719421e-02 7.546365261077880859e-02 2.742519654930219986e-06 3.165951056871563196e-07 4.313928540796041489e-03
3.420000000000000000e+04 2.085512727499008179e-01 1.016727369278669357e-02 5.774399265646934509e-03 1.326669100672006607e-02 6.751865893602371216e-02 3.250525196563103236e-06 3.214518073946237564e-08 3.058854490518569946e-03 1.794700622558593750e-01 1.188911218196153641e-02 6.492035463452339172e-03 1.105392072349786758e-02 6.751865893602371216e-02 3.250525196563103236e-06 3.214518073946237564e-08 3.058854490518569946e-03
3.440000000000000000e+04 2.078114151954650879e-01 1.059528067708015442e-02 5.017748102545738220e-03 1.350340060889720917e-02 6.119875609874725342e-02 3.647079438451328315e-06 7.366907084360718727e-09 2.173636574298143387e-03 1.820156872272491455e-01 1.221627928316593170e-02 5.580623168498277664e-03 1.095325127243995667e-02 6.119875609874725342e-02 3.647079438451328315e-06 7.366907084360718727e-09 2.173636574298143387e-03
3.460000000000000000e+04 2.065306007862091064e-01 1.103956345468759537e-02 4.093051888048648834e-03 1.381654944270849228e-02 5.607145279645919800e-02 3.887686034431681037e-06 1.455191522836685181e-09 1.552029745653271675e-03 1.840393841266632080e-01 1.250185258686542511e-02 4.628936760127544403e-03 1.096760667860507965e-02 5.607145279645919800e-02 3.887686034431681037e-06 1.455191522836685181e-09 1.552029745653271675e-03
3.480000000000000000e+04 2.048147469758987427e-01 1.154157426208257675e-02 3.385496558621525764e-03 1.417775917798280716e-02 5.187918618321418762e-02 4.237446773913688958e-06 2.811575541272759438e-07 1.106472685933113098e-03 1.855891942977905273e-01 1.282115187495946884e-02 3.958495799452066422e-03 1.106712780892848969e-02 5.187918618321418762e-02 4.237446773913688958e-06 2.811575541272759438e-07 1.106472685933113098e-03
3.500000000000000000e+04 2.016409933567047119e-01 1.250980608165264130e-02 2.854770980775356293e-03 1.444944366812705994e-02 4.843130707740783691e-02 4.332201569923199713e-06 3.384229785297065973e-07 8.048784802667796612e-04 1.855549961328506470e-01 1.383707486093044281e-02 3.173725213855504990e-03 1.111459452658891678e-02 4.843130707740783691e-02 4.332201569923199713e-06 3.384229785297065973e-07 8.048784802667796612e-04
3.520000000000000000e+04 1.988068670034408569e-01 1.330013759434223175e-02 2.435429487377405167e-03 1.475271116942167282e-02 4.545717686414718628e-02 4.484372766455635428e-06 3.725290298461914062e-07 5.835168412886559963e-04 1.857374161481857300e-01 1.460625324398279190e-02 2.655140822753310204e-03 1.122688129544258118e-02 4.545717686414718628e-02 4.484372766455635428e-06 3.725290298461914062e-07 5.835168412886559963e-04
3.540000000000000000e+04 1.959269791841506958e-01 1.406136620789766312e-02 2.181902993470430374e-03 1.503030862659215927e-02 4.289205372333526611e-02 4.639170583686791360e-06 4.558969521895051003e-07 4.236858221702277660e-04 1.856996566057205200e-01 1.537225767970085144e-02 2.305427799001336098e-03 1.134373620152473450e-02 4.289205372333526611e-02 4.639170583686791360e-06 4.558969521895051003e-07 4.236858221702277660e-04
3.560000000000000000e+04 1.933897286653518677e-01 1.463640108704566956e-02 1.930158468894660473e-03 1.529503706842660904e-02 4.063499718904495239e-02 4.788244041264988482e-06 6.633090379182249308e-07 3.050635277759283781e-04 1.858071386814117432e-01 1.591866835951805115e-02 2.046890323981642723e-03 1.147415488958358765e-02 4.063499718904495239e-02 4.788244041264988482e-06 6.633090379182249308e-07 3.050635277759283781e-04
3.580000000000000000e+04 1.908077597618103027e-01 1.517963409423828125e-02 1.891097519546747208e-03 1.550642866641283035e-02 3.870715573430061340e-02 4.963018000125885010e-06 7.664530130568891764e-07 2.198049623984843493e-04 1.856624186038970947e-01 1.647691801190376282e-02 1.958433771505951881e-03 1.157436892390251160e-02 3.870715573430061340e-02 4.963018000125885010e-06 7.664530130568891764e-07 2.198049623984843493e-04
3.600000000000000000e+04 1.886048913002014160e-01 1.553617324680089951e-02 1.868938561528921127e-03 1.568340323865413666e-02 3.698654100298881531e-02 5.190778210817370564e-06 7.465459930244833231e-07 1.564240956213325262e-04 1.856646388769149780e-01 1.682643406093120575e-02 1.946105971001088619e-03 1.165936700999736786e-02 3.698654100298881531e-02 5.190778210817370564e-06 7.465459930244833231e-07 1.564240956213325262e-04
3.620000000000000000e+04 1.865185350179672241e-01 1.581003889441490173e-02 1.964243827387690544e-03 1.580373384058475494e-02 3.549838811159133911e-02 5.372685336624272168e-06 5.849906301591545343e-07 1.094793478841893375e-04 1.855583041906356812e-01 1.711766794323921204e-02 2.028998220339417458e-03 1.170572638511657715e-02 3.549838811159133911e-02 5.372685336624272168e-06 5.849906301591545343e-07 1.094793478841893375e-04
3.640000000000000000e+04 1.846695542335510254e-01 1.594638451933860779e-02 2.076614182442426682e-03 1.587387360632419586e-02 3.421077877283096313e-02 5.548736226046457887e-06 4.714820533990859985e-07 7.529870345024392009e-05 1.854747533798217773e-01 1.726778596639633179e-02 2.149725798517465591e-03 1.171948947012424469e-02 3.421077877283096313e-02 5.548736226046457887e-06 4.714820533990859985e-07 7.529870345024392009e-05
3.660000000000000000e+04 1.829702109098434448e-01 1.599575206637382507e-02 2.223997144028544426e-03 1.588657312095165253e-02 3.309804946184158325e-02 5.720779881812632084e-06 3.725290298461914062e-07 5.124779272591695189e-05 1.853398084640502930e-01 1.734182611107826233e-02 2.298600040376186371e-03 1.169271860271692276e-02 3.309804946184158325e-02 5.720779881812632084e-06 3.725290298461914062e-07 5.124779272591695189e-05
3.680000000000000000e+04 1.814686208963394165e-01 1.594537310302257538e-02 2.349990420043468475e-03 1.584964245557785034e-02 3.212955966591835022e-02 5.890819920750800520e-06 2.954948286060243845e-07 3.448331699473783374e-05 1.852146983146667480e-01 1.730903610587120056e-02 2.444568788632750511e-03 1.163316983729600906e-02 3.212955966591835022e-02 5.890819920750800520e-06 2.954948286060243845e-07 3.448331699473783374e-05
3.700000000000000000e+04 1.800537258386611938e-01 1.585104875266551971e-02 2.488122088834643364e-03 1.575836166739463806e-02 3.129005804657936096e-02 6.044578185537829995e-06 2.273736754432320595e-07 2.329554263269528747e-05 1.850015819072723389e-01 1.724061183631420135e-02 2.593204379081726074e-03 1.153728924691677094e-02 3.129005804657936096e-02 6.044578185537829995e-06 2.273736754432320595e-07 2.329554263269528747e-05
3.720000000000000000e+04 1.786908954381942749e-01 1.573575660586357117e-02 2.635376760736107826e-03 1.561461016535758972e-02 3.055732510983943939e-02 6.195568857947364450e-06 1.558837539050728083e-07 1.630043880140874535e-05 1.846783608198165894e-01 1.715689152479171753e-02 2.741846954450011253e-03 1.140958443284034729e-02 3.055732510983943939e-02 6.195568857947364450e-06 1.558837539050728083e-07 1.630043880140874535e-05
3.740000000000000000e+04 1.774671822786331177e-01 1.556444820016622543e-02 2.717466093599796295e-03 1.543186325579881668e-02 2.989932149648666382e-02 6.334013050945941359e-06 1.026783138513565063e-07 1.221320417243987322e-05 1.843429058790206909e-01 1.698397099971771240e-02 2.871269825845956802e-03 1.126797683537006378e-02 2.989932149648666382e-02 6.334013050945941359e-06 1.026783138513565063e-07 1.221320417243987322e-05
3.760000000000000000e+04 1.760925948619842529e-01 1.545556169003248215e-02 2.880199812352657318e-03 1.518500037491321564e-02 2.931465767323970795e-02 6.427964763133786619e-06 3.352761268615722656e-08 1.086294651031494141e-05 1.837047785520553589e-01 1.689462549984455109e-02 3.033283399417996407e-03 1.109624002128839493e-02 2.931465767323970795e-02 6.427964763133786619e-06 3.352761268615722656e-08 1.086294651031494141e-05
3.780000000000000000e+04 1.746414005756378174e-01 1.534310448914766312e-02 3.070375882089138031e-03 1.487793680280447006e-02 2.877124212682247162e-02 6.701620804960839450e-06 3.059540176764130592e-09 1.214996245835209265e-05 1.828306019306182861e-01 1.677102968096733093e-02 3.233087016269564629e-03 1.091232523322105408e-02 2.877124212682247162e-02 6.701620804960839450e-06 3.059540176764130592e-09 1.214996245835209265e-05
3.800000000000000000e+04 1.731519997119903564e-01 1.512803975492715836e-02 3.263985039666295052e-03 1.450789626687765121e-02 2.821160107851028442e-02 6.486125130322761834e-06 4.205503500998020172e-09 1.637753666727803648e-05 1.817407608032226562e-01 1.645094342529773712e-02 3.496014513075351715e-03 1.073375623673200607e-02 2.821160107851028442e-02 6.486125130322761834e-06 4.205503500998020172e-09 1.637753666727803648e-05
3.820000000000000000e+04 1.713860481977462769e-01 1.470515970140695572e-02 3.605290548875927925e-03 1.403923239558935165e-02 2.768547460436820984e-02 6.386926543200388551e-06 5.820766091346740723e-11 2.523055445635691285e-05 1.801487803459167480e-01 1.581201329827308655e-02 3.914406057447195053e-03 1.054680347442626953e-02 2.768547460436820984e-02 6.386926543200388551e-06 5.820766091346740723e-11 2.523055445635691285e-05
3.840000000000000000e+04 1.693556457757949829e-01 1.385296229273080826e-02 4.041561391204595566e-03 1.350842695683240891e-02 2.734685875475406647e-02 6.346019290504045784e-06 6.726622814312577248e-09 3.494406337267719209e-05 1.780467182397842407e-01 1.459847018122673035e-02 4.466669633984565735e-03 1.036060974001884460e-02 2.734685875475406647e-02 6.346019290504045784e-06 6.726622814312577248e-09 3.494406337267719209e-05
3.860000000000000000e+04 1.671124845743179321e-01 1.272657327353954315e-02 4.371986724436283112e-03 1.302498858422040939e-02 2.740174904465675354e-02 5.805488399346359074e-06 8.381903171539306641e-09 3.874604590237140656e-05 1.755163967609405518e-01 1.309670414775609970e-02 4.914258606731891632e-03 1.018010266125202179e-02 2.740174904465675354e-02 5.805488399346359074e-06 8.381903171539306641e-09 3.874604590237140656e-05
3.880000000000000000e+04 1.649570465087890625e-01 1.170546654611825943e-02 4.413778893649578094e-03 1.267451699823141098e-02 2.760749682784080505e-02 5.024821803090162575e-06 3.352761268615722656e-08 4.086378612555563450e-05 1.729807257652282715e-01 1.181285642087459564e-02 5.028476007282733917e-03 1.001222617924213409e-02 2.760749682784080505e-02 5.024821803090162575e-06 3.352761268615722656e-08 4.086378612555563450e-05
3.900000000000000000e+04 1.630046814680099487e-01 1.093161478638648987e-02 4.347744863480329514e-03 1.244319509714841843e-02 2.764005027711391449e-02 4.324265319155529141e-06 3.637978807091712952e-10 4.233380241203121841e-05 1.706774830818176270e-01 1.091388426721096039e-02 4.949097055941820145e-03 9.850779548287391663e-03 2.764005027711391449e-02 4.324265319155529141e-06 3.637978807091712952e-10 4.233380241203121841e-05
3.920000000000000000e+04 1.615151315927505493e-01 1.020662020891904831e-02 4.039329942315816879e-03 1.233859732747077942e-02 2.749700471758842468e-02 3.968963028455618769e-06 1.178705133497714996e-09 4.323830944485962391e-05 1.689477115869522095e-01 1.003048662096261978e-02 4.694046452641487122e-03 9.739576838910579681e-03 2.749700471758842468e-02 3.968963028455618769e-06 1.178705133497714996e-09 4.323830944485962391e-05
3.940000000000000000e+04 1.599247604608535767e-01 9.641247801482677460e-03 3.936245571821928024e-03 1.225130632519721985e-02 2.724617533385753632e-02 3.422974259592592716e-06 4.456524038687348366e-09 4.513365638558752835e-05 1.672116667032241821e-01 9.432883001863956451e-03 4.543492570519447327e-03 9.594169445335865021e-03 2.724617533385753632e-02 3.422974259592592716e-06 4.456524038687348366e-09 4.513365638558752835e-05
3.960000000000000000e+04 1.585053950548171997e-01 9.083790704607963562e-03 3.822675207629799843e-03 1.221452746540307999e-02 2.693432383239269257e-02 3.060804601773270406e-06 1.285807229578495026e-07 4.781850293511524796e-05 1.657626032829284668e-01 8.831821382045745850e-03 4.408877342939376831e-03 9.460778906941413879e-03 2.693432383239269257e-02 3.060804601773270406e-06 1.285807229578495026e-07 4.781850293511524796e-05
3.980000000000000000e+04 1.571451127529144287e-01 8.548270910978317261e-03 3.770946525037288666e-03 1.220050640404224396e-02 2.657871320843696594e-02 2.711023853407823481e-06 3.725290298461914062e-07 5.229766247794032097e-05 1.644653379917144775e-01 8.271099068224430084e-03 4.327330272644758224e-03 9.319709613919258118e-03 2.657871320843696594e-02 2.711023853407823481e-06 3.725290298461914062e-07 5.229766247794032097e-05
4.000000000000000000e+04 1.559085398912429810e-01 7.997551001608371735e-03 3.682881826534867287e-03 1.222875155508518219e-02 2.621318772435188293e-02 2.453640490784891881e-06 5.336514732334762812e-07 5.405708361649885774e-05 1.633483469486236572e-01 7.673064246773719788e-03 4.244010429829359055e-03 9.196553379297256470e-03 2.621318772435188293e-02 2.453640490784891881e-06 5.336514732334762812e-07 5.405708361649885774e-05
4.020000000000000000e+04 1.546563804149627686e-01 7.472835481166839600e-03 3.669274039566516876e-03 1.226482167840003967e-02 2.586502954363822937e-02 2.043635504378471524e-06 3.123168426100164652e-07 5.798958954983390868e-05 1.622663438320159912e-01 7.127004675567150116e-03 4.215267486870288849e-03 9.060267359018325806e-03 2.586502954363822937e-02 2.043635504378471524e-06 3.123168426100164652e-07 5.798958954983390868e-05
4.040000000000000000e+04 1.534531414508819580e-01 6.963097024708986282e-03 3.660259069874882698e-03 1.232488546520471573e-02 2.553790435194969177e-02 1.700806251392350532e-06 1.231674104928970337e-07 6.041091182851232588e-05 1.612612605094909668e-01 6.597852800041437149e-03 4.195695742964744568e-03 8.929296396672725677e-03 2.553790435194969177e-02 1.700806251392350532e-06 1.231674104928970337e-07 6.041091182851232588e-05
4.060000000000000000e+04 1.523096263408660889e-01 6.466743536293506622e-03 3.669778816401958466e-03 1.238708663731813431e-02 2.521363645792007446e-02 1.389431417919695377e-06 2.046363078989088535e-08 6.355661753332242370e-05 1.603355407714843750e-01 6.087995134294033051e-03 4.191862419247627258e-03 8.787418715655803680e-03 2.521363645792007446e-02 1.389431417919695377e-06 2.046363078989088535e-08 6.355661753332242370e-05
4.080000000000000000e+04 1.512357294559478760e-01 5.988371558487415314e-03 3.682047594338655472e-03 1.245059538632631302e-02 2.489730902016162872e-02 1.128679286921396852e-06 1.760781742632389069e-09 6.669646245427429676e-05 1.594924628734588623e-01 5.597916897386312485e-03 4.191591870039701462e-03 8.637066930532455444e-03 2.489730902016162872e-02 1.128679286921396852e-06 1.760781742632389069e-09 6.669646245427429676e-05
4.100000000000000000e+04 1.502397358417510986e-01 5.532459355890750885e-03 3.696855390444397926e-03 1.250569801777601242e-02 2.457817643880844116e-02 8.959034403233090416e-07 6.726622814312577248e-09 7.012746209511533380e-05 1.587401181459426880e-01 5.131905898451805115e-03 4.195102024823427200e-03 8.471872657537460327e-03 2.457817643880844116e-02 8.959034403233090416e-07 6.726622814312577248e-09 7.012746209511533380e-05
4.120000000000000000e+04 1.493128240108489990e-01 5.112003069370985031e-03 3.699824446812272072e-03 1.256235409528017044e-02 2.427952364087104797e-02 7.155622370191849768e-07 4.980392986908555031e-09 7.064753299346193671e-05 1.580716520547866821e-01 4.704861436039209366e-03 4.190149251371622086e-03 8.304730989038944244e-03 2.427952364087104797e-02 7.155622370191849768e-07 4.980392986908555031e-09 7.064753299346193671e-05
4.140000000000000000e+04 1.484589278697967529e-01 4.718726966530084610e-03 3.701429814100265503e-03 1.259712316095829010e-02 2.398328669369220734e-02 5.109088760946178809e-07 8.185452315956354141e-10 7.109712896635755897e-05 1.574899405241012573e-01 4.308000672608613968e-03 4.183378070592880249e-03 8.116242475807666779e-03 2.398328669369220734e-02 5.109088760946178809e-07 8.185452315956354141e-10 7.109712896635755897e-05
4.160000000000000000e+04 1.476844102144241333e-01 4.354351665824651718e-03 3.672318765893578529e-03 1.261599827557802200e-02 2.369991689920425415e-02 4.336381778102804674e-07 7.968628779053688049e-08 7.213014032458886504e-05 1.570118069648742676e-01 3.935907967388629913e-03 4.147833678871393204e-03 7.915734313428401947e-03 2.369991689920425415e-02 4.336381778102804674e-07 7.968628779053688049e-08 7.213014032458886504e-05
4.180000000000000000e+04 1.468304246664047241e-01 4.061557352542877197e-03 3.845702856779098511e-03 1.259655784815549850e-02 2.343419380486011505e-02 2.384185791015625000e-07 1.309672370553016663e-08 6.965706415940076113e-05 1.564609110355377197e-01 3.691567108035087585e-03 4.235977306962013245e-03 7.679611444473266602e-03 2.343419380486011505e-02 2.384185791015625000e-07 1.309672370553016663e-08 6.965706415940076113e-05
4.200000000000000000e+04 1.464746594429016113e-01 3.716958453878760338e-03 3.613153006881475449e-03 1.267906744033098221e-02 2.311897277832031250e-02 1.891166903078556061e-07 9.462382877245545387e-09 6.402887083822861314e-05 1.565053313970565796e-01 3.247149055823683739e-03 4.196549765765666962e-03 7.554230280220508575e-03 2.311897277832031250e-02 1.891166903078556061e-07 9.462382877245545387e-09 6.402887083822861314e-05
4.220000000000000000e+04 1.456739157438278198e-01 3.469662042334675789e-03 3.567727049812674522e-03 1.264143362641334534e-02 2.291336096823215485e-02 1.066894128598505631e-07 1.682201400399208069e-08 6.093833872000686824e-05 1.560574769973754883e-01 3.061171388253569603e-03 4.043843597173690796e-03 7.329012267291545868e-03 2.291336096823215485e-02 1.066894128598505631e-07 1.682201400399208069e-08 6.093833872000686824e-05
4.240000000000000000e+04 1.449402421712875366e-01 3.266757819801568985e-03 3.674785839393734932e-03 1.260426826775074005e-02 2.274937368929386139e-02 6.878053682157769799e-08 2.101296558976173401e-08 5.796780169475823641e-05 1.556957662105560303e-01 2.901191124692559242e-03 4.078095313161611557e-03 7.121250499039888382e-03 2.274937368929386139e-02 6.878053682157769799e-08 2.101296558976173401e-08 5.796780169475823641e-05
4.260000000000000000e+04 1.444707661867141724e-01 3.040979849174618721e-03 3.494516480714082718e-03 1.261628232896327972e-02 2.254872769117355347e-02 4.502567207964602858e-08 3.274180926382541656e-09 5.265690560918301344e-05 1.556523740291595459e-01 2.651524497196078300e-03 3.962945658713579178e-03 6.982159800827503204e-03 2.254872769117355347e-02 4.502567207964602858e-08 3.274180926382541656e-09 5.265690560918301344e-05
4.280000000000000000e+04 1.439611315727233887e-01 2.865044632926583290e-03 3.440555185079574585e-03 1.259529963135719299e-02 2.239372394979000092e-02 3.062473297177348286e-08 8.967253961600363255e-08 4.917998376186005771e-05 1.555540710687637329e-01 2.472828142344951630e-03 3.930820152163505554e-03 6.836531218141317368e-03 2.239372394979000092e-02 3.062473297177348286e-08 8.967253961600363255e-08 4.917998376186005771e-05
4.300000000000000000e+04 1.433758437633514404e-01 2.732973080128431320e-03 3.474258584901690483e-03 1.253264117985963821e-02 2.226617932319641113e-02 2.459273673593997955e-09 1.584703568369150162e-08 4.571212411974556744e-05 1.553522348403930664e-01 2.378972712904214859e-03 3.931588493287563324e-03 6.673980504274368286e-03 2.226617932319641113e-02 2.459273673593997955e-09 1.584703568369150162e-08 4.571212411974556744e-05
4.320000000000000000e+04 1.429864317178726196e-01 2.598039805889129639e-03 3.402632428333163261e-03 1.248529180884361267e-02 2.212714962661266327e-02 3.842615114990621805e-11 4.714820533990859985e-09 4.239587360643781722e-05 1.553501486778259277e-01 2.231717342510819435e-03 3.904759883880615234e-03 6.551866419613361359e-03 2.212714962661266327e-02 3.842615114990621805e-11 4.714820533990859985e-09 4.239587360643781722e-05
4.340000000000000000e+04 1.423821449279785156e-01 2.539422828704118729e-03 3.603306133300065994e-03 1.235254667699337006e-02 2.205061167478561401e-02 1.925423021020833403e-08 5.151741788722574711e-08 4.167862425674684346e-05 1.550677716732025146e-01 2.243793336674571037e-03 4.024333786219358444e-03 6.372489966452121735e-03 2.205061167478561401e-02 1.925423021020833403e-08 5.151741788722574711e-08 4.167862425674684346e-05
4.360000000000000000e+04 1.420402377843856812e-01 2.421376528218388557e-03 3.433401929214596748e-03 1.225831918418407440e-02 2.196597121655941010e-02 1.387184056511614472e-08 9.081850294023752213e-08 4.048668779432773590e-05 1.550530642271041870e-01 2.108843065798282623e-03 3.888610284775495529e-03 6.250314880162477493e-03 2.196597121655941010e-02 1.387184056511614472e-08 9.081850294023752213e-08 4.048668779432773590e-05
4.380000000000000000e+04 1.417698115110397339e-01 2.330063143745064735e-03 3.345862962305545807e-03 1.215189229696989059e-02 2.184247039258480072e-02 2.963156475743744522e-08 1.100488589145243168e-08 3.780206316150724888e-05 1.551003009080886841e-01 2.003540983423590660e-03 3.843647195026278496e-03 6.131712812930345535e-03 2.184247039258480072e-02 2.963156475743744522e-08 1.100488589145243168e-08 3.780206316150724888e-05
4.400000000000000000e+04 1.413680464029312134e-01 2.270552329719066620e-03 3.356916131451725960e-03 1.199072040617465973e-02 2.178598754107952118e-02 4.421985977387521416e-08 3.283275873400270939e-08 3.732278491952456534e-05 1.549597978591918945e-01 1.969690667465329170e-03 3.826258704066276550e-03 5.977920722216367722e-03 2.178598754107952118e-02 4.421985977387521416e-08 3.283275873400270939e-08 3.732278491952456534e-05
4.420000000000000000e+04 1.410752236843109131e-01 2.208535093814134598e-03 3.327657002955675125e-03 1.183261536061763763e-02 2.169620245695114136e-02 7.439302862621843815e-08 7.697963155806064606e-09 3.577768802642822266e-05 1.549244821071624756e-01 1.916473614983260632e-03 3.800100414082407951e-03 5.837519653141498566e-03 2.169620245695114136e-02 7.439302862621843815e-08 7.697963155806064606e-09 3.577768802642822266e-05
4.440000000000000000e+04 1.408077925443649292e-01 2.151974476873874664e-03 3.295287024229764938e-03 1.165998168289661407e-02 2.161101996898651123e-02 1.005503236228832975e-07 2.852175384759902954e-09 3.448891584412194788e-05 1.548937857151031494e-01 1.866798265837132931e-03 3.768604481592774391e-03 5.693933460861444473e-03 2.161101996898651123e-02 1.005503236228832975e-07 2.852175384759902954e-09 3.448891584412194788e-05
4.460000000000000000e+04 1.405310928821563721e-01 2.105238614603877068e-03 3.289526794105768204e-03 1.147000771015882492e-02 2.153828367590904236e-02 1.241735390067333356e-07 2.753586159087717533e-08 3.365393058629706502e-05 1.548349261283874512e-01 1.836630748584866524e-03 3.749112132936716080e-03 5.541454534977674484e-03 2.153828367590904236e-02 1.241735390067333356e-07 2.753586159087717533e-08 3.365393058629706502e-05
4.480000000000000000e+04 1.403454691171646118e-01 2.047765301540493965e-03 3.222359577193856239e-03 1.129091344773769379e-02 2.144513651728630066e-02 1.451555817766347900e-07 4.205503500998020172e-09 3.196611214661970735e-05 1.548585146665573120e-01 1.771804410964250565e-03 3.695926629006862640e-03 5.405484233051538467e-03 2.144513651728630066e-02 1.451555817766347900e-07 4.205503500998020172e-09 3.196611214661970735e-05
4.500000000000000000e+04 1.401314437389373779e-01 2.000316744670271873e-03 3.185647074133157730e-03 1.109570451080799103e-02 2.137424796819686890e-02 1.581511241965927184e-07 6.115442374721169472e-09 3.124234353890642524e-05 1.548364758491516113e-01 1.728406292386353016e-03 3.654087195172905922e-03 5.259767174720764160e-03 2.137424796819686890e-02 1.581511241965927184e-07 6.115442374721169472e-09 3.124234353890642524e-05
4.500000000000000000e+04 1.401314437389373779e-01 2.000316744670271873e-03 3.185647074133157730e-03 1.109570451080799103e-02 2.137424796819686890e-02 1.581511241965927184e-07 6.115442374721169472e-09 3.124234353890642524e-05 1.548364758491516113e-01 1.728406292386353016e-03 3.654087195172905922e-03 5.259767174720764160e-03 2.137424796819686890e-02 1.581511241965927184e-07 6.115442374721169472e-09 3.124234353890642524e-05
4.501700000000000000e+04 1.401314437389373779e-01 2.000316744670271873e-03 3.185647074133157730e-03 1.109570451080799103e-02 2.137424796819686890e-02 1.581511241965927184e-07 6.115442374721169472e-09 3.124234353890642524e-05 1.548364758491516113e-01 1.728406292386353016e-03 3.654087195172905922e-03 5.259767174720764160e-03 2.137424796819686890e-02 1.581511241965927184e-07 6.115442374721169472e-09 3.124234353890642524e-05
