# x
0.000000000000000000e+00
0.000000000000000000e+00
0.000000000000000000e+00
0.000000000000000000e+00
0.000000000000000000e+00
0.000000000000000000e+00
0.000000000000000000e+00
0.000000000000000000e+00
0.000000000000000000e+00
0.000000000000000000e+00
0.000000000000000000e+00
0.000000000000000000e+00
0.000000000000000000e+00
0.000000000000000000e+00
0.000000000000000000e+00
0.000000000000000000e+00
0.000000000000000000e+00
0.000000000000000000e+00
0.000000000000000000e+00
0.000000000000000000e+00
0.000000000000000000e+00
0.000000000000000000e+00
0.000000000000000000e+00
0.000000000000000000e+00
0.000000000000000000e+00
0.000000000000000000e+00
0.000000000000000000e+00
0.000000000000000000e+00
0.000000000000000000e+00
0.000000000000000000e+00
0.000000000000000000e+00
0.000000000000000000e+00
0.000000000000000000e+00
0.000000000000000000e+00
0.000000000000000000e+00
0.000000000000000000e+00
0.000000000000000000e+00
0.000000000000000000e+00
0.000000000000000000e+00
0.000000000000000000e+00
0.000000000000000000e+00
0.000000000000000000e+00
0.000000000000000000e+00
0.000000000000000000e+00
0.000000000000000000e+00
0.000000000000000000e+00
0.000000000000000000e+00
0.000000000000000000e+00
0.000000000000000000e+00
0.000000000000000000e+00
0.000000000000000000e+00
0.000000000000000000e+00
0.000000000000000000e+00
0.000000000000000000e+00
0.000000000000000000e+00
0.000000000000000000e+00
0.000000000000000000e+00
0.000000000000000000e+00
0.000000000000000000e+00
0.000000000000000000e+00
0.000000000000000000e+00
0.000000000000000000e+00
0.000000000000000000e+00
0.000000000000000000e+00
0.000000000000000000e+00
0.000000000000000000e+00
0.000000000000000000e+00
0.000000000000000000e+00
0.000000000000000000e+00
0.000000000000000000e+00
0.000000000000000000e+00
0.000000000000000000e+00
0.000000000000000000e+00
0.000000000000000000e+00
0.000000000000000000e+00
0.000000000000000000e+00
0.000000000000000000e+00
0.000000000000000000e+00
0.000000000000000000e+00
0.000000000000000000e+00
0.000000000000000000e+00
0.000000000000000000e+00
0.000000000000000000e+00
0.000000000000000000e+00
0.000000000000000000e+00
0.000000000000000000e+00
0.000000000000000000e+00
0.000000000000000000e+00
0.000000000000000000e+00
0.000000000000000000e+00
0.000000000000000000e+00
0.000000000000000000e+00
0.000000000000000000e+00
0.000000000000000000e+00
0.000000000000000000e+00
0.000000000000000000e+00
0.000000000000000000e+00
0.000000000000000000e+00
0.000000000000000000e+00
0.000000000000000000e+00
0.000000000000000000e+00
0.000000000000000000e+00
0.000000000000000000e+00
0.000000000000000000e+00
0.000000000000000000e+00
0.000000000000000000e+00
0.000000000000000000e+00
0.000000000000000000e+00
0.000000000000000000e+00
0.000000000000000000e+00
0.000000000000000000e+00
0.000000000000000000e+00
0.000000000000000000e+00
0.000000000000000000e+00
0.000000000000000000e+00
0.000000000000000000e+00
0.000000000000000000e+00
0.000000000000000000e+00
0.000000000000000000e+00
0.000000000000000000e+00
-9.000000000000000000e+00
0.000000000000000000e+00
-9.000000000000000000e+00
0.000000000000000000e+00
-9.000000000000000000e+00
0.000000000000000000e+00
0.000000000000000000e+00
0.000000000000000000e+00
-9.000000000000000000e+00
0.000000000000000000e+00
-9.000000000000000000e+00
-9.000000000000000000e+00
-9.000000000000000000e+00
-9.000000000000000000e+00
0.000000000000000000e+00
-9.000000000000000000e+00
0.000000000000000000e+00
-9.000000000000000000e+00
0.000000000000000000e+00
-9.000000000000000000e+00
-9.000000000000000000e+00
0.000000000000000000e+00
-9.000000000000000000e+00
-9.000000000000000000e+00
-9.000000000000000000e+00
-9.000000000000000000e+00
-9.000000000000000000e+00
-9.000000000000000000e+00
-9.000000000000000000e+00
-9.000000000000000000e+00
0.000000000000000000e+00
-9.000000000000000000e+00
0.000000000000000000e+00
-9.000000000000000000e+00
0.000000000000000000e+00
0.000000000000000000e+00
0.000000000000000000e+00
-9.000000000000000000e+00
-9.000000000000000000e+00
0.000000000000000000e+00
-9.000000000000000000e+00
-9.000000000000000000e+00
0.000000000000000000e+00
-9.000000000000000000e+00
0.000000000000000000e+00
0.000000000000000000e+00
-9.000000000000000000e+00
0.000000000000000000e+00
-9.000000000000000000e+00
-9.000000000000000000e+00
-9.000000000000000000e+00
-9.000000000000000000e+00
0.000000000000000000e+00
-9.000000000000000000e+00
-9.000000000000000000e+00
-9.000000000000000000e+00
0.000000000000000000e+00
0.000000000000000000e+00
-9.000000000000000000e+00
-9.000000000000000000e+00
-9.000000000000000000e+00
-9.000000000000000000e+00
-9.000000000000000000e+00
0.000000000000000000e+00
-9.000000000000000000e+00
0.000000000000000000e+00
0.000000000000000000e+00
-9.000000000000000000e+00
0.000000000000000000e+00
-9.000000000000000000e+00
0.000000000000000000e+00
0.000000000000000000e+00
-9.000000000000000000e+00
0.000000000000000000e+00
-9.000000000000000000e+00
-9.000000000000000000e+00
-9.000000000000000000e+00
-9.000000000000000000e+00
-9.000000000000000000e+00
-9.000000000000000000e+00
-4.500000000000000000e+00
-2.250000000000000000e+00
-6.750000000000000000e+00
-1.125000000000000000e+00
-5.625000000000000000e+00
-3.375000000000000000e+00
-7.875000000000000000e+00
-5.625000000000000000e-01
-5.062500000000000000e+00
-2.812500000000000000e+00
-7.312500000000000000e+00
-1.687500000000000000e+00
-6.187500000000000000e+00
-3.937500000000000000e+00
-8.437500000000000000e+00
-2.812500000000000000e-01
-4.781250000000000000e+00
-2.531250000000000000e+00
-7.031250000000000000e+00
-1.406250000000000000e+00
-5.906250000000000000e+00
-3.656250000000000000e+00
-8.156250000000000000e+00
-8.437500000000000000e-01
-5.343750000000000000e+00
-3.093750000000000000e+00
-7.593750000000000000e+00
-1.968750000000000000e+00
-6.468750000000000000e+00
-4.218750000000000000e+00
-8.718750000000000000e+00
-1.406250000000000000e-01
-4.640625000000000000e+00
-2.390625000000000000e+00
-6.890625000000000000e+00
-1.265625000000000000e+00
-5.765625000000000000e+00
-3.515625000000000000e+00
-8.015625000000000000e+00
-7.031250000000000000e-01
-5.203125000000000000e+00
-2.953125000000000000e+00
-7.453125000000000000e+00
-1.828125000000000000e+00
-6.328125000000000000e+00
-4.078125000000000000e+00
-8.578125000000000000e+00
-4.218750000000000000e-01
-4.921875000000000000e+00
-2.671875000000000000e+00
-7.171875000000000000e+00
-1.546875000000000000e+00
-6.046875000000000000e+00
-3.796875000000000000e+00
-8.296875000000000000e+00
-9.843750000000000000e-01
-5.484375000000000000e+00
-3.234375000000000000e+00
-7.734375000000000000e+00
-2.109375000000000000e+00
-6.609375000000000000e+00
-4.359375000000000000e+00
-8.859375000000000000e+00
-7.031250000000000000e-02
-4.570312500000000000e+00
-2.320312500000000000e+00
-6.820312500000000000e+00
-1.195312500000000000e+00
-5.695312500000000000e+00
-3.445312500000000000e+00
-7.945312500000000000e+00
-6.328125000000000000e-01
-5.132812500000000000e+00
-2.882812500000000000e+00
-7.382812500000000000e+00
-1.757812500000000000e+00
-6.257812500000000000e+00
-4.007812500000000000e+00
-8.507812500000000000e+00
-3.515625000000000000e-01
-4.851562500000000000e+00
-2.601562500000000000e+00
-7.101562500000000000e+00
-1.476562500000000000e+00
-5.976562500000000000e+00
-3.726562500000000000e+00
-8.226562500000000000e+00
-9.140625000000000000e-01
-5.414062500000000000e+00
-3.164062500000000000e+00
-7.664062500000000000e+00
-2.039062500000000000e+00
-6.539062500000000000e+00
-4.289062500000000000e+00
-8.789062500000000000e+00
-2.109375000000000000e-01
-4.710937500000000000e+00
-2.460937500000000000e+00
-6.960937500000000000e+00
-1.335937500000000000e+00
-5.835937500000000000e+00
-3.585937500000000000e+00
-8.085937500000000000e+00
-7.734375000000000000e-01
-5.273437500000000000e+00
-3.023437500000000000e+00
-7.523437500000000000e+00
-1.898437500000000000e+00
-6.398437500000000000e+00
-4.148437500000000000e+00
-8.648437500000000000e+00
-4.921875000000000000e-01
-4.992187500000000000e+00
-2.742187500000000000e+00
-7.242187500000000000e+00
-1.617187500000000000e+00
-6.117187500000000000e+00
-3.867187500000000000e+00
-8.367187500000000000e+00
-1.054687500000000000e+00
-5.554687500000000000e+00
-3.304687500000000000e+00
-7.804687500000000000e+00
-2.179687500000000000e+00
-6.679687500000000000e+00
-4.429687500000000000e+00
-8.929687500000000000e+00
-3.515625000000000000e-02
-4.535156250000000000e+00
-2.285156250000000000e+00
-6.785156250000000000e+00
-1.160156250000000000e+00
-5.660156250000000000e+00
-3.410156250000000000e+00
-7.910156250000000000e+00
-5.976562500000000000e-01
-5.097656250000000000e+00
-2.847656250000000000e+00
-7.347656250000000000e+00
-1.722656250000000000e+00
-6.222656250000000000e+00
-3.972656250000000000e+00
-8.472656250000000000e+00
-3.164062500000000000e-01
-4.816406250000000000e+00
-2.566406250000000000e+00
-7.066406250000000000e+00
-1.441406250000000000e+00
-5.941406250000000000e+00
-3.691406250000000000e+00
-8.191406250000000000e+00
-8.789062500000000000e-01
-5.378906250000000000e+00
-3.128906250000000000e+00
-7.628906250000000000e+00
-2.003906250000000000e+00
-6.503906250000000000e+00
-4.253906250000000000e+00
-8.753906250000000000e+00
-1.757812500000000000e-01
-4.675781250000000000e+00
-2.425781250000000000e+00
-6.925781250000000000e+00
-1.300781250000000000e+00
-5.800781250000000000e+00
-3.550781250000000000e+00
-8.050781250000000000e+00
-7.382812500000000000e-01
-5.238281250000000000e+00
-2.988281250000000000e+00
-7.488281250000000000e+00
-1.863281250000000000e+00
-6.363281250000000000e+00
-4.113281250000000000e+00
-8.613281250000000000e+00
-4.570312500000000000e-01
-4.957031250000000000e+00
-2.707031250000000000e+00
-7.207031250000000000e+00
-1.582031250000000000e+00
-6.082031250000000000e+00
-3.832031250000000000e+00
-8.332031250000000000e+00
-1.019531250000000000e+00
-5.519531250000000000e+00
-3.269531250000000000e+00
-7.769531250000000000e+00
-2.144531250000000000e+00
-6.644531250000000000e+00
-4.394531250000000000e+00
-8.894531250000000000e+00
-1.054687500000000000e-01
-4.605468750000000000e+00
-2.355468750000000000e+00
-6.855468750000000000e+00
-1.230468750000000000e+00
-5.730468750000000000e+00
-3.480468750000000000e+00
-7.980468750000000000e+00
-6.679687500000000000e-01
-5.167968750000000000e+00
-2.917968750000000000e+00
-7.417968750000000000e+00
-1.792968750000000000e+00
-6.292968750000000000e+00
-4.042968750000000000e+00
-8.542968750000000000e+00
-3.867187500000000000e-01
-4.886718750000000000e+00
-2.636718750000000000e+00
-7.136718750000000000e+00
-1.511718750000000000e+00
-6.011718750000000000e+00
-3.761718750000000000e+00
-8.261718750000000000e+00
-9.492187500000000000e-01
-5.449218750000000000e+00
-3.199218750000000000e+00
-7.699218750000000000e+00
-2.074218750000000000e+00
-6.574218750000000000e+00
-4.324218750000000000e+00
-8.824218750000000000e+00
-2.460937500000000000e-01
-4.746093750000000000e+00
-2.496093750000000000e+00
-6.996093750000000000e+00
-1.371093750000000000e+00
-5.871093750000000000e+00
-3.621093750000000000e+00
-8.121093750000000000e+00
-8.085937500000000000e-01
-5.308593750000000000e+00
-3.058593750000000000e+00
-7.558593750000000000e+00
-1.933593750000000000e+00
-6.433593750000000000e+00
-4.183593750000000000e+00
-8.683593750000000000e+00
-5.273437500000000000e-01
-5.027343750000000000e+00
-2.777343750000000000e+00
-7.277343750000000000e+00
-1.652343750000000000e+00
-6.152343750000000000e+00
-3.902343750000000000e+00
-8.402343750000000000e+00
-1.089843750000000000e+00
-5.589843750000000000e+00
-3.339843750000000000e+00
-7.839843750000000000e+00
-2.214843750000000000e+00
-6.714843750000000000e+00
-4.464843750000000000e+00
-8.964843750000000000e+00
-1.757812500000000000e-02
-4.517578125000000000e+00
-2.267578125000000000e+00
-6.767578125000000000e+00
-1.142578125000000000e+00
-5.642578125000000000e+00
-3.392578125000000000e+00
-7.892578125000000000e+00
-5.800781250000000000e-01
-5.080078125000000000e+00
-2.830078125000000000e+00
-7.330078125000000000e+00
-1.705078125000000000e+00
-6.205078125000000000e+00
-3.955078125000000000e+00
-8.455078125000000000e+00
-2.988281250000000000e-01
-4.798828125000000000e+00
-2.548828125000000000e+00
-7.048828125000000000e+00
-1.423828125000000000e+00
-5.923828125000000000e+00
-3.673828125000000000e+00
-8.173828125000000000e+00
-8.613281250000000000e-01
-5.361328125000000000e+00
-3.111328125000000000e+00
-7.611328125000000000e+00
-1.986328125000000000e+00
-6.486328125000000000e+00
-4.236328125000000000e+00
-8.736328125000000000e+00
-1.582031250000000000e-01
-4.658203125000000000e+00
-2.408203125000000000e+00
-6.908203125000000000e+00
-1.283203125000000000e+00
-5.783203125000000000e+00
-3.533203125000000000e+00
-8.033203125000000000e+00
-7.207031250000000000e-01
-5.220703125000000000e+00
-2.970703125000000000e+00
-7.470703125000000000e+00
-1.845703125000000000e+00
