# step, loss_train, loss_test, metrics_test
0.000000000000000000e+00 5.215292453765869141e+00 1.435475616455078125e+02 1.833019531250000000e+03 3.864153861999511719e+00 1.322499990463256836e+00 3.600000000000000000e+01 4.579599914550781250e+02 1.000000000000000000e+00 5.213804721832275391e+00 1.435418548583984375e+02 1.833028320312500000e+03 3.876031398773193359e+00 1.322499990463256836e+00 3.600000000000000000e+01 4.579599914550781250e+02 1.000000000000000000e+00
2.000000000000000000e+03 1.592436408996582031e+01 8.518711090087890625e+00 1.076376914978027344e+01 2.561883211135864258e+00 7.227867245674133301e-01 1.030288791656494141e+01 2.820071220397949219e+01 3.551195526123046875e+01 1.635389328002929688e+01 6.282398223876953125e+00 1.074628257751464844e+01 2.361024618148803711e+00 7.227867245674133301e-01 1.030288791656494141e+01 2.820071220397949219e+01 3.551195526123046875e+01
4.000000000000000000e+03 5.552066326141357422e+00 7.711939215660095215e-01 2.294082880020141602e+00 5.833101749420166016e+00 1.054989933967590332e+00 2.502234466373920441e-02 1.712821960449218750e+00 4.462645053863525391e+00 5.706067562103271484e+00 5.835565924644470215e-01 1.601529955863952637e+00 4.927844047546386719e+00 1.054989933967590332e+00 2.502234466373920441e-02 1.712821960449218750e+00 4.462645053863525391e+00
6.000000000000000000e+03 2.054017305374145508e+00 4.407701194286346436e-01 1.537241697311401367e+00 5.734744071960449219e+00 1.172126054763793945e+00 4.807604476809501648e-03 3.564637899398803711e-01 2.581200599670410156e+00 2.071759939193725586e+00 3.647845983505249023e-01 8.872464895248413086e-01 4.694980621337890625e+00 1.172126054763793945e+00 4.807604476809501648e-03 3.564637899398803711e-01 2.581200599670410156e+00
8.000000000000000000e+03 1.185632705688476562e+00 2.646524608135223389e-01 1.004169940948486328e+00 5.255456924438476562e+00 1.265205860137939453e+00 5.853991955518722534e-03 1.515035331249237061e-01 2.037908077239990234e+00 1.168715834617614746e+00 2.001020759344100952e-01 5.416816473007202148e-01 4.236564159393310547e+00 1.265205860137939453e+00 5.853991955518722534e-03 1.515035331249237061e-01 2.037908077239990234e+00
1.000000000000000000e+04 9.557984471321105957e-01 1.915079802274703979e-01 7.306654453277587891e-01 4.750448226928710938e+00 1.300919055938720703e+00 7.977328263223171234e-03 9.213724732398986816e-02 1.724484205245971680e+00 9.279024004936218262e-01 1.269849389791488647e-01 3.859722912311553955e-01 3.791769981384277344e+00 1.300919055938720703e+00 7.977328263223171234e-03 9.213724732398986816e-02 1.724484205245971680e+00
1.200000000000000000e+04 8.813766837120056152e-01 1.646214276552200317e-01 5.909025669097900391e-01 4.296547889709472656e+00 1.309817790985107422e+00 9.389515034854412079e-03 7.049889862537384033e-02 1.495261430740356445e+00 8.476962447166442871e-01 1.027123481035232544e-01 3.130394518375396729e-01 3.406078338623046875e+00 1.309817790985107422e+00 9.389515034854412079e-03 7.049889862537384033e-02 1.495261430740356445e+00
1.400000000000000000e+04 8.529993891716003418e-01 1.511733084917068481e-01 5.052426457405090332e-01 3.907092571258544922e+00 1.306622862815856934e+00 1.013912539929151535e-02 6.120501458644866943e-02 1.314361333847045898e+00 8.145756125450134277e-01 9.368447214365005493e-02 2.717010378837585449e-01 3.084250926971435547e+00 1.306622862815856934e+00 1.013912539929151535e-02 6.120501458644866943e-02 1.314361333847045898e+00
1.600000000000000000e+04 8.423153758049011230e-01 1.415181756019592285e-01 4.429844915866851807e-01 3.573891878128051758e+00 1.295824170112609863e+00 1.055448874831199646e-02 5.623840540647506714e-02 1.166199564933776855e+00 7.992237210273742676e-01 8.880966156721115112e-02 2.434119731187820435e-01 2.816091299057006836e+00 1.295824170112609863e+00 1.055448874831199646e-02 5.623840540647506714e-02 1.166199564933776855e+00
1.800000000000000000e+04 8.403246402740478516e-01 1.335697621107101440e-01 3.972710072994232178e-01 3.285109519958496094e+00 1.279653310775756836e+00 1.096540410071611404e-02 5.324516072869300842e-02 1.040891289710998535e+00 7.925027012825012207e-01 8.534712344408035278e-02 2.239691168069839478e-01 2.589361906051635742e+00 1.279653310775756836e+00 1.096540410071611404e-02 5.324516072869300842e-02 1.040891289710998535e+00
2.000000000000000000e+04 8.430219292640686035e-01 1.265010684728622437e-01 3.646036088466644287e-01 3.031640768051147461e+00 1.260047554969787598e+00 1.150659751147031784e-02 5.140578374266624451e-02 9.328284263610839844e-01 7.905278801918029785e-01 8.227749168872833252e-02 2.110886275768280029e-01 2.394709825515747070e+00 1.260047554969787598e+00 1.150659751147031784e-02 5.140578374266624451e-02 9.328284263610839844e-01
2.200000000000000000e+04 8.480837941169738770e-01 1.198410168290138245e-01 3.415122330188751221e-01 2.807236194610595703e+00 1.238611459732055664e+00 1.215968839824199677e-02 5.028413981199264526e-02 8.386592268943786621e-01 7.911281585693359375e-01 7.913573831319808960e-02 2.026757746934890747e-01 2.225646495819091797e+00 1.238611459732055664e+00 1.215968839824199677e-02 5.028413981199264526e-02 8.386592268943786621e-01
2.400000000000000000e+04 8.541401624679565430e-01 1.134666427969932556e-01 3.249683976173400879e-01 2.607388973236083984e+00 1.216375112533569336e+00 1.286128628998994827e-02 4.952570423483848572e-02 7.561640143394470215e-01 7.930270433425903320e-01 7.586631178855895996e-02 1.970823109149932861e-01 2.077518224716186523e+00 1.216375112533569336e+00 1.286128628998994827e-02 4.952570423483848572e-02 7.561640143394470215e-01
2.600000000000000000e+04 8.604245781898498535e-01 1.073169112205505371e-01 3.120875358581542969e-01 2.428699254989624023e+00 1.193894028663635254e+00 1.352782174944877625e-02 4.886237531900405884e-02 6.838253140449523926e-01 7.954916357994079590e-01 7.248754799365997314e-02 1.927055418491363525e-01 1.946876645088195801e+00 1.193894028663635254e+00 1.352782174944877625e-02 4.886237531900405884e-02 6.838253140449523926e-01
2.800000000000000000e+04 8.665186762809753418e-01 1.016113087534904480e-01 3.015582263469696045e-01 2.268327713012695312e+00 1.171488761901855469e+00 1.411710493266582489e-02 4.813151806592941284e-02 6.201703548431396484e-01 7.981029152870178223e-01 6.927806884050369263e-02 1.889734119176864624e-01 1.830911040306091309e+00 1.171488761901855469e+00 1.411710493266582489e-02 4.813151806592941284e-02 6.201703548431396484e-01
3.000000000000000000e+04 8.722639679908752441e-01 9.635443240404129028e-02 2.919487655162811279e-01 2.123965978622436523e+00 1.149263024330139160e+00 1.457813195884227753e-02 4.721781238913536072e-02 5.641317963600158691e-01 8.006863594055175781e-01 6.629399210214614868e-02 1.851538568735122681e-01 1.727388143539428711e+00 1.149263024330139160e+00 1.457813195884227753e-02 4.721781238913536072e-02 5.641317963600158691e-01
3.200000000000000000e+04 8.775182962417602539e-01 9.164419770240783691e-02 2.829112708568572998e-01 1.993635058403015137e+00 1.127352714538574219e+00 1.490314025431871414e-02 4.610130563378334045e-02 5.146248936653137207e-01 8.030834197998046875e-01 6.365900486707687378e-02 1.812113225460052490e-01 1.634437203407287598e+00 1.127352714538574219e+00 1.490314025431871414e-02 4.610130563378334045e-02 5.146248936653137207e-01
3.400000000000000000e+04 8.823083639144897461e-01 8.739265799522399902e-02 2.740173041820526123e-01 1.875666260719299316e+00 1.105769038200378418e+00 1.508742198348045349e-02 4.477024823427200317e-02 4.708146750926971436e-01 8.053086400032043457e-01 6.131912395358085632e-02 1.769978404045104980e-01 1.550529003143310547e+00 1.105769038200378418e+00 1.508742198348045349e-02 4.477024823427200317e-02 4.708146750926971436e-01
3.600000000000000000e+04 8.866096735000610352e-01 8.351857960224151611e-02 2.651592791080474854e-01 1.768671989440917969e+00 1.084579706192016602e+00 1.514346711337566376e-02 4.324979335069656372e-02 4.319085180759429932e-01 8.073329925537109375e-01 5.921395495533943176e-02 1.725453436374664307e-01 1.474422931671142578e+00 1.084579706192016602e+00 1.514346711337566376e-02 4.324979335069656372e-02 4.319085180759429932e-01
3.800000000000000000e+04 8.904544711112976074e-01 7.989733666181564331e-02 2.561365664005279541e-01 1.671408534049987793e+00 1.063804388046264648e+00 1.507430523633956909e-02 4.155706986784934998e-02 3.972988724708557129e-01 8.091834783554077148e-01 5.724127590656280518e-02 1.677911579608917236e-01 1.405063867568969727e+00 1.063804388046264648e+00 1.507430523633956909e-02 4.155706986784934998e-02 3.972988724708557129e-01
4.000000000000000000e+04 8.938784599304199219e-01 7.645002007484436035e-02 2.470113188028335571e-01 1.582817077636718750e+00 1.043465375900268555e+00 1.489894930273294449e-02 3.975273296236991882e-02 3.663945198059082031e-01 8.108946681022644043e-01 5.533752962946891785e-02 1.628152430057525635e-01 1.341587901115417480e+00 1.043465375900268555e+00 1.489894930273294449e-02 3.975273296236991882e-02 3.663945198059082031e-01
4.200000000000000000e+04 8.968970775604248047e-01 7.313589751720428467e-02 2.378662377595901489e-01 1.501937031745910645e+00 1.023605704307556152e+00 1.463587768375873566e-02 3.787402808666229248e-02 3.387306928634643555e-01 8.124809861183166504e-01 5.347335338592529297e-02 1.576944589614868164e-01 1.283259272575378418e+00 1.023605704307556152e+00 1.463587768375873566e-02 3.787402808666229248e-02 3.387306928634643555e-01
4.400000000000000000e+04 8.995281457901000977e-01 6.990783661603927612e-02 2.286234945058822632e-01 1.427931308746337891e+00 1.004241228103637695e+00 1.430217735469341278e-02 3.594888001680374146e-02 3.139053583145141602e-01 8.139508962631225586e-01 5.160671845078468323e-02 1.523884832859039307e-01 1.229461073875427246e+00 1.004241228103637695e+00 1.430217735469341278e-02 3.594888001680374146e-02 3.139053583145141602e-01
4.500000000000000000e+04 9.006832838058471680e-01 6.836180388927459717e-02 2.241715043783187866e-01 1.393256664276123047e+00 9.947705864906311035e-01 1.412163767963647842e-02 3.499621525406837463e-02 3.024137914180755615e-01 8.146244287490844727e-01 5.070708319544792175e-02 1.498056501150131226e-01 1.204083442687988281e+00 9.947705864906311035e-01 1.412163767963647842e-02 3.499621525406837463e-02 3.024137914180755615e-01
