# step, loss_train, loss_test, metrics_test
0.000000000000000000e+00 6.434980869293212891e+00 1.630548248291015625e+02 1.738432861328125000e+03 3.881608009338378906e+00 1.322499990463256836e+00 3.600000000000000000e+01 4.579599914550781250e+02 1.000000000000000000e+00 6.454091548919677734e+00 1.633686981201171875e+02 1.736912597656250000e+03 3.885740518569946289e+00 1.322499990463256836e+00 3.600000000000000000e+01 4.579599914550781250e+02 1.000000000000000000e+00
2.000000000000000000e+03 1.278109550476074219e+00 1.283817410469055176e+00 6.672918200492858887e-01 3.114655494689941406e+00 7.551215887069702148e-01 1.807256042957305908e-02 1.578508913516998291e-01 2.319743156433105469e+00 1.252122759819030762e+00 1.206069111824035645e+00 5.569616556167602539e-01 2.888513565063476562e+00 7.551215887069702148e-01 1.807256042957305908e-02 1.578508913516998291e-01 2.319743156433105469e+00
4.000000000000000000e+03 7.584707736968994141e-01 4.338878095149993896e-01 1.853775829076766968e-01 2.394356012344360352e+00 7.321305274963378906e-01 3.100877162069082260e-03 6.651351600885391235e-02 8.589812517166137695e-01 6.969554424285888672e-01 3.953216075897216797e-01 1.440075039863586426e-01 2.172068834304809570e+00 7.321305274963378906e-01 3.100877162069082260e-03 6.651351600885391235e-02 8.589812517166137695e-01
6.000000000000000000e+03 6.657286286354064941e-01 3.276298642158508301e-01 9.912756085395812988e-02 1.708681941032409668e+00 5.871920585632324219e-01 2.348141279071569443e-03 5.647748336195945740e-02 4.972440898418426514e-01 5.989264249801635742e-01 3.074285089969635010e-01 8.756472915410995483e-02 1.553902149200439453e+00 5.871920585632324219e-01 2.348141279071569443e-03 5.647748336195945740e-02 4.972440898418426514e-01
8.000000000000000000e+03 5.447067022323608398e-01 2.302175164222717285e-01 5.935846269130706787e-02 1.188120722770690918e+00 4.226431846618652344e-01 2.050967654213309288e-03 4.970329254865646362e-02 3.063482046127319336e-01 4.860100448131561279e-01 2.146170288324356079e-01 5.573802441358566284e-02 1.081557869911193848e+00 4.226431846618652344e-01 2.050967654213309288e-03 4.970329254865646362e-02 3.063482046127319336e-01
1.000000000000000000e+04 4.789371192455291748e-01 6.539368629455566406e-01 1.349198669195175171e-01 8.202227950096130371e-01 2.769320309162139893e-01 7.662025745958089828e-03 6.792781502008438110e-02 2.368880808353424072e-01 4.371234178543090820e-01 6.424392461776733398e-01 1.358029991388320923e-01 7.475618720054626465e-01 2.769320309162139893e-01 7.662025745958089828e-03 6.792781502008438110e-02 2.368880808353424072e-01
1.200000000000000000e+04 4.864787459373474121e-01 6.341361999511718750e-01 1.824893951416015625e-01 6.525105237960815430e-01 2.389497905969619751e-01 9.160639718174934387e-03 4.889189451932907104e-02 1.820446103811264038e-01 4.502651989459991455e-01 5.999132394790649414e-01 1.676499545574188232e-01 5.980993509292602539e-01 2.389497905969619751e-01 9.160639718174934387e-03 4.889189451932907104e-02 1.820446103811264038e-01
1.400000000000000000e+04 4.875353276729583740e-01 5.588619112968444824e-01 1.958029866218566895e-01 5.508534312248229980e-01 2.293995767831802368e-01 1.004800852388143539e-02 4.823702573776245117e-02 1.492886394262313843e-01 4.538854062557220459e-01 5.174596309661865234e-01 1.721043884754180908e-01 5.087877511978149414e-01 2.293995767831802368e-01 1.004800852388143539e-02 4.823702573776245117e-02 1.492886394262313843e-01
1.600000000000000000e+04 4.894047975540161133e-01 5.145365595817565918e-01 2.025848031044006348e-01 4.736681580543518066e-01 2.250466346740722656e-01 1.060137338936328888e-02 5.010295659303665161e-02 1.273986101150512695e-01 4.573107957839965820e-01 4.714637100696563721e-01 1.736728101968765259e-01 4.401344358921051025e-01 2.250466346740722656e-01 1.060137338936328888e-02 5.010295659303665161e-02 1.273986101150512695e-01
1.800000000000000000e+04 4.920947551727294922e-01 4.858311712741851807e-01 2.071431130170822144e-01 4.120747745037078857e-01 2.224673926830291748e-01 1.079688500612974167e-02 5.094410479068756104e-02 1.111258417367935181e-01 4.609782993793487549e-01 4.428777694702148438e-01 1.747020632028579712e-01 3.845320045948028564e-01 2.224673926830291748e-01 1.079688500612974167e-02 5.094410479068756104e-02 1.111258417367935181e-01
2.000000000000000000e+04 4.951230883598327637e-01 4.649260044097900391e-01 2.103069871664047241e-01 3.619369864463806152e-01 2.207192629575729370e-01 1.068017166107892990e-02 5.018496140837669373e-02 9.815742075443267822e-02 4.646404981613159180e-01 4.227198660373687744e-01 1.753558665513992310e-01 3.387216329574584961e-01 2.207192629575729370e-01 1.068017166107892990e-02 5.018496140837669373e-02 9.815742075443267822e-02
2.200000000000000000e+04 4.981261193752288818e-01 4.478313922882080078e-01 2.122340500354766846e-01 3.205609917640686035e-01 2.193762809038162231e-01 1.034401915967464447e-02 4.816751182079315186e-02 8.736001700162887573e-02 4.681038558483123779e-01 4.065779745578765869e-01 1.755178570747375488e-01 3.005991578102111816e-01 2.193762809038162231e-01 1.034401915967464447e-02 4.816751182079315186e-02 8.736001700162887573e-02
2.400000000000000000e+04 5.009495615959167480e-01 4.329710304737091064e-01 2.132322937250137329e-01 2.860383987426757812e-01 2.182309925556182861e-01 9.877904318273067474e-03 4.536953195929527283e-02 7.814284414052963257e-02 4.713088870048522949e-01 3.926765024662017822e-01 1.752831339836120605e-01 2.686361670494079590e-01 2.182309925556182861e-01 9.877904318273067474e-03 4.536953195929527283e-02 7.814284414052963257e-02
2.600000000000000000e+04 5.035164356231689453e-01 4.195131361484527588e-01 2.134887874126434326e-01 2.569675445556640625e-01 2.171811908483505249e-01 9.351111017167568207e-03 4.223245754837989807e-02 7.016599178314208984e-02 4.742240309715270996e-01 3.801322281360626221e-01 1.747044920921325684e-01 2.416658997535705566e-01 2.171811908483505249e-01 9.351111017167568207e-03 4.223245754837989807e-02 7.016599178314208984e-02
2.800000000000000000e+04 5.058003067970275879e-01 4.070191681385040283e-01 2.131825387477874756e-01 2.322963625192642212e-01 2.161765843629837036e-01 8.806953206658363342e-03 3.902367129921913147e-02 6.320669502019882202e-02 4.768386781215667725e-01 3.684780299663543701e-01 1.738483309745788574e-01 2.187750488519668579e-01 2.161765843629837036e-01 8.806953206658363342e-03 3.902367129921913147e-02 6.320669502019882202e-02
3.000000000000000000e+04 5.077871680259704590e-01 3.952203094959259033e-01 2.124368697404861450e-01 2.112143933773040771e-01 2.152018547058105469e-01 8.266787976026535034e-03 3.589826822280883789e-02 5.709773674607276917e-02 4.791404306888580322e-01 3.574460446834564209e-01 1.727641820907592773e-01 1.992337703704833984e-01 2.152018547058105469e-01 8.266787976026535034e-03 3.589826822280883789e-02 5.709773674607276917e-02
3.200000000000000000e+04 5.094898939132690430e-01 3.839373290538787842e-01 2.113194912672042847e-01 1.930851042270660400e-01 2.142387628555297852e-01 7.751439232379198074e-03 3.297669067978858948e-02 5.172244831919670105e-02 4.811417758464813232e-01 3.468800783157348633e-01 1.714745610952377319e-01 1.824545860290527344e-01 2.142387628555297852e-01 7.751439232379198074e-03 3.297669067978858948e-02 5.172244831919670105e-02
3.400000000000000000e+04 5.109433531761169434e-01 3.731923401355743408e-01 2.099835574626922607e-01 1.774076223373413086e-01 2.132799178361892700e-01 7.265431806445121765e-03 3.028389066457748413e-02 4.698119312524795532e-02 4.828758835792541504e-01 3.367957174777984619e-01 1.700729876756668091e-01 1.679663807153701782e-01 2.132799178361892700e-01 7.265431806445121765e-03 3.028389066457748413e-02 4.698119312524795532e-02
3.600000000000000000e+04 5.121603012084960938e-01 3.628662228584289551e-01 2.084306478500366211e-01 1.637788712978363037e-01 2.123229503631591797e-01 6.813723128288984299e-03 2.783481590449810028e-02 4.278955608606338501e-02 4.843583106994628906e-01 3.270946145057678223e-01 1.685477942228317261e-01 1.553874015808105469e-01 2.123229503631591797e-01 6.813723128288984299e-03 2.783481590449810028e-02 4.278955608606338501e-02
3.800000000000000000e+04 5.131961107254028320e-01 3.530355989933013916e-01 2.067643254995346069e-01 1.518742293119430542e-01 2.113574594259262085e-01 6.396249867975711823e-03 2.561643347144126892e-02 3.907950222492218018e-02 4.856490194797515869e-01 3.178593814373016357e-01 1.669745147228240967e-01 1.444102525711059570e-01 2.113574594259262085e-01 6.396249867975711823e-03 2.561643347144126892e-02 3.907950222492218018e-02
4.000000000000000000e+04 5.140623450279235840e-01 3.436743915081024170e-01 2.050252705812454224e-01 1.414300054311752319e-01 2.103971093893051147e-01 6.003125570714473724e-03 2.356505580246448517e-02 3.577951714396476746e-02 4.867655038833618164e-01 3.090610504150390625e-01 1.653849780559539795e-01 1.347850859165191650e-01 2.103971093893051147e-01 6.003125570714473724e-03 2.356505580246448517e-02 3.577951714396476746e-02
4.000000000000000000e+04 5.140623450279235840e-01 3.436743915081024170e-01 2.050252705812454224e-01 1.414300054311752319e-01 2.103971093893051147e-01 6.003125570714473724e-03 2.356505580246448517e-02 3.577951714396476746e-02 4.867655038833618164e-01 3.090610504150390625e-01 1.653849780559539795e-01 1.347850859165191650e-01 2.103971093893051147e-01 6.003125570714473724e-03 2.356505580246448517e-02 3.577951714396476746e-02
4.002300000000000000e+04 5.140623450279235840e-01 3.436743915081024170e-01 2.050252705812454224e-01 1.414300054311752319e-01 2.103971093893051147e-01 6.003125570714473724e-03 2.356505580246448517e-02 3.577951714396476746e-02 4.867655038833618164e-01 3.090610504150390625e-01 1.653849780559539795e-01 1.347850859165191650e-01 2.103971093893051147e-01 6.003125570714473724e-03 2.356505580246448517e-02 3.577951714396476746e-02
