# step, loss_train, loss_test, metrics_test
0.000000000000000000e+00 5.443935871124267578e+00 1.457062530517578125e+02 1.822168701171875000e+03 3.869684934616088867e+00 1.322499990463256836e+00 3.600000000000000000e+01 4.579599914550781250e+02 1.000000000000000000e+00 5.442276477813720703e+00 1.456606292724609375e+02 1.822372924804687500e+03 3.869947195053100586e+00 1.322499990463256836e+00 3.600000000000000000e+01 4.579599914550781250e+02 1.000000000000000000e+00
2.000000000000000000e+03 1.040355443954467773e+00 4.118308067321777344e+00 1.610994911193847656e+01 3.210416555404663086e+00 6.484728813171386719e+00 4.358830861747264862e-03 2.241984754800796509e-02 4.836732864379882812e+00 1.022656917572021484e+00 3.403872251510620117e+00 1.651251983642578125e+01 3.202748060226440430e+00 6.484728813171386719e+00 4.358830861747264862e-03 2.241984754800796509e-02 4.836732864379882812e+00
4.000000000000000000e+03 1.900469541549682617e+00 2.112823963165283203e+00 7.533006191253662109e+00 3.043313503265380859e+00 4.736944198608398438e+00 1.197760272771120071e-02 2.141913212835788727e-02 1.870206356048583984e+00 1.734063267707824707e+00 1.535819530487060547e+00 7.713115215301513672e+00 3.077563285827636719e+00 4.736944198608398438e+00 1.197760272771120071e-02 2.141913212835788727e-02 1.870206356048583984e+00
6.000000000000000000e+03 2.603747367858886719e+00 9.665128588676452637e-01 3.626055002212524414e+00 3.058707237243652344e+00 3.089732646942138672e+00 7.477825041860342026e-03 2.273740060627460480e-02 7.096240520477294922e-01 2.357027292251586914e+00 5.374774932861328125e-01 3.726724386215209961e+00 3.089657068252563477e+00 3.089732646942138672e+00 7.477825041860342026e-03 2.273740060627460480e-02 7.096240520477294922e-01
8.000000000000000000e+03 2.676656723022460938e+00 5.848582386970520020e-01 1.926026225090026855e+00 3.042150497436523438e+00 2.492179155349731445e+00 4.967344924807548523e-03 2.234793640673160553e-02 3.785548508167266846e-01 2.444724082946777344e+00 2.977901697158813477e-01 1.982271313667297363e+00 3.055354118347167969e+00 2.492179155349731445e+00 4.967344924807548523e-03 2.234793640673160553e-02 3.785548508167266846e-01
1.000000000000000000e+04 2.600919008255004883e+00 3.642275631427764893e-01 1.566746234893798828e+00 2.963262796401977539e+00 2.168737888336181641e+00 4.943981766700744629e-03 2.960070967674255371e-02 2.449992746114730835e-01 2.408419132232666016e+00 2.094508856534957886e-01 1.608162879943847656e+00 2.970123291015625000e+00 2.168737888336181641e+00 4.943981766700744629e-03 2.960070967674255371e-02 2.449992746114730835e-01
1.200000000000000000e+04 2.512025833129882812e+00 2.366271913051605225e-01 1.300173878669738770e+00 2.865032434463500977e+00 1.948104858398437500e+00 4.692582413554191589e-03 3.401622921228408813e-02 1.592039912939071655e-01 2.374358415603637695e+00 1.666170805692672729e-01 1.329129576683044434e+00 2.871862411499023438e+00 1.948104858398437500e+00 4.692582413554191589e-03 3.401622921228408813e-02 1.592039912939071655e-01
1.400000000000000000e+04 2.443789482116699219e+00 1.708885282278060913e-01 9.013492465019226074e-01 2.763895750045776367e+00 1.777051925659179688e+00 4.068231675773859024e-03 2.927607297897338867e-02 1.007513701915740967e-01 2.349506855010986328e+00 1.372322738170623779e-01 9.165596365928649902e-01 2.772102355957031250e+00 1.777051925659179688e+00 4.068231675773859024e-03 2.927607297897338867e-02 1.007513701915740967e-01
1.600000000000000000e+04 2.397375583648681641e+00 1.323450952768325806e-01 5.825166702270507812e-01 2.666982650756835938e+00 1.622493863105773926e+00 3.337457077577710152e-03 2.239700779318809509e-02 5.822430178523063660e-02 2.320682287216186523e+00 1.141496524214744568e-01 5.877330303192138672e-01 2.676925420761108398e+00 1.622493863105773926e+00 3.337457077577710152e-03 2.239700779318809509e-02 5.822430178523063660e-02
1.800000000000000000e+04 2.371302366256713867e+00 1.084974855184555054e-01 4.552759826183319092e-01 2.579312562942504883e+00 1.468306899070739746e+00 2.641047816723585129e-03 2.032145112752914429e-02 2.981406636536121368e-02 2.294027805328369141e+00 9.637095779180526733e-02 4.555273354053497314e-01 2.591415882110595703e+00 1.468306899070739746e+00 2.641047816723585129e-03 2.032145112752914429e-02 2.981406636536121368e-02
2.000000000000000000e+04 2.349479913711547852e+00 9.249376505613327026e-02 4.438950121402740479e-01 2.500663042068481445e+00 1.326733946800231934e+00 2.071316819638013840e-03 2.231829240918159485e-02 1.294149924069643021e-02 2.267587184906005859e+00 8.329997211694717407e-02 4.411633908748626709e-01 2.514596462249755859e+00 1.326733946800231934e+00 2.071316819638013840e-03 2.231829240918159485e-02 1.294149924069643021e-02
2.200000000000000000e+04 2.323654174804687500e+00 8.117553591728210449e-02 4.749733209609985352e-01 2.430087089538574219e+00 1.206052064895629883e+00 1.576698268763720989e-03 2.566285617649555206e-02 4.137365147471427917e-03 2.239315509796142578e+00 7.399136573076248169e-02 4.697942137718200684e-01 2.445266962051391602e+00 1.206052064895629883e+00 1.576698268763720989e-03 2.566285617649555206e-02 4.137365147471427917e-03
2.400000000000000000e+04 2.293065786361694336e+00 7.289446890354156494e-02 5.101763606071472168e-01 2.366430282592773438e+00 1.105985879898071289e+00 1.192430965602397919e-03 2.832831256091594696e-02 5.055867368355393410e-04 2.208144187927246094e+00 6.735211610794067383e-02 5.024842619895935059e-01 2.382462978363037109e+00 1.105985879898071289e+00 1.192430965602397919e-03 2.832831256091594696e-02 5.055867368355393410e-04
2.600000000000000000e+04 2.260034799575805664e+00 6.651670485734939575e-02 5.375556349754333496e-01 2.308772087097167969e+00 1.021702408790588379e+00 9.169141412712633610e-04 2.973474934697151184e-02 1.998050574911758304e-04 2.175229787826538086e+00 6.219261884689331055e-02 5.272589921951293945e-01 2.325161218643188477e+00 1.021702408790588379e+00 9.169141412712633610e-04 2.973474934697151184e-02 1.998050574911758304e-04
2.800000000000000000e+04 2.225993633270263672e+00 6.118376925587654114e-02 5.513533353805541992e-01 2.256155252456665039e+00 9.493606686592102051e-01 7.260135025717318058e-04 2.974132820963859558e-02 2.234238665550947189e-03 2.141844511032104492e+00 5.769485980272293091e-02 5.385868549346923828e-01 2.272250175476074219e+00 9.493606686592102051e-01 7.260135025717318058e-04 2.974132820963859558e-02 2.234238665550947189e-03
3.000000000000000000e+04 2.191844701766967773e+00 5.655898898839950562e-02 5.600559115409851074e-01 2.207876920700073242e+00 8.859263658523559570e-01 5.900313844904303551e-04 2.905197441577911377e-02 6.061093416064977646e-03 2.108986139297485352e+00 5.371389910578727722e-02 5.450909137725830078e-01 2.223082065582275391e+00 8.859263658523559570e-01 5.900313844904303551e-04 2.905197441577911377e-02 6.061093416064977646e-03
3.200000000000000000e+04 2.158226251602172852e+00 5.257862433791160583e-02 5.702541470527648926e-01 2.163238525390625000e+00 8.292224407196044922e-01 4.926965921185910702e-04 2.833344787359237671e-02 1.128666661679744720e-02 2.077201366424560547e+00 5.023987963795661926e-02 5.533043146133422852e-01 2.177116394042968750e+00 8.292224407196044922e-01 4.926965921185910702e-04 2.833344787359237671e-02 1.128666661679744720e-02
3.400000000000000000e+04 2.125372648239135742e+00 4.920271039009094238e-02 5.810449123382568359e-01 2.121420145034790039e+00 7.778551578521728516e-01 4.286865296307951212e-04 2.763152867555618286e-02 1.757003925740718842e-02 2.046722888946533203e+00 4.722576960921287537e-02 5.624799728393554688e-01 2.133686542510986328e+00 7.778551578521728516e-01 4.286865296307951212e-04 2.763152867555618286e-02 1.757003925740718842e-02
3.500000000000000000e+04 2.109570026397705078e+00 4.766532406210899353e-02 5.880141258239746094e-01 2.101434230804443359e+00 7.535221576690673828e-01 4.062221269123256207e-04 2.744035981595516205e-02 2.101358771324157715e-02 2.032268524169921875e+00 4.582182690501213074e-02 5.686820149421691895e-01 2.112832546234130859e+00 7.535221576690673828e-01 4.062221269123256207e-04 2.744035981595516205e-02 2.101358771324157715e-02
3.500000000000000000e+04 2.109570026397705078e+00 4.766532406210899353e-02 5.880141258239746094e-01 2.101434230804443359e+00 7.535221576690673828e-01 4.062221269123256207e-04 2.744035981595516205e-02 2.101358771324157715e-02 2.032268524169921875e+00 4.582182690501213074e-02 5.686820149421691895e-01 2.112832546234130859e+00 7.535221576690673828e-01 4.062221269123256207e-04 2.744035981595516205e-02 2.101358771324157715e-02
3.600000000000000000e+04 3.901622071862220764e-02 4.830963909626007080e-03 3.593003377318382263e-03 5.025269463658332825e-03 1.396674815623555332e-05 3.934837877750396729e-08 1.412005076417699456e-06 1.358133886242285371e-06 3.901622071862220764e-02 4.830963909626007080e-03 3.593003377318382263e-03 5.025269463658332825e-03 1.396674815623555332e-05 3.934837877750396729e-08 1.412005076417699456e-06 1.358133886242285371e-06
3.700000000000000000e+04 4.112800233997404575e-04 2.601495652925223112e-04 2.068274188786745071e-04 8.774460729910060763e-05 1.384377412705362076e-08 8.734787115827202797e-09 7.648850441910326481e-08 2.948471546915243380e-07 4.112800233997404575e-04 2.601495652925223112e-04 2.068274188786745071e-04 8.774460729910060763e-05 1.384377412705362076e-08 8.734787115827202797e-09 7.648850441910326481e-08 2.948471546915243380e-07
3.757600000000000000e+04 1.127392024500295520e-04 7.729502976872026920e-05 4.724190148408524692e-05 2.695833609323017299e-05 5.462652552523650229e-09 4.707203515863511711e-08 3.637978807091712952e-12 1.051034814736340195e-10 1.439895480871200562e-02 6.883390903472900391e+00 2.245629119873046875e+01 6.197636723518371582e-01 5.462652552523650229e-09 4.707203515863511711e-08 3.637978807091712952e-12 1.051034814736340195e-10
