# step, loss_train, loss_test, metrics_test
0.000000000000000000e+00 1.340340495109558105e+00 3.595607757568359375e+01 4.582344055175781250e+02 1.255336880683898926e+00 1.322499990463256836e+00 3.600000000000000000e+01 4.579600524902343750e+02 1.000000000000000000e+00 1.341298580169677734e+00 3.595473861694335938e+01 4.582437438964843750e+02 1.261957287788391113e+00 1.322499990463256836e+00 3.600000000000000000e+01 4.579600524902343750e+02 1.000000000000000000e+00
5.000000000000000000e+03 1.392388224601745605e+00 3.395484387874603271e-02 4.040548503398895264e-01 1.226094439625740051e-01 5.991905927658081055e-02 4.712201553047634661e-05 1.392223238945007324e-01 2.523079514503479004e-01 2.452031850814819336e+00 2.652209997177124023e-01 2.851475775241851807e-01 2.120498895645141602e+00 5.991905927658081055e-02 4.712201553047634661e-05 1.392223238945007324e-01 2.523079514503479004e-01
1.000000000000000000e+04 1.259623169898986816e+00 1.459320810681674629e-05 6.769885076209902763e-04 1.721251406706869602e-03 2.184708591812523082e-06 1.095113475457765162e-07 1.049080310622230172e-06 7.254482170537812635e-06 8.736215591430664062e+00 8.070019483566284180e-01 5.505750656127929688e+00 1.598589515686035156e+01 2.184708591812523082e-06 1.095113475457765162e-07 1.049080310622230172e-06 7.254482170537812635e-06
1.500000000000000000e+04 1.241785049438476562e+00 1.102803857065737247e-03 1.686367089860141277e-03 1.039153212332166731e-04 1.995523746245453367e-08 4.122412974538747221e-06 1.466924004489555955e-06 4.205503500998020172e-07 5.122962951660156250e+01 1.662908308207988739e-02 4.244380950927734375e+01 4.378437042236328125e+01 1.995523746245453367e-08 4.122412974538747221e-06 1.466924004489555955e-06 4.205503500998020172e-07
2.000000000000000000e+04 1.228127241134643555e+00 3.143312642350792885e-04 2.815429470501840115e-04 5.989471173961646855e-05 5.571223482547793537e-08 6.836571628809906542e-07 2.852175384759902954e-07 2.468601678629056551e-08 6.072935867309570312e+01 1.511782932281494141e+01 4.723763275146484375e+01 4.788089370727539062e+01 5.571223482547793537e-08 6.836571628809906542e-07 2.852175384759902954e-07 2.468601678629056551e-08
2.500000000000000000e+04 1.219692468643188477e+00 2.067008317681029439e-04 9.710023296065628529e-04 1.238188997376710176e-04 1.876118460586440051e-08 1.488117504777619615e-07 1.309672370553016663e-08 4.159247168900037650e-07 3.983624267578125000e+01 4.513767623901367188e+01 3.005169677734375000e+01 4.128511810302734375e+01 1.876118460586440051e-08 1.488117504777619615e-07 1.309672370553016663e-08 4.159247168900037650e-07
3.000000000000000000e+04 1.216446161270141602e+00 1.671637000981718302e-04 1.022842916427180171e-04 2.243158960482105613e-04 3.192837993992725387e-09 4.342132342571858317e-08 9.081850294023752213e-08 5.167194672139885370e-09 2.555724525451660156e+01 6.423168182373046875e+01 3.321150207519531250e+01 3.713549804687500000e+01 3.192837993992725387e-09 4.342132342571858317e-08 9.081850294023752213e-08 5.167194672139885370e-09
3.500000000000000000e+04 1.214941978454589844e+00 2.210671955253928900e-04 5.976961110718548298e-04 2.872641489375382662e-04 4.958769750373903662e-08 1.419039108441211283e-07 7.968628779053688049e-08 1.560249813792324858e-07 1.797757911682128906e+01 6.887583923339843750e+01 3.094525146484375000e+01 3.196914291381835938e+01 4.958769750373903662e-08 1.419039108441211283e-07 7.968628779053688049e-08 1.560249813792324858e-07
4.000000000000000000e+04 1.213985323905944824e+00 1.942467351909726858e-04 1.186887602671049535e-04 3.243971732445061207e-04 6.556751941388938576e-08 3.221361112082377076e-06 2.247528755106031895e-06 1.719513420539442450e-08 1.817606353759765625e+01 8.184629821777343750e+01 3.347214889526367188e+01 3.242454528808593750e+01 6.556751941388938576e-08 3.221361112082377076e-06 2.247528755106031895e-06 1.719513420539442450e-08
4.500000000000000000e+04 1.213560581207275391e+00 2.347186382394284010e-04 1.325145713053643703e-04 3.370815538801252842e-04 6.836571628809906542e-07 1.879385536085464992e-06 2.026208676397800446e-07 2.060696715489029884e-07 1.725992584228515625e+01 8.503176116943359375e+01 3.325804901123046875e+01 3.039824676513671875e+01 6.836571628809906542e-07 1.879385536085464992e-06 2.026208676397800446e-07 2.060696715489029884e-07
5.000000000000000000e+04 1.213181853294372559e+00 2.153360255761072040e-04 2.445857098791748285e-04 3.336790250614285469e-04 2.164797763271053554e-07 3.104338475168333389e-06 2.831839083228260279e-07 2.994017123114645074e-08 1.727236366271972656e+01 8.839096069335937500e+01 3.367710113525390625e+01 2.859974098205566406e+01 2.164797763271053554e-07 3.104338475168333389e-06 2.831839083228260279e-07 2.994017123114645074e-08
5.500000000000000000e+04 1.212668538093566895e+00 1.965502015082165599e-04 1.145634159911423922e-04 3.211784933228045702e-04 1.610083444347765180e-07 1.514663608759292401e-06 2.078049874398857355e-07 8.723648470265743526e-09 1.640100288391113281e+01 8.629450225830078125e+01 3.285453796386718750e+01 2.553160858154296875e+01 1.610083444347765180e-07 1.514663608759292401e-06 2.078049874398857355e-07 8.723648470265743526e-09
6.000000000000000000e+04 1.212393522262573242e+00 1.704811293166130781e-04 1.764156040735542774e-04 3.048274957109242678e-04 2.447464453325665090e-09 4.184607860224787146e-08 3.725290298461914062e-07 1.151079231931362301e-08 1.603810501098632812e+01 8.575624084472656250e+01 3.336302947998046875e+01 2.356120109558105469e+01 2.447464453325665090e-09 4.184607860224787146e-08 3.725290298461914062e-07 1.151079231931362301e-08
6.500000000000000000e+04 1.213169693946838379e+00 4.736318078357726336e-04 9.617954492568969727e-05 2.769446000456809998e-04 8.471636192552978173e-07 1.438189656255417503e-06 8.070528565440326929e-07 1.242348446339747170e-08 1.486179733276367188e+01 8.041844177246093750e+01 3.285100173950195312e+01 2.129212188720703125e+01 8.471636192552978173e-07 1.438189656255417503e-06 8.070528565440326929e-07 1.242348446339747170e-08
7.000000000000000000e+04 1.211922883987426758e+00 1.666617463342845440e-04 8.314799197250977159e-05 2.549107302911579609e-04 8.931591821692563826e-08 2.785327524179592729e-08 1.101434463635087013e-07 1.046151965056196786e-08 1.301113128662109375e+01 7.050231170654296875e+01 3.101154518127441406e+01 1.859605026245117188e+01 8.931591821692563826e-08 2.785327524179592729e-08 1.101434463635087013e-07 1.046151965056196786e-08
7.500000000000000000e+04 1.212276697158813477e+00 2.061728155240416527e-04 8.667710790177807212e-05 2.245016366941854358e-04 1.191838236991316080e-07 1.556021743454039097e-06 2.384185791015625000e-07 1.556955453452246729e-09 1.083293819427490234e+01 5.819466400146484375e+01 2.837597084045410156e+01 1.617571640014648438e+01 1.191838236991316080e-07 1.556021743454039097e-06 2.384185791015625000e-07 1.556955453452246729e-09
8.000000000000000000e+04 1.212394237518310547e+00 2.467707381583750248e-04 1.223440049216151237e-04 1.878602779470384121e-04 5.730171892537327949e-07 2.594534407762694173e-06 2.008342562476173043e-06 5.738471742233741679e-08 9.636485099792480469e+00 5.179460525512695312e+01 2.891837692260742188e+01 1.599521160125732422e+01 5.730171892537327949e-07 2.594534407762694173e-06 2.008342562476173043e-06 5.738471742233741679e-08
8.500000000000000000e+04 1.211762428283691406e+00 2.653968986123800278e-04 2.783260424621403217e-04 1.581449469085782766e-04 5.076761340205848683e-07 6.644958375545684248e-06 3.777535312110558152e-06 4.381968210509512573e-08 9.008430480957031250e+00 4.645238113403320312e+01 2.832065963745117188e+01 1.462152099609375000e+01 5.076761340205848683e-07 6.644958375545684248e-06 3.777535312110558152e-06 4.381968210509512573e-08
9.000000000000000000e+04 1.211298227310180664e+00 1.528391876490786672e-04 4.710756766144186258e-04 1.092493112082593143e-04 5.322590368450619280e-09 1.548892214486841112e-08 6.789341568946838379e-07 4.642766171514267626e-08 9.562311172485351562e+00 4.690049743652343750e+01 2.974917411804199219e+01 1.329388427734375000e+01 5.322590368450619280e-09 1.548892214486841112e-08 6.789341568946838379e-07 4.642766171514267626e-08
9.500000000000000000e+04 1.211708664894104004e+00 2.394383045611903071e-04 6.673818279523402452e-05 7.389443635474890471e-05 1.570153926877537742e-07 6.355632649501785636e-06 7.366907084360718727e-09 1.882881406345404685e-09 1.239056682586669922e+01 6.035724258422851562e+01 4.041695404052734375e+01 1.351314449310302734e+01 1.570153926877537742e-07 6.355632649501785636e-06 7.366907084360718727e-09 1.882881406345404685e-09
9.500000000000000000e+04 1.211708664894104004e+00 2.394383045611903071e-04 6.673818279523402452e-05 7.389443635474890471e-05 1.570153926877537742e-07 6.355632649501785636e-06 7.366907084360718727e-09 1.882881406345404685e-09 1.239056682586669922e+01 6.035724258422851562e+01 4.041695404052734375e+01 1.351314449310302734e+01 1.570153926877537742e-07 6.355632649501785636e-06 7.366907084360718727e-09 1.882881406345404685e-09
9.505300000000000000e+04 1.211071372032165527e+00 1.506793923908844590e-04 4.292752419132739305e-05 7.482272485503926873e-05 2.979595592478290200e-08 3.837081749225035310e-06 2.328306436538696289e-10 7.552230840701668058e-09 1.242042255401611328e+01 6.057465362548828125e+01 4.058113098144531250e+01 1.355161380767822266e+01 2.979595592478290200e-08 3.837081749225035310e-06 2.328306436538696289e-10 7.552230840701668058e-09
