# x
0.000000000000000000e+00
0.000000000000000000e+00
0.000000000000000000e+00
0.000000000000000000e+00
0.000000000000000000e+00
0.000000000000000000e+00
0.000000000000000000e+00
0.000000000000000000e+00
0.000000000000000000e+00
0.000000000000000000e+00
0.000000000000000000e+00
0.000000000000000000e+00
0.000000000000000000e+00
0.000000000000000000e+00
0.000000000000000000e+00
0.000000000000000000e+00
0.000000000000000000e+00
0.000000000000000000e+00
0.000000000000000000e+00
0.000000000000000000e+00
0.000000000000000000e+00
0.000000000000000000e+00
0.000000000000000000e+00
0.000000000000000000e+00
0.000000000000000000e+00
0.000000000000000000e+00
0.000000000000000000e+00
0.000000000000000000e+00
1.019999980926513672e+01
0.000000000000000000e+00
0.000000000000000000e+00
0.000000000000000000e+00
0.000000000000000000e+00
0.000000000000000000e+00
1.019999980926513672e+01
0.000000000000000000e+00
1.019999980926513672e+01
0.000000000000000000e+00
5.099999904632568359e+00
2.549999952316284180e+00
7.649999618530273438e+00
1.274999976158142090e+00
6.375000000000000000e+00
3.824999809265136719e+00
8.925000190734863281e+00
6.374999880790710449e-01
5.737499713897705078e+00
3.187500000000000000e+00
8.287499427795410156e+00
1.912499904632568359e+00
7.012499809265136719e+00
4.462500095367431641e+00
9.562500000000000000e+00
3.187499940395355225e-01
5.418749809265136719e+00
2.868749856948852539e+00
7.968750000000000000e+00
1.593750000000000000e+00
6.693749904632568359e+00
4.143749713897705078e+00
9.243749618530273438e+00
9.562499523162841797e-01
6.056250095367431641e+00
3.506249904632568359e+00
8.606249809265136719e+00
2.231250047683715820e+00
7.331249713897705078e+00
4.781250000000000000e+00
9.881249427795410156e+00
1.593749970197677612e-01
5.259375095367431641e+00
2.709374904632568359e+00
7.809374809265136719e+00
1.434374928474426270e+00
6.534374713897705078e+00
3.984375000000000000e+00
9.084374427795410156e+00
7.968750000000000000e-01
5.896874904632568359e+00
3.346874952316284180e+00
8.446874618530273438e+00
2.071874856948852539e+00
7.171875000000000000e+00
4.621874809265136719e+00
9.721875190734863281e+00
4.781249761581420898e-01
5.578125000000000000e+00
3.028125047683715820e+00
8.128125190734863281e+00
1.753124952316284180e+00
6.853125095367431641e+00
4.303124904632568359e+00
9.403124809265136719e+00
1.115625023841857910e+00
6.215624809265136719e+00
3.665624856948852539e+00
8.765625000000000000e+00
2.390625000000000000e+00
7.490624904632568359e+00
4.940624713897705078e+00
1.004062461853027344e+01
7.968749850988388062e-02
5.179687500000000000e+00
2.629687547683715820e+00
7.729687213897705078e+00
1.354687452316284180e+00
6.454687595367431641e+00
3.904687404632568359e+00
9.004687309265136719e+00
7.171874642372131348e-01
5.817187309265136719e+00
3.267187356948852539e+00
8.367187500000000000e+00
1.992187500000000000e+00
7.092187404632568359e+00
4.542187213897705078e+00
9.642187118530273438e+00
3.984375000000000000e-01
5.498437404632568359e+00
2.948437452316284180e+00
8.048437118530273438e+00
1.673437476158142090e+00
6.773437500000000000e+00
4.223437309265136719e+00
9.323437690734863281e+00
1.035937428474426270e+00
6.135937213897705078e+00
3.585937500000000000e+00
8.685936927795410156e+00
2.310937404632568359e+00
7.410937309265136719e+00
4.860937595367431641e+00
9.960937500000000000e+00
2.390624880790710449e-01
5.339062213897705078e+00
2.789062500000000000e+00
7.889062404632568359e+00
1.514062523841857910e+00
6.614062309265136719e+00
4.064062595367431641e+00
9.164062500000000000e+00
8.765624761581420898e-01
5.976562500000000000e+00
3.426562547683715820e+00
8.526562690734863281e+00
2.151562452316284180e+00
7.251562595367431641e+00
4.701562404632568359e+00
9.801562309265136719e+00
5.578125119209289551e-01
5.657812595367431641e+00
3.107812404632568359e+00
8.207812309265136719e+00
1.832812428474426270e+00
6.932812213897705078e+00
4.382812500000000000e+00
9.482811927795410156e+00
1.195312500000000000e+00
6.295312404632568359e+00
3.745312452316284180e+00
8.845312118530273438e+00
2.470312356948852539e+00
7.570312500000000000e+00
5.020312309265136719e+00
1.012031269073486328e+01
3.984374925494194031e-02
5.139843463897705078e+00
2.589843750000000000e+00
7.689843654632568359e+00
1.314843773841857910e+00
6.414843559265136719e+00
3.864843606948852539e+00
8.964843750000000000e+00
6.773437261581420898e-01
5.777343750000000000e+00
3.227343797683715820e+00
8.327343940734863281e+00
1.952343702316284180e+00
7.052343845367431641e+00
4.502343654632568359e+00
9.602343559265136719e+00
3.585937321186065674e-01
5.458593845367431641e+00
2.908593654632568359e+00
8.008593559265136719e+00
1.633593678474426270e+00
6.733593463897705078e+00
4.183593750000000000e+00
9.283593177795410156e+00
9.960937500000000000e-01
6.096093654632568359e+00
3.546093702316284180e+00
8.646093368530273438e+00
2.271093606948852539e+00
7.371093750000000000e+00
4.821093559265136719e+00
9.921093940734863281e+00
1.992187500000000000e-01
5.299218654632568359e+00
2.749218702316284180e+00
7.849218368530273438e+00
1.474218726158142090e+00
6.574218750000000000e+00
4.024218559265136719e+00
9.124218940734863281e+00
8.367187380790710449e-01
5.936718463897705078e+00
3.386718750000000000e+00
8.486718177795410156e+00
2.111718654632568359e+00
7.211718559265136719e+00
4.661718845367431641e+00
9.761718750000000000e+00
5.179687142372131348e-01
5.617968559265136719e+00
3.067968606948852539e+00
8.167968750000000000e+00
1.792968750000000000e+00
6.892968654632568359e+00
4.342968463897705078e+00
9.442968368530273438e+00
1.155468702316284180e+00
6.255468845367431641e+00
3.705468654632568359e+00
8.805468559265136719e+00
2.430468797683715820e+00
7.530468463897705078e+00
4.980468750000000000e+00
1.008046817779541016e+01
1.195312440395355225e-01
5.219531059265136719e+00
2.669531106948852539e+00
7.769531250000000000e+00
1.394531250000000000e+00
6.494531154632568359e+00
3.944531202316284180e+00
9.044530868530273438e+00
7.570312619209289551e-01
5.857031345367431641e+00
3.307031154632568359e+00
8.407031059265136719e+00
2.032031297683715820e+00
7.132030963897705078e+00
4.582031250000000000e+00
9.682030677795410156e+00
4.382812380790710449e-01
5.538280963897705078e+00
2.988281250000000000e+00
8.088280677795410156e+00
1.713281273841857910e+00
6.813281059265136719e+00
4.263281345367431641e+00
9.363281250000000000e+00
1.075781226158142090e+00
6.175781250000000000e+00
3.625781297683715820e+00
8.725781440734863281e+00
2.350781202316284180e+00
7.450781345367431641e+00
4.900781154632568359e+00
1.000078105926513672e+01
2.789062559604644775e-01
5.378906250000000000e+00
2.828906297683715820e+00
7.928905963897705078e+00
1.553906202316284180e+00
6.653906345367431641e+00
4.103906154632568359e+00
9.203906059265136719e+00
9.164062142372131348e-01
6.016406059265136719e+00
3.466406106948852539e+00
8.566406250000000000e+00
2.191406250000000000e+00
7.291406154632568359e+00
4.741405963897705078e+00
9.841405868530273438e+00
5.976562500000000000e-01
5.697656154632568359e+00
3.147656202316284180e+00
8.247655868530273438e+00
1.872656226158142090e+00
6.972656250000000000e+00
4.422656059265136719e+00
9.522656440734863281e+00
1.235156178474426270e+00
6.335155963897705078e+00
3.785156250000000000e+00
8.885155677795410156e+00
2.510156154632568359e+00
7.610156059265136719e+00
5.060156345367431641e+00
1.016015625000000000e+01
1.992187462747097015e-02
5.119921684265136719e+00
2.569921731948852539e+00
7.669921875000000000e+00
1.294921875000000000e+00
6.394921779632568359e+00
3.844921827316284180e+00
8.944921493530273438e+00
6.574218869209289551e-01
5.757421970367431641e+00
3.207421779632568359e+00
8.307421684265136719e+00
1.932421803474426270e+00
7.032421588897705078e+00
4.482421875000000000e+00
9.582421302795410156e+00
3.386718630790710449e-01
5.438671588897705078e+00
2.888671875000000000e+00
7.988671779632568359e+00
1.613671898841857910e+00
6.713671684265136719e+00
4.163671970367431641e+00
9.263671875000000000e+00
9.761718511581420898e-01
6.076171875000000000e+00
3.526171922683715820e+00
8.626172065734863281e+00
2.251171827316284180e+00
7.351171970367431641e+00
4.801171779632568359e+00
9.901171684265136719e+00
1.792968660593032837e-01
5.279296875000000000e+00
2.729296922683715820e+00
7.829296588897705078e+00
1.454296827316284180e+00
6.554296970367431641e+00
4.004296779632568359e+00
9.104296684265136719e+00
8.167968392372131348e-01
5.916796684265136719e+00
3.366796731948852539e+00
8.466796875000000000e+00
2.091796875000000000e+00
