# step, loss_train, loss_test, metrics_test
0.000000000000000000e+00 5.183459758758544922e+00 1.434096679687500000e+02 1.835213134765625000e+03 4.184865474700927734e+00 1.322499990463256836e+00 3.600000000000000000e+01 4.579600219726562500e+02 1.000000000000000000e+00 5.181076049804687500e+00 1.433986663818359375e+02 1.835281860351562500e+03 4.165472030639648438e+00 1.322499990463256836e+00 3.600000000000000000e+01 4.579600219726562500e+02 1.000000000000000000e+00
2.000000000000000000e+03 2.990908813476562500e+01 1.017681655883789062e+02 8.433852386474609375e+01 1.190364646911621094e+01 3.318479061126708984e+00 4.697443842887878418e-01 8.987720489501953125e+01 2.816933250427246094e+01 3.010812568664550781e+01 1.037446212768554688e+02 6.963727569580078125e+01 9.580502510070800781e+00 3.318479061126708984e+00 4.697443842887878418e-01 8.987720489501953125e+01 2.816933250427246094e+01
4.000000000000000000e+03 1.164450836181640625e+01 8.112240791320800781e+00 9.170562744140625000e+00 1.716498947143554688e+01 1.849341988563537598e+00 6.571895480155944824e-01 3.613959121704101562e+01 2.822333335876464844e+01 1.199678516387939453e+01 8.252680778503417969e+00 6.917792320251464844e+00 1.236590003967285156e+01 1.849341988563537598e+00 6.571895480155944824e-01 3.613959121704101562e+01 2.822333335876464844e+01
6.000000000000000000e+03 1.811446666717529297e+00 5.969489812850952148e-01 9.332589507102966309e-01 1.728804206848144531e+01 7.281013131141662598e-01 5.706919357180595398e-02 1.402688884735107422e+01 1.247256374359130859e+01 1.849570274353027344e+00 5.790199637413024902e-01 9.272497296333312988e-01 1.703238868713378906e+01 7.281013131141662598e-01 5.706919357180595398e-02 1.402688884735107422e+01 1.247256374359130859e+01
8.000000000000000000e+03 8.341326564550399780e-02 1.449955254793167114e-01 1.737330257892608643e-01 1.710462379455566406e+01 2.338000237941741943e-01 1.369154429994523525e-03 3.772562026977539062e+00 5.595946788787841797e+00 5.843033641576766968e-02 1.485845893621444702e-01 1.800297498703002930e-01 1.687151718139648438e+01 2.338000237941741943e-01 1.369154429994523525e-03 3.772562026977539062e+00 5.595946788787841797e+00
1.000000000000000000e+04 1.664715260267257690e-02 7.960734516382217407e-02 4.054858162999153137e-02 9.132261276245117188e+00 2.140450756996870041e-03 7.617346942424774170e-03 5.753238201141357422e-01 1.867879152297973633e+00 2.443741820752620697e-02 1.216874197125434875e-01 7.769883424043655396e-02 9.270565986633300781e+00 2.140450756996870041e-03 7.617346942424774170e-03 5.753238201141357422e-01 1.867879152297973633e+00
1.200000000000000000e+04 3.658032743260264397e-03 2.319272048771381378e-02 1.346596889197826385e-02 4.403161525726318359e+00 2.364784086239524186e-05 1.340301358141005039e-03 6.924220360815525055e-03 1.508560657501220703e+00 4.775027278810739517e-03 5.040380358695983887e-02 1.352617442607879639e-01 4.482341766357421875e+00 2.364784086239524186e-05 1.340301358141005039e-03 6.924220360815525055e-03 1.508560657501220703e+00
1.400000000000000000e+04 1.623729709535837173e-03 8.755780756473541260e-03 6.318347528576850891e-03 3.174991607666015625e+00 4.277294010535115376e-06 5.358105991035699844e-04 3.017909475602209568e-04 1.378436684608459473e+00 3.577939700335264206e-03 2.720028534531593323e-02 8.804372698068618774e-02 3.256360292434692383e+00 4.277294010535115376e-06 5.358105991035699844e-04 3.017909475602209568e-04 1.378436684608459473e+00
1.600000000000000000e+04 7.011331035755574703e-04 5.610540974885225296e-03 2.601457759737968445e-03 2.559517383575439453e+00 6.085647328291088343e-07 1.088416538550518453e-04 7.617232768097892404e-06 1.309159755706787109e+00 3.610438900068402290e-03 1.842935010790824890e-02 6.123516708612442017e-02 2.628372907638549805e+00 6.085647328291088343e-07 1.088416538550518453e-04 7.617232768097892404e-06 1.309159755706787109e+00
1.800000000000000000e+04 1.133913756348192692e-03 3.205578541383147240e-03 2.346721244975924492e-03 2.137308359146118164e+00 1.440313917555613443e-05 4.455887392396107316e-05 7.778499275445938110e-05 1.270219445228576660e+00 3.127929987385869026e-03 1.950265467166900635e-02 5.629609525203704834e-02 2.188570737838745117e+00 1.440313917555613443e-05 4.455887392396107316e-05 7.778499275445938110e-05 1.270219445228576660e+00
2.000000000000000000e+04 1.047037541866302490e-03 2.191803418099880219e-03 8.235607296228408813e-03 1.886893987655639648e+00 4.414469003677368164e-06 1.506939042883459479e-05 7.136273779906332493e-05 1.238162755966186523e+00 2.524250652641057968e-03 1.421001460403203964e-02 2.814947813749313354e-02 1.935301065444946289e+00 4.414469003677368164e-06 1.506939042883459479e-05 7.136273779906332493e-05 1.238162755966186523e+00
2.200000000000000000e+04 1.626159646548330784e-03 4.378035198897123337e-03 3.182258689776062965e-03 1.831773757934570312e+00 2.236640284536406398e-04 1.667995638854335994e-05 2.641443349421024323e-02 1.574340105056762695e+00 2.116726245731115341e-03 1.081435754895210266e-02 5.797583237290382385e-02 1.876619696617126465e+00 2.236640284536406398e-04 1.667995638854335994e-05 2.641443349421024323e-02 1.574340105056762695e+00
2.400000000000000000e+04 1.142119755968451500e-03 4.409261513501405716e-03 1.218961086124181747e-03 1.755403161048889160e+00 4.664370135287754238e-05 4.816204454982653260e-05 7.701691938564181328e-04 1.420498967170715332e+00 1.986340386793017387e-03 1.302878092974424362e-02 3.503144159913063049e-02 1.812324881553649902e+00 4.664370135287754238e-05 4.816204454982653260e-05 7.701691938564181328e-04 1.420498967170715332e+00
2.600000000000000000e+04 7.661588024348020554e-04 1.518908306024968624e-03 9.741939720697700977e-04 1.681612133979797363e+00 5.751614935434190556e-06 1.689878445176873356e-05 7.573078037239611149e-04 1.224449634552001953e+00 1.234904746524989605e-03 1.081894431263208389e-02 2.442038990557193756e-02 1.737351894378662109e+00 5.751614935434190556e-06 1.689878445176873356e-05 7.573078037239611149e-04 1.224449634552001953e+00
2.800000000000000000e+04 9.192449506372213364e-04 7.697138935327529907e-04 1.114098820835351944e-03 1.508724689483642578e+00 6.128101176727795973e-06 2.751221472863107920e-07 6.115442374721169472e-07 1.195842385292053223e+00 9.608193067833781242e-04 1.037767529487609863e-02 2.265814878046512604e-02 1.559592008590698242e+00 6.128101176727795973e-06 2.751221472863107920e-07 6.115442374721169472e-07 1.195842385292053223e+00
3.000000000000000000e+04 6.639878265559673309e-04 1.614737557247281075e-03 7.025914266705513000e-03 1.416927456855773926e+00 1.932867235154844820e-07 2.502022198314080015e-07 4.804298805538564920e-05 1.198179125785827637e+00 5.797176272608339787e-04 7.871510460972785950e-03 1.463420595973730087e-02 1.413684487342834473e+00 1.932867235154844820e-07 2.502022198314080015e-07 4.804298805538564920e-05 1.198179125785827637e+00
3.200000000000000000e+04 4.176101356279104948e-04 7.346643833443522453e-04 3.215950448065996170e-03 1.253630518913269043e+00 5.919788392816371925e-08 1.678528496995568275e-05 7.893428119132295251e-06 1.190361022949218750e+00 4.646926536224782467e-04 6.086626555770635605e-03 9.244916960597038269e-03 1.288360238075256348e+00 5.919788392816371925e-08 1.678528496995568275e-05 7.893428119132295251e-06 1.190361022949218750e+00
3.400000000000000000e+04 4.668032051995396614e-04 4.601043183356523514e-04 1.510380883701145649e-03 1.143310904502868652e+00 1.287517648052016739e-07 1.945465919561684132e-05 8.617530693300068378e-05 1.179156661033630371e+00 5.437048384919762611e-04 3.986074123531579971e-03 5.795011296868324280e-03 1.181366443634033203e+00 1.287517648052016739e-07 1.945465919561684132e-05 8.617530693300068378e-05 1.179156661033630371e+00
3.600000000000000000e+04 5.413044709712266922e-04 2.145535545423626900e-03 4.743668716400861740e-03 1.087891340255737305e+00 8.158584137163416017e-07 6.453351670643314719e-05 6.256453343667089939e-05 1.175125479698181152e+00 5.556109827011823654e-04 2.394252223894000053e-03 4.289922304451465607e-03 1.113914847373962402e+00 8.158584137163416017e-07 6.453351670643314719e-05 6.256453343667089939e-05 1.175125479698181152e+00
3.800000000000000000e+04 1.335928030312061310e-02 3.816545382142066956e-02 9.485487341880798340e-01 1.086088418960571289e+00 4.683767110691405833e-05 1.092338003218173981e-03 6.374378688633441925e-03 1.183478474617004395e+00 5.387823330238461494e-04 2.985538681969046593e-03 8.599239401519298553e-03 1.063060760498046875e+00 4.683767110691405833e-05 1.092338003218173981e-03 6.374378688633441925e-03 1.183478474617004395e+00
4.000000000000000000e+04 6.314090569503605366e-04 5.941332783550024033e-04 6.886647315695881844e-04 1.001130580902099609e+00 1.221403636009199545e-05 3.434345217101508752e-07 3.020209958776831627e-03 1.168832063674926758e+00 4.634593788068741560e-04 1.256594900041818619e-03 3.768264781683683395e-03 1.034440279006958008e+00 1.221403636009199545e-05 3.434345217101508752e-07 3.020209958776831627e-03 1.168832063674926758e+00
4.200000000000000000e+04 5.295508890412747860e-04 4.759689036291092634e-04 5.703807109966874123e-04 9.427011013031005859e-01 8.877977961674332619e-07 1.119579110309132375e-06 4.520416041486896574e-05 1.154922485351562500e+00 5.153333186171948910e-04 1.079602632671594620e-03 3.104106057435274124e-03 9.742166399955749512e-01 8.877977961674332619e-07 1.119579110309132375e-06 4.520416041486896574e-05 1.154922485351562500e+00
4.400000000000000000e+04 5.376604967750608921e-04 1.058049616403877735e-03 1.669456716626882553e-03 8.883836269378662109e-01 2.078892066492699087e-06 3.099231253145262599e-05 2.464952194713987410e-05 1.157916545867919922e+00 5.293393624015152454e-04 9.121550829149782658e-04 2.474802313372492790e-03 9.157615303993225098e-01 2.078892066492699087e-06 3.099231253145262599e-05 2.464952194713987410e-05 1.157916545867919922e+00
4.600000000000000000e+04 5.801665247417986393e-04 2.655153162777423859e-03 4.486769030336290598e-04 8.449883460998535156e-01 1.592053195054177195e-05 1.179687569674570113e-05 1.239719858858734369e-05 1.168256521224975586e+00 4.939526552334427834e-04 6.106379441916942596e-04 1.984915928915143013e-03 8.718336820602416992e-01 1.592053195054177195e-05 1.179687569674570113e-05 1.239719858858734369e-05 1.168256521224975586e+00
4.800000000000000000e+04 4.752082168124616146e-04 1.727764611132442951e-03 2.888579480350017548e-02 8.756033778190612793e-01 4.220286882627988234e-06 5.633844557451084256e-05 1.061620569089427590e-04 1.148912429809570312e+00 5.102028371766209602e-04 9.900969453155994415e-04 1.711288117803633213e-03 8.374046087265014648e-01 4.220286882627988234e-06 5.633844557451084256e-05 1.061620569089427590e-04 1.148912429809570312e+00
5.000000000000000000e+04 8.818822680041193962e-04 4.401922342367470264e-04 2.608704671729356050e-04 7.748511433601379395e-01 2.543936261645285413e-07 1.176800878965877928e-06 3.089234232902526855e-04 1.144275903701782227e+00 3.959825844503939152e-04 3.783411520998924971e-04 1.275223214179277420e-03 8.010854125022888184e-01 2.543936261645285413e-07 1.176800878965877928e-06 3.089234232902526855e-04 1.144275903701782227e+00
5.200000000000000000e+04 5.246295477263629436e-04 1.069215242750942707e-03 6.682974635623395443e-04 8.183051347732543945e-01 1.019081446429481730e-05 9.305333037445961963e-07 5.031944718211889267e-03 1.136951327323913574e+00 4.891905118711292744e-04 1.395425759255886078e-03 2.952029462903738022e-03 8.355302810668945312e-01 1.019081446429481730e-05 9.305333037445961963e-07 5.031944718211889267e-03 1.136951327323913574e+00
5.400000000000000000e+04 4.100967198610305786e-04 2.557855332270264626e-04 1.061629038304090500e-03 7.543184757232666016e-01 5.829864448969601654e-07 2.328306436538696289e-06 3.882798773702234030e-04 1.132650136947631836e+00 4.289664793759584427e-04 5.558244301937520504e-04 3.196931676939129829e-03 7.799737453460693359e-01 5.829864448969601654e-07 2.328306436538696289e-06 3.882798773702234030e-04 1.132650136947631836e+00
5.600000000000000000e+04 4.091602168045938015e-04 2.088343608193099499e-04 4.653932701330631971e-04 7.267850041389465332e-01 3.618384312176203821e-07 1.634307636777521111e-06 2.453601700835861266e-05 1.130781650543212891e+00 4.445471276994794607e-04 4.170236061327159405e-04 2.459804527461528778e-03 7.517334818840026855e-01 3.618384312176203821e-07 1.634307636777521111e-06 2.453601700835861266e-05 1.130781650543212891e+00
5.800000000000000000e+04 4.975178744643926620e-04 2.452292246744036674e-04 5.873980117030441761e-04 6.976161599159240723e-01 6.139319793874165043e-06 4.045324203616473824e-06 4.482353688217699528e-04 1.165461182594299316e+00 4.857535241171717644e-04 5.777191254310309887e-04 2.668656175956130028e-03 7.212956547737121582e-01 6.139319793874165043e-06 4.045324203616473824e-06 4.482353688217699528e-04 1.165461182594299316e+00
6.000000000000000000e+04 4.540595400612801313e-04 4.060215433128178120e-04 1.420095795765519142e-03 6.574396491050720215e-01 7.163691861933330074e-07 7.696399734413716942e-06 1.023837248794734478e-04 1.149737000465393066e+00 4.578649532049894333e-04 4.754725086968392134e-04 2.698807278648018837e-03 6.730119585990905762e-01 7.163691861933330074e-07 7.696399734413716942e-06 1.023837248794734478e-04 1.149737000465393066e+00
6.200000000000000000e+04 4.184248391538858414e-04 1.283974415855482221e-04 3.442766028456389904e-04 6.011428833007812500e-01 7.851423902138776612e-07 6.718803433614084497e-07 8.950009942054748535e-07 1.145840167999267578e+00 4.442525387275964022e-04 3.099845489487051964e-04 1.877713599242269993e-03 6.207193732261657715e-01 7.851423902138776612e-07 6.718803433614084497e-07 8.950009942054748535e-07 1.145840167999267578e+00
6.400000000000000000e+04 4.082479281350970268e-04 2.340944483876228333e-04 2.673245035111904144e-04 5.569636225700378418e-01 1.524950903331045993e-06 1.771168399500311352e-06 8.731221896596252918e-05 1.150079846382141113e+00 4.329379298724234104e-04 2.865197311621159315e-04 1.529698376543819904e-03 5.748940110206604004e-01 1.524950903331045993e-06 1.771168399500311352e-06 8.731221896596252918e-05 1.150079846382141113e+00
6.500000000000000000e+04 5.203828914090991020e-04 6.183360237628221512e-04 1.893376611405983567e-04 5.376532077789306641e-01 5.135520041221752763e-06 3.463676421233685687e-06 6.274570478126406670e-05 1.149130582809448242e+00 4.239508416503667831e-04 3.028253850061446428e-04 1.334055094048380852e-03 5.548934340476989746e-01 5.135520041221752763e-06 3.463676421233685687e-06 6.274570478126406670e-05 1.149130582809448242e+00
6.500000000000000000e+04 5.203828914090991020e-04 6.183360237628221512e-04 1.893376611405983567e-04 5.376532077789306641e-01 5.135520041221752763e-06 3.463676421233685687e-06 6.274570478126406670e-05 1.149130582809448242e+00 4.239508416503667831e-04 3.028253850061446428e-04 1.334055094048380852e-03 5.548934340476989746e-01 5.135520041221752763e-06 3.463676421233685687e-06 6.274570478126406670e-05 1.149130582809448242e+00
6.538800000000000000e+04 9.033151902258396149e-03 4.880526568740606308e-03 6.539372261613607407e-03 4.139274358749389648e-01 2.516544889658689499e-03 5.112361162900924683e-03 1.384618692100048065e-03 1.090050578117370605e+00 1.722835353575646877e-03 2.811439102515578270e-03 5.251360125839710236e-03 4.253978729248046875e-01 2.516544889658689499e-03 5.112361162900924683e-03 1.384618692100048065e-03 1.090050578117370605e+00
