# x
0.000000000000000000e+00
0.000000000000000000e+00
0.000000000000000000e+00
0.000000000000000000e+00
0.000000000000000000e+00
0.000000000000000000e+00
0.000000000000000000e+00
0.000000000000000000e+00
0.000000000000000000e+00
0.000000000000000000e+00
0.000000000000000000e+00
0.000000000000000000e+00
0.000000000000000000e+00
0.000000000000000000e+00
0.000000000000000000e+00
0.000000000000000000e+00
0.000000000000000000e+00
0.000000000000000000e+00
0.000000000000000000e+00
0.000000000000000000e+00
0.000000000000000000e+00
0.000000000000000000e+00
0.000000000000000000e+00
0.000000000000000000e+00
0.000000000000000000e+00
0.000000000000000000e+00
0.000000000000000000e+00
0.000000000000000000e+00
0.000000000000000000e+00
0.000000000000000000e+00
0.000000000000000000e+00
0.000000000000000000e+00
0.000000000000000000e+00
0.000000000000000000e+00
0.000000000000000000e+00
0.000000000000000000e+00
0.000000000000000000e+00
0.000000000000000000e+00
0.000000000000000000e+00
0.000000000000000000e+00
0.000000000000000000e+00
0.000000000000000000e+00
0.000000000000000000e+00
0.000000000000000000e+00
0.000000000000000000e+00
0.000000000000000000e+00
0.000000000000000000e+00
0.000000000000000000e+00
0.000000000000000000e+00
0.000000000000000000e+00
0.000000000000000000e+00
0.000000000000000000e+00
0.000000000000000000e+00
0.000000000000000000e+00
0.000000000000000000e+00
0.000000000000000000e+00
0.000000000000000000e+00
0.000000000000000000e+00
0.000000000000000000e+00
0.000000000000000000e+00
0.000000000000000000e+00
0.000000000000000000e+00
0.000000000000000000e+00
0.000000000000000000e+00
0.000000000000000000e+00
0.000000000000000000e+00
0.000000000000000000e+00
0.000000000000000000e+00
0.000000000000000000e+00
0.000000000000000000e+00
0.000000000000000000e+00
0.000000000000000000e+00
0.000000000000000000e+00
0.000000000000000000e+00
0.000000000000000000e+00
0.000000000000000000e+00
0.000000000000000000e+00
0.000000000000000000e+00
0.000000000000000000e+00
0.000000000000000000e+00
0.000000000000000000e+00
0.000000000000000000e+00
0.000000000000000000e+00
0.000000000000000000e+00
0.000000000000000000e+00
0.000000000000000000e+00
0.000000000000000000e+00
0.000000000000000000e+00
0.000000000000000000e+00
0.000000000000000000e+00
0.000000000000000000e+00
0.000000000000000000e+00
0.000000000000000000e+00
0.000000000000000000e+00
0.000000000000000000e+00
0.000000000000000000e+00
0.000000000000000000e+00
0.000000000000000000e+00
0.000000000000000000e+00
0.000000000000000000e+00
0.000000000000000000e+00
0.000000000000000000e+00
0.000000000000000000e+00
0.000000000000000000e+00
0.000000000000000000e+00
0.000000000000000000e+00
0.000000000000000000e+00
0.000000000000000000e+00
0.000000000000000000e+00
0.000000000000000000e+00
0.000000000000000000e+00
0.000000000000000000e+00
0.000000000000000000e+00
0.000000000000000000e+00
0.000000000000000000e+00
0.000000000000000000e+00
0.000000000000000000e+00
0.000000000000000000e+00
0.000000000000000000e+00
0.000000000000000000e+00
0.000000000000000000e+00
0.000000000000000000e+00
0.000000000000000000e+00
0.000000000000000000e+00
0.000000000000000000e+00
0.000000000000000000e+00
0.000000000000000000e+00
0.000000000000000000e+00
9.600000000000000000e+01
0.000000000000000000e+00
0.000000000000000000e+00
9.600000000000000000e+01
0.000000000000000000e+00
9.600000000000000000e+01
0.000000000000000000e+00
9.600000000000000000e+01
9.600000000000000000e+01
0.000000000000000000e+00
9.600000000000000000e+01
9.600000000000000000e+01
0.000000000000000000e+00
9.600000000000000000e+01
0.000000000000000000e+00
0.000000000000000000e+00
0.000000000000000000e+00
0.000000000000000000e+00
9.600000000000000000e+01
0.000000000000000000e+00
0.000000000000000000e+00
9.600000000000000000e+01
0.000000000000000000e+00
0.000000000000000000e+00
0.000000000000000000e+00
9.600000000000000000e+01
0.000000000000000000e+00
9.600000000000000000e+01
0.000000000000000000e+00
0.000000000000000000e+00
0.000000000000000000e+00
0.000000000000000000e+00
9.600000000000000000e+01
9.600000000000000000e+01
9.600000000000000000e+01
0.000000000000000000e+00
0.000000000000000000e+00
9.600000000000000000e+01
9.600000000000000000e+01
0.000000000000000000e+00
9.600000000000000000e+01
9.600000000000000000e+01
0.000000000000000000e+00
9.600000000000000000e+01
9.600000000000000000e+01
0.000000000000000000e+00
9.600000000000000000e+01
0.000000000000000000e+00
9.600000000000000000e+01
9.600000000000000000e+01
0.000000000000000000e+00
0.000000000000000000e+00
0.000000000000000000e+00
0.000000000000000000e+00
9.600000000000000000e+01
9.600000000000000000e+01
0.000000000000000000e+00
0.000000000000000000e+00
9.600000000000000000e+01
9.600000000000000000e+01
4.800000000000000000e+01
2.400000000000000000e+01
7.200000000000000000e+01
1.200000000000000000e+01
6.000000000000000000e+01
3.600000000000000000e+01
8.400000000000000000e+01
6.000000000000000000e+00
5.400000000000000000e+01
3.000000000000000000e+01
7.800000000000000000e+01
1.800000000000000000e+01
6.600000000000000000e+01
4.200000000000000000e+01
9.000000000000000000e+01
3.000000000000000000e+00
5.100000000000000000e+01
2.700000000000000000e+01
7.500000000000000000e+01
1.500000000000000000e+01
6.300000000000000000e+01
3.900000000000000000e+01
8.700000000000000000e+01
9.000000000000000000e+00
5.700000000000000000e+01
3.300000000000000000e+01
8.100000000000000000e+01
2.100000000000000000e+01
6.900000000000000000e+01
4.500000000000000000e+01
9.300000000000000000e+01
1.500000000000000000e+00
4.950000000000000000e+01
2.550000000000000000e+01
7.350000000000000000e+01
1.350000000000000000e+01
6.150000000000000000e+01
3.750000000000000000e+01
8.550000000000000000e+01
7.500000000000000000e+00
5.550000000000000000e+01
3.150000000000000000e+01
7.950000000000000000e+01
1.950000000000000000e+01
6.750000000000000000e+01
4.350000000000000000e+01
9.150000000000000000e+01
4.500000000000000000e+00
5.250000000000000000e+01
2.850000000000000000e+01
7.650000000000000000e+01
1.650000000000000000e+01
6.450000000000000000e+01
4.050000000000000000e+01
8.850000000000000000e+01
1.050000000000000000e+01
5.850000000000000000e+01
3.450000000000000000e+01
8.250000000000000000e+01
2.250000000000000000e+01
7.050000000000000000e+01
4.650000000000000000e+01
9.450000000000000000e+01
7.500000000000000000e-01
4.875000000000000000e+01
2.475000000000000000e+01
7.275000000000000000e+01
1.275000000000000000e+01
6.075000000000000000e+01
3.675000000000000000e+01
8.475000000000000000e+01
6.750000000000000000e+00
5.475000000000000000e+01
3.075000000000000000e+01
7.875000000000000000e+01
1.875000000000000000e+01
6.675000000000000000e+01
4.275000000000000000e+01
9.075000000000000000e+01
3.750000000000000000e+00
5.175000000000000000e+01
2.775000000000000000e+01
7.575000000000000000e+01
1.575000000000000000e+01
6.375000000000000000e+01
3.975000000000000000e+01
8.775000000000000000e+01
9.750000000000000000e+00
5.775000000000000000e+01
3.375000000000000000e+01
8.175000000000000000e+01
2.175000000000000000e+01
6.975000000000000000e+01
4.575000000000000000e+01
9.375000000000000000e+01
2.250000000000000000e+00
5.025000000000000000e+01
2.625000000000000000e+01
7.425000000000000000e+01
1.425000000000000000e+01
6.225000000000000000e+01
3.825000000000000000e+01
8.625000000000000000e+01
8.250000000000000000e+00
5.625000000000000000e+01
3.225000000000000000e+01
8.025000000000000000e+01
2.025000000000000000e+01
6.825000000000000000e+01
4.425000000000000000e+01
9.225000000000000000e+01
5.250000000000000000e+00
5.325000000000000000e+01
2.925000000000000000e+01
7.725000000000000000e+01
1.725000000000000000e+01
6.525000000000000000e+01
4.125000000000000000e+01
8.925000000000000000e+01
1.125000000000000000e+01
5.925000000000000000e+01
3.525000000000000000e+01
8.325000000000000000e+01
2.325000000000000000e+01
7.125000000000000000e+01
4.725000000000000000e+01
9.525000000000000000e+01
3.750000000000000000e-01
4.837500000000000000e+01
2.437500000000000000e+01
7.237500000000000000e+01
1.237500000000000000e+01
6.037500000000000000e+01
3.637500000000000000e+01
8.437500000000000000e+01
6.375000000000000000e+00
5.437500000000000000e+01
3.037500000000000000e+01
7.837500000000000000e+01
1.837500000000000000e+01
6.637500000000000000e+01
4.237500000000000000e+01
9.037500000000000000e+01
3.375000000000000000e+00
5.137500000000000000e+01
2.737500000000000000e+01
7.537500000000000000e+01
1.537500000000000000e+01
6.337500000000000000e+01
3.937500000000000000e+01
8.737500000000000000e+01
9.375000000000000000e+00
5.737500000000000000e+01
3.337500000000000000e+01
8.137500000000000000e+01
2.137500000000000000e+01
6.937500000000000000e+01
4.537500000000000000e+01
9.337500000000000000e+01
1.875000000000000000e+00
4.987500000000000000e+01
2.587500000000000000e+01
7.387500000000000000e+01
1.387500000000000000e+01
6.187500000000000000e+01
3.787500000000000000e+01
8.587500000000000000e+01
7.875000000000000000e+00
5.587500000000000000e+01
3.187500000000000000e+01
7.987500000000000000e+01
1.987500000000000000e+01
6.787500000000000000e+01
4.387500000000000000e+01
9.187500000000000000e+01
4.875000000000000000e+00
5.287500000000000000e+01
2.887500000000000000e+01
7.687500000000000000e+01
1.687500000000000000e+01
6.487500000000000000e+01
4.087500000000000000e+01
8.887500000000000000e+01
1.087500000000000000e+01
5.887500000000000000e+01
3.487500000000000000e+01
8.287500000000000000e+01
2.287500000000000000e+01
7.087500000000000000e+01
4.687500000000000000e+01
9.487500000000000000e+01
1.125000000000000000e+00
4.912500000000000000e+01
2.512500000000000000e+01
7.312500000000000000e+01
1.312500000000000000e+01
6.112500000000000000e+01
3.712500000000000000e+01
8.512500000000000000e+01
7.125000000000000000e+00
5.512500000000000000e+01
3.112500000000000000e+01
7.912500000000000000e+01
1.912500000000000000e+01
6.712500000000000000e+01
4.312500000000000000e+01
9.112500000000000000e+01
4.125000000000000000e+00
5.212500000000000000e+01
2.812500000000000000e+01
7.612500000000000000e+01
1.612500000000000000e+01
6.412500000000000000e+01
4.012500000000000000e+01
8.812500000000000000e+01
1.012500000000000000e+01
5.812500000000000000e+01
3.412500000000000000e+01
8.212500000000000000e+01
2.212500000000000000e+01
7.012500000000000000e+01
4.612500000000000000e+01
9.412500000000000000e+01
2.625000000000000000e+00
5.062500000000000000e+01
2.662500000000000000e+01
7.462500000000000000e+01
1.462500000000000000e+01
6.262500000000000000e+01
3.862500000000000000e+01
8.662500000000000000e+01
8.625000000000000000e+00
5.662500000000000000e+01
3.262500000000000000e+01
8.062500000000000000e+01
2.062500000000000000e+01
6.862500000000000000e+01
4.462500000000000000e+01
9.262500000000000000e+01
5.625000000000000000e+00
5.362500000000000000e+01
2.962500000000000000e+01
7.762500000000000000e+01
1.762500000000000000e+01
6.562500000000000000e+01
4.162500000000000000e+01
8.962500000000000000e+01
1.162500000000000000e+01
5.962500000000000000e+01
3.562500000000000000e+01
8.362500000000000000e+01
2.362500000000000000e+01
7.162500000000000000e+01
4.762500000000000000e+01
9.562500000000000000e+01
1.875000000000000000e-01
4.818750000000000000e+01
2.418750000000000000e+01
7.218750000000000000e+01
1.218750000000000000e+01
6.018750000000000000e+01
3.618750000000000000e+01
8.418750000000000000e+01
6.187500000000000000e+00
5.418750000000000000e+01
3.018750000000000000e+01
7.818750000000000000e+01
1.818750000000000000e+01
6.618750000000000000e+01
4.218750000000000000e+01
9.018750000000000000e+01
3.187500000000000000e+00
5.118750000000000000e+01
2.718750000000000000e+01
7.518750000000000000e+01
1.518750000000000000e+01
6.318750000000000000e+01
3.918750000000000000e+01
8.718750000000000000e+01
9.187500000000000000e+00
5.718750000000000000e+01
3.318750000000000000e+01
8.118750000000000000e+01
2.118750000000000000e+01
6.918750000000000000e+01
4.518750000000000000e+01
9.318750000000000000e+01
1.687500000000000000e+00
4.968750000000000000e+01
2.568750000000000000e+01
7.368750000000000000e+01
1.368750000000000000e+01
6.168750000000000000e+01
3.768750000000000000e+01
8.568750000000000000e+01
7.687500000000000000e+00
5.568750000000000000e+01
3.168750000000000000e+01
7.968750000000000000e+01
1.968750000000000000e+01
6.768750000000000000e+01
4.368750000000000000e+01
9.168750000000000000e+01
4.687500000000000000e+00
5.268750000000000000e+01
2.868750000000000000e+01
7.668750000000000000e+01
1.668750000000000000e+01
6.468750000000000000e+01
4.068750000000000000e+01
8.868750000000000000e+01
1.068750000000000000e+01
5.868750000000000000e+01
3.468750000000000000e+01
8.268750000000000000e+01
2.268750000000000000e+01
7.068750000000000000e+01
4.668750000000000000e+01
9.468750000000000000e+01
9.375000000000000000e-01
4.893750000000000000e+01
2.493750000000000000e+01
7.293750000000000000e+01
1.293750000000000000e+01
6.093750000000000000e+01
3.693750000000000000e+01
8.493750000000000000e+01
6.937500000000000000e+00
5.493750000000000000e+01
3.093750000000000000e+01
7.893750000000000000e+01
1.893750000000000000e+01
6.693750000000000000e+01
4.293750000000000000e+01
9.093750000000000000e+01
3.937500000000000000e+00
5.193750000000000000e+01
2.793750000000000000e+01
7.593750000000000000e+01
1.593750000000000000e+01
6.393750000000000000e+01
3.993750000000000000e+01
8.793750000000000000e+01
9.937500000000000000e+00
5.793750000000000000e+01
3.393750000000000000e+01
8.193750000000000000e+01
2.193750000000000000e+01
6.993750000000000000e+01
4.593750000000000000e+01
9.393750000000000000e+01
2.437500000000000000e+00
5.043750000000000000e+01
2.643750000000000000e+01
7.443750000000000000e+01
1.443750000000000000e+01
6.243750000000000000e+01
3.843750000000000000e+01
8.643750000000000000e+01
8.437500000000000000e+00
5.643750000000000000e+01
3.243750000000000000e+01
8.043750000000000000e+01
2.043750000000000000e+01
6.843750000000000000e+01
4.443750000000000000e+01
9.243750000000000000e+01
5.437500000000000000e+00
5.343750000000000000e+01
2.943750000000000000e+01
7.743750000000000000e+01
1.743750000000000000e+01
6.543750000000000000e+01
4.143750000000000000e+01
8.943750000000000000e+01
1.143750000000000000e+01
5.943750000000000000e+01
3.543750000000000000e+01
8.343750000000000000e+01
2.343750000000000000e+01
7.143750000000000000e+01
4.743750000000000000e+01
9.543750000000000000e+01
5.625000000000000000e-01
4.856250000000000000e+01
2.456250000000000000e+01
7.256250000000000000e+01
1.256250000000000000e+01
6.056250000000000000e+01
3.656250000000000000e+01
8.456250000000000000e+01
6.562500000000000000e+00
5.456250000000000000e+01
3.056250000000000000e+01
7.856250000000000000e+01
1.856250000000000000e+01
6.656250000000000000e+01
4.256250000000000000e+01
9.056250000000000000e+01
3.562500000000000000e+00
5.156250000000000000e+01
2.756250000000000000e+01
7.556250000000000000e+01
1.556250000000000000e+01
6.356250000000000000e+01
3.956250000000000000e+01
8.756250000000000000e+01
9.562500000000000000e+00
5.756250000000000000e+01
3.356250000000000000e+01
8.156250000000000000e+01
2.156250000000000000e+01
6.956250000000000000e+01
4.556250000000000000e+01
9.356250000000000000e+01
2.062500000000000000e+00
5.006250000000000000e+01
2.606250000000000000e+01
7.406250000000000000e+01
1.406250000000000000e+01
6.206250000000000000e+01
3.806250000000000000e+01
8.606250000000000000e+01
8.062500000000000000e+00
5.606250000000000000e+01
3.206250000000000000e+01
8.006250000000000000e+01
2.006250000000000000e+01
6.806250000000000000e+01
4.406250000000000000e+01
9.206250000000000000e+01
5.062500000000000000e+00
5.306250000000000000e+01
2.906250000000000000e+01
7.706250000000000000e+01
1.706250000000000000e+01
6.506250000000000000e+01
4.106250000000000000e+01
8.906250000000000000e+01
1.106250000000000000e+01
5.906250000000000000e+01
3.506250000000000000e+01
8.306250000000000000e+01
2.306250000000000000e+01
7.106250000000000000e+01
4.706250000000000000e+01
9.506250000000000000e+01
1.312500000000000000e+00
4.931250000000000000e+01
2.531250000000000000e+01
7.331250000000000000e+01
1.331250000000000000e+01
6.131250000000000000e+01
3.731250000000000000e+01
8.531250000000000000e+01
7.312500000000000000e+00
5.531250000000000000e+01
3.131250000000000000e+01
7.931250000000000000e+01
1.931250000000000000e+01
6.731250000000000000e+01
4.331250000000000000e+01
9.131250000000000000e+01
4.312500000000000000e+00
5.231250000000000000e+01
2.831250000000000000e+01
7.631250000000000000e+01
1.631250000000000000e+01
6.431250000000000000e+01
4.031250000000000000e+01
8.831250000000000000e+01
1.031250000000000000e+01
5.831250000000000000e+01
3.431250000000000000e+01
8.231250000000000000e+01
2.231250000000000000e+01
7.031250000000000000e+01
4.631250000000000000e+01
9.431250000000000000e+01
2.812500000000000000e+00
5.081250000000000000e+01
2.681250000000000000e+01
7.481250000000000000e+01
1.481250000000000000e+01
6.281250000000000000e+01
3.881250000000000000e+01
8.681250000000000000e+01
8.812500000000000000e+00
5.681250000000000000e+01
3.281250000000000000e+01
8.081250000000000000e+01
2.081250000000000000e+01
6.881250000000000000e+01
4.481250000000000000e+01
9.281250000000000000e+01
5.812500000000000000e+00
5.381250000000000000e+01
2.981250000000000000e+01
7.781250000000000000e+01
1.781250000000000000e+01
6.581250000000000000e+01
4.181250000000000000e+01
8.981250000000000000e+01
1.181250000000000000e+01
5.981250000000000000e+01
3.581250000000000000e+01
8.381250000000000000e+01
2.381250000000000000e+01
7.181250000000000000e+01
4.781250000000000000e+01
9.581250000000000000e+01
9.375000000000000000e-02
4.809375000000000000e+01
2.409375000000000000e+01
7.209375000000000000e+01
1.209375000000000000e+01
6.009375000000000000e+01
3.609375000000000000e+01
8.409375000000000000e+01
6.093750000000000000e+00
5.409375000000000000e+01
3.009375000000000000e+01
7.809375000000000000e+01
1.809375000000000000e+01
6.609375000000000000e+01
4.209375000000000000e+01
9.009375000000000000e+01
3.093750000000000000e+00
5.109375000000000000e+01
2.709375000000000000e+01
7.509375000000000000e+01
1.509375000000000000e+01
6.309375000000000000e+01
3.909375000000000000e+01
8.709375000000000000e+01
9.093750000000000000e+00
5.709375000000000000e+01
3.309375000000000000e+01
8.109375000000000000e+01
2.109375000000000000e+01
6.909375000000000000e+01
4.509375000000000000e+01
9.309375000000000000e+01
1.593750000000000000e+00
4.959375000000000000e+01
2.559375000000000000e+01
7.359375000000000000e+01
1.359375000000000000e+01
6.159375000000000000e+01
3.759375000000000000e+01
8.559375000000000000e+01
7.593750000000000000e+00
5.559375000000000000e+01
3.159375000000000000e+01
7.959375000000000000e+01
1.959375000000000000e+01
6.759375000000000000e+01
4.359375000000000000e+01
9.159375000000000000e+01
4.593750000000000000e+00
5.259375000000000000e+01
2.859375000000000000e+01
7.659375000000000000e+01
1.659375000000000000e+01
6.459375000000000000e+01
4.059375000000000000e+01
8.859375000000000000e+01
1.059375000000000000e+01
5.859375000000000000e+01
3.459375000000000000e+01
8.259375000000000000e+01
2.259375000000000000e+01
7.059375000000000000e+01
4.659375000000000000e+01
9.459375000000000000e+01
8.437500000000000000e-01
4.884375000000000000e+01
2.484375000000000000e+01
7.284375000000000000e+01
1.284375000000000000e+01
6.084375000000000000e+01
3.684375000000000000e+01
8.484375000000000000e+01
6.843750000000000000e+00
5.484375000000000000e+01
3.084375000000000000e+01
7.884375000000000000e+01
1.884375000000000000e+01
6.684375000000000000e+01
4.284375000000000000e+01
9.084375000000000000e+01
3.843750000000000000e+00
5.184375000000000000e+01
2.784375000000000000e+01
7.584375000000000000e+01
1.584375000000000000e+01
6.384375000000000000e+01
3.984375000000000000e+01
8.784375000000000000e+01
9.843750000000000000e+00
5.784375000000000000e+01
3.384375000000000000e+01
8.184375000000000000e+01
2.184375000000000000e+01
6.984375000000000000e+01
4.584375000000000000e+01
9.384375000000000000e+01
2.343750000000000000e+00
5.034375000000000000e+01
2.634375000000000000e+01
7.434375000000000000e+01
1.434375000000000000e+01
6.234375000000000000e+01
3.834375000000000000e+01
8.634375000000000000e+01
8.343750000000000000e+00
5.634375000000000000e+01
3.234375000000000000e+01
8.034375000000000000e+01
2.034375000000000000e+01
6.834375000000000000e+01
4.434375000000000000e+01
9.234375000000000000e+01
5.343750000000000000e+00
5.334375000000000000e+01
2.934375000000000000e+01
7.734375000000000000e+01
1.734375000000000000e+01
6.534375000000000000e+01
4.134375000000000000e+01
8.934375000000000000e+01
1.134375000000000000e+01
5.934375000000000000e+01
3.534375000000000000e+01
8.334375000000000000e+01
2.334375000000000000e+01
7.134375000000000000e+01
4.734375000000000000e+01
9.534375000000000000e+01
4.687500000000000000e-01
4.846875000000000000e+01
2.446875000000000000e+01
7.246875000000000000e+01
1.246875000000000000e+01
6.046875000000000000e+01
3.646875000000000000e+01
8.446875000000000000e+01
6.468750000000000000e+00
5.446875000000000000e+01
3.046875000000000000e+01
7.846875000000000000e+01
1.846875000000000000e+01
6.646875000000000000e+01
4.246875000000000000e+01
9.046875000000000000e+01
3.468750000000000000e+00
5.146875000000000000e+01
2.746875000000000000e+01
7.546875000000000000e+01
1.546875000000000000e+01
6.346875000000000000e+01
3.946875000000000000e+01
8.746875000000000000e+01
9.468750000000000000e+00
5.746875000000000000e+01
3.346875000000000000e+01
8.146875000000000000e+01
2.146875000000000000e+01
6.946875000000000000e+01
4.546875000000000000e+01
9.346875000000000000e+01
1.968750000000000000e+00
4.996875000000000000e+01
2.596875000000000000e+01
7.396875000000000000e+01
1.396875000000000000e+01
6.196875000000000000e+01
3.796875000000000000e+01
8.596875000000000000e+01
7.968750000000000000e+00
5.596875000000000000e+01
3.196875000000000000e+01
7.996875000000000000e+01
1.996875000000000000e+01
6.796875000000000000e+01
4.396875000000000000e+01
9.196875000000000000e+01
4.968750000000000000e+00
5.296875000000000000e+01
2.896875000000000000e+01
7.696875000000000000e+01
1.696875000000000000e+01
6.496875000000000000e+01
4.096875000000000000e+01
8.896875000000000000e+01
1.096875000000000000e+01
5.896875000000000000e+01
3.496875000000000000e+01
8.296875000000000000e+01
2.296875000000000000e+01
7.096875000000000000e+01
4.696875000000000000e+01
9.496875000000000000e+01
1.218750000000000000e+00
4.921875000000000000e+01
2.521875000000000000e+01
7.321875000000000000e+01
1.321875000000000000e+01
6.121875000000000000e+01
3.721875000000000000e+01
8.521875000000000000e+01
7.218750000000000000e+00
5.521875000000000000e+01
3.121875000000000000e+01
7.921875000000000000e+01
1.921875000000000000e+01
6.721875000000000000e+01
4.321875000000000000e+01
9.121875000000000000e+01
4.218750000000000000e+00
5.221875000000000000e+01
2.821875000000000000e+01
7.621875000000000000e+01
1.621875000000000000e+01
6.421875000000000000e+01
4.021875000000000000e+01
8.821875000000000000e+01
1.021875000000000000e+01
5.821875000000000000e+01
3.421875000000000000e+01
8.221875000000000000e+01
2.221875000000000000e+01
7.021875000000000000e+01
4.621875000000000000e+01
9.421875000000000000e+01
2.718750000000000000e+00
5.071875000000000000e+01
2.671875000000000000e+01
7.471875000000000000e+01
1.471875000000000000e+01
6.271875000000000000e+01
3.871875000000000000e+01
8.671875000000000000e+01
8.718750000000000000e+00
5.671875000000000000e+01
3.271875000000000000e+01
8.071875000000000000e+01
2.071875000000000000e+01
6.871875000000000000e+01
4.471875000000000000e+01
9.271875000000000000e+01
5.718750000000000000e+00
5.371875000000000000e+01
2.971875000000000000e+01
7.771875000000000000e+01
1.771875000000000000e+01
6.571875000000000000e+01
4.171875000000000000e+01
8.971875000000000000e+01
1.171875000000000000e+01
5.971875000000000000e+01
3.571875000000000000e+01
8.371875000000000000e+01
2.371875000000000000e+01
7.171875000000000000e+01
4.771875000000000000e+01
9.571875000000000000e+01
2.812500000000000000e-01
4.828125000000000000e+01
2.428125000000000000e+01
7.228125000000000000e+01
1.228125000000000000e+01
6.028125000000000000e+01
3.628125000000000000e+01
8.428125000000000000e+01
6.281250000000000000e+00
5.428125000000000000e+01
3.028125000000000000e+01
7.828125000000000000e+01
1.828125000000000000e+01
6.628125000000000000e+01
4.228125000000000000e+01
9.028125000000000000e+01
3.281250000000000000e+00
5.128125000000000000e+01
2.728125000000000000e+01
7.528125000000000000e+01
1.528125000000000000e+01
6.328125000000000000e+01
3.928125000000000000e+01
8.728125000000000000e+01
9.281250000000000000e+00
5.728125000000000000e+01
3.328125000000000000e+01
8.128125000000000000e+01
2.128125000000000000e+01
6.928125000000000000e+01
4.528125000000000000e+01
9.328125000000000000e+01
1.781250000000000000e+00
