# step, loss_train, loss_test, metrics_test
0.000000000000000000e+00 1.367694258689880371e+00 4.543455505371093750e+01 4.609868469238281250e+02 2.200133562088012695e+00 1.322500109672546387e+00 3.600000000000000000e+01 4.579599914550781250e+02 1.000000000000000000e+00 1.370156526565551758e+00 4.576700210571289062e+01 4.610399475097656250e+02 2.208604097366333008e+00 1.322500109672546387e+00 3.600000000000000000e+01 4.579599914550781250e+02 1.000000000000000000e+00
5.000000000000000000e+03 1.044924259185791016e+00 3.912310004234313965e-01 1.492479324340820312e+00 2.014110982418060303e-01 3.287800773978233337e-02 3.920285089407116175e-04 7.902103424072265625e+01 1.083730316162109375e+01 1.068169116973876953e+00 1.903411895036697388e-01 1.272919654846191406e+00 1.682064682245254517e-01 3.287800773978233337e-02 3.920285089407116175e-04 7.902103424072265625e+01 1.083730316162109375e+01
1.000000000000000000e+04 1.773514389991760254e+00 6.253071129322052002e-02 4.794299602508544922e+00 1.876792311668395996e-01 5.919441208243370056e-02 1.602821052074432373e-03 2.365737676620483398e+00 1.529388070106506348e+00 1.852008938789367676e+00 4.262624308466911316e-02 4.395306110382080078e+00 5.865387618541717529e-02 5.919441208243370056e-02 1.602821052074432373e-03 2.365737676620483398e+00 1.529388070106506348e+00
1.500000000000000000e+04 1.626994132995605469e+00 2.579092048108577728e-02 2.198228538036346436e-01 3.464643657207489014e-01 5.851365160197019577e-03 7.480718777514994144e-04 4.468795657157897949e-02 1.565107256174087524e-01 1.668572545051574707e+00 2.500100433826446533e-02 1.565985828638076782e-01 2.550315856933593750e-01 5.851365160197019577e-03 7.480718777514994144e-04 4.468795657157897949e-02 1.565107256174087524e-01
2.000000000000000000e+04 1.508290290832519531e+00 7.882573641836643219e-03 1.794552430510520935e-02 6.505388766527175903e-02 1.367993187159299850e-02 8.726716041564941406e-04 1.301826123381033540e-04 1.522828917950391769e-02 1.549712061882019043e+00 9.647715836763381958e-03 4.131928086280822754e-02 5.059643834829330444e-02 1.367993187159299850e-02 8.726716041564941406e-04 1.301826123381033540e-04 1.522828917950391769e-02
2.500000000000000000e+04 1.289449691772460938e+00 1.417019637301564217e-03 7.131965248845517635e-04 2.315824106335639954e-02 6.469922955147922039e-04 3.644245225586928427e-07 1.733674616843927652e-05 3.146403178106993437e-04 1.324801921844482422e+00 1.438176026567816734e-03 4.527663404587656260e-04 1.658252440392971039e-02 6.469922955147922039e-04 3.644245225586928427e-07 1.733674616843927652e-05 3.146403178106993437e-04
3.000000000000000000e+04 1.266991853713989258e+00 1.337688649073243141e-03 5.348298000171780586e-04 5.879011470824480057e-03 5.488056922331452370e-05 1.152657205238938332e-07 1.941261871252208948e-07 4.910045390715822577e-06 1.303262948989868164e+00 1.377598848193883896e-03 6.045196787454187870e-04 4.194808192551136017e-03 5.488056922331452370e-05 1.152657205238938332e-07 1.941261871252208948e-07 4.910045390715822577e-06
3.500000000000000000e+04 1.259388446807861328e+00 9.118220186792314053e-04 4.692101210821419954e-04 1.675182953476905823e-03 7.249346253956900910e-06 1.882881406345404685e-09 1.181979314424097538e-06 1.066243839886737987e-06 1.296216487884521484e+00 9.561910410411655903e-04 4.315880651120096445e-04 1.210076035931706429e-03 7.249346253956900910e-06 1.882881406345404685e-09 1.181979314424097538e-06 1.066243839886737987e-06
4.000000000000000000e+04 1.253681421279907227e+00 8.017237996682524681e-04 3.284466220065951347e-04 4.662252904381603003e-04 7.492722488677827641e-06 2.284855327161494642e-08 5.476758815348148346e-07 1.866985599008330610e-06 1.290622711181640625e+00 8.449596352875232697e-04 4.153077316004782915e-04 2.931131748482584953e-04 7.492722488677827641e-06 2.284855327161494642e-08 5.476758815348148346e-07 1.866985599008330610e-06
4.500000000000000000e+04 1.249198555946350098e+00 8.602518937550485134e-04 3.519872261676937342e-04 1.706068287603557110e-04 2.231473217761958949e-06 5.481547304952982813e-08 6.435220711864531040e-08 8.819666277304349933e-07 1.285881996154785156e+00 8.915133657865226269e-04 4.879251937381923199e-04 1.132801116909831762e-04 2.231473217761958949e-06 5.481547304952982813e-08 6.435220711864531040e-08 8.819666277304349933e-07
5.000000000000000000e+04 1.246858716011047363e+00 8.118717232719063759e-04 3.528668312355875969e-04 1.014481313177384436e-04 7.792382916704809759e-07 4.273808826837921515e-07 1.455191522836685181e-07 2.648404233696055599e-07 1.283370614051818848e+00 8.510412881150841713e-04 4.709392378572374582e-04 1.051396975526586175e-04 7.792382916704809759e-07 4.273808826837921515e-07 1.455191522836685181e-07 2.648404233696055599e-07
5.500000000000000000e+04 1.245355367660522461e+00 7.813982665538787842e-04 3.794149670284241438e-04 8.582502050558105111e-05 8.603814762864203658e-07 2.013752236962318420e-06 1.782609615474939346e-06 1.144576913247874472e-07 1.281738400459289551e+00 8.174029062502086163e-04 4.464267112780362368e-04 1.133514379034750164e-04 8.603814762864203658e-07 2.013752236962318420e-06 1.782609615474939346e-06 1.144576913247874472e-07
6.000000000000000000e+04 1.244196891784667969e+00 7.465409580618143082e-04 3.438088751863688231e-04 8.427420834777876735e-05 4.778883067046990618e-07 2.954948286060243845e-09 1.760781742632389069e-07 1.774815814314933959e-07 1.280459284782409668e+00 7.755479309707880020e-04 3.538421296980232000e-04 1.137219951488077641e-04 4.778883067046990618e-07 2.954948286060243845e-09 1.760781742632389069e-07 1.774815814314933959e-07
6.500000000000000000e+04 1.243116617202758789e+00 6.606313399970531464e-04 3.352987696416676044e-04 7.063017983455210924e-05 5.540462097997078672e-07 9.313225746154785156e-10 3.079185262322425842e-08 2.773403195988066727e-08 1.279262661933898926e+00 6.867349147796630859e-04 3.216764307580888271e-04 9.076940477825701237e-05 5.540462097997078672e-07 9.313225746154785156e-10 3.079185262322425842e-08 2.773403195988066727e-08
7.000000000000000000e+04 1.241827368736267090e+00 5.741021595895290375e-04 4.139503871556371450e-04 4.963656465406529605e-05 5.908405000809580088e-07 9.369841791340149939e-09 2.975721145048737526e-07 1.151847826008634001e-07 1.277875661849975586e+00 5.875068018212914467e-04 3.333917120471596718e-04 4.653987343772314489e-05 5.908405000809580088e-07 9.369841791340149939e-09 2.975721145048737526e-07 1.151847826008634001e-07
7.500000000000000000e+04 1.240865707397460938e+00 4.540865484159439802e-04 3.366701712366193533e-04 3.964563074987381697e-05 2.983529441280552419e-07 1.413138420502946246e-06 4.980029189027845860e-08 2.460456016706302762e-07 1.276864647865295410e+00 4.648825561162084341e-04 2.924710279330611229e-04 3.571116394596174359e-05 2.983529441280552419e-07 1.413138420502946246e-06 4.980029189027845860e-08 2.460456016706302762e-07
8.000000000000000000e+04 1.240022897720336914e+00 3.681817033793777227e-04 4.593138874042779207e-04 4.866481685894541442e-05 2.212760108477596077e-07 5.526273980649420992e-07 9.094947017729282379e-11 3.088621554070414277e-07 1.275965690612792969e+00 3.642515221145004034e-04 3.496071731206029654e-04 3.272910544183105230e-05 2.212760108477596077e-07 5.526273980649420992e-07 9.094947017729282379e-11 3.088621554070414277e-07
8.500000000000000000e+04 1.239275932312011719e+00 3.038608992937952280e-04 3.695856721606105566e-04 5.011321627534925938e-05 2.034803401329554617e-07 3.219838617951609194e-07 5.238689482212066650e-10 3.127166792182833888e-07 1.275176048278808594e+00 3.000333963427692652e-04 3.373654908500611782e-04 3.126381852780468762e-05 2.034803401329554617e-07 3.219838617951609194e-07 5.238689482212066650e-10 3.127166792182833888e-07
9.000000000000000000e+04 1.238600730895996094e+00 2.682212507352232933e-04 4.337823775131255388e-04 6.567269156221300364e-05 2.748720646650326671e-07 2.608069280540803447e-07 3.711102181114256382e-08 3.082000148424413055e-07 1.274456501007080078e+00 2.508687612134963274e-04 3.482371685095131397e-04 2.838398722815327346e-05 2.748720646650326671e-07 2.608069280540803447e-07 3.711102181114256382e-08 3.082000148424413055e-07
9.500000000000000000e+04 1.238105535507202148e+00 2.465381694491952658e-04 2.565435424912720919e-04 5.383209645515307784e-05 1.540067842142889276e-07 1.996270384552190080e-07 2.753586159087717533e-08 1.531658568865168490e-07 1.273939847946166992e+00 2.441531396470963955e-04 3.265308623667806387e-04 2.462171869410667568e-05 1.540067842142889276e-07 1.996270384552190080e-07 2.753586159087717533e-08 1.531658568865168490e-07
9.500000000000000000e+04 1.238105535507202148e+00 2.465381694491952658e-04 2.565435424912720919e-04 5.383209645515307784e-05 1.540067842142889276e-07 1.996270384552190080e-07 2.753586159087717533e-08 1.531658568865168490e-07 1.273939847946166992e+00 2.441531396470963955e-04 3.265308623667806387e-04 2.462171869410667568e-05 1.540067842142889276e-07 1.996270384552190080e-07 2.753586159087717533e-08 1.531658568865168490e-07
9.503300000000000000e+04 1.237883567810058594e+00 2.158055285690352321e-04 2.448866143822669983e-04 5.363305535865947604e-05 1.040307438415766228e-06 1.596717993379570544e-07 4.895264282822608948e-08 2.505601059965556487e-07 1.273721694946289062e+00 2.125507598975673318e-04 3.174306475557386875e-04 2.431850589346140623e-05 1.040307438415766228e-06 1.596717993379570544e-07 4.895264282822608948e-08 2.505601059965556487e-07
