# step, loss_train, loss_test, metrics_test
0.000000000000000000e+00 2.111098021268844604e-01 7.369517115876078606e-04 1.594253778457641602e-01 1.526366621255874634e-01 1.322499990463256836e+00 4.444445017725229263e-03 1.000000000000000000e+00 4.000000283122062683e-02 2.110694646835327148e-01 7.378133013844490051e-04 1.594149768352508545e-01 1.532378196716308594e-01 1.322499990463256836e+00 4.444445017725229263e-03 1.000000000000000000e+00 4.000000283122062683e-02
5.000000000000000000e+02 8.769293874502182007e-02 4.436620511114597321e-03 4.493417683988809586e-03 2.785518765449523926e-03 6.276459316723048687e-05 1.943721326824743301e-05 7.983981049619615078e-04 1.512241270393133163e-02 5.029791593551635742e-02 2.555839484557509422e-03 2.870746189728379250e-03 2.569398377090692520e-03 6.276459316723048687e-05 1.943721326824743301e-05 7.983981049619615078e-04 1.512241270393133163e-02
5.000000000000000000e+02 8.769293874502182007e-02 4.436620511114597321e-03 4.493417683988809586e-03 2.785518765449523926e-03 6.276459316723048687e-05 1.943721326824743301e-05 7.983981049619615078e-04 1.512241270393133163e-02 5.029791593551635742e-02 2.555839484557509422e-03 2.870746189728379250e-03 2.569398377090692520e-03 6.276459316723048687e-05 1.943721326824743301e-05 7.983981049619615078e-04 1.512241270393133163e-02
9.680000000000000000e+02 5.329981446266174316e-03 6.405860767699778080e-05 5.067360587418079376e-03 4.183988494332879782e-04 7.714930916336015798e-10 2.289813316735944682e-08 2.825260025929310359e-10 4.006322473287582397e-02 1.176274032332003117e-03 7.111072773113846779e-05 1.266590843442827463e-04 4.532972525339573622e-04 7.714930916336015798e-10 2.289813316735944682e-08 2.825260025929310359e-10 4.006322473287582397e-02
9.680000000000000000e+02 5.329981446266174316e-03 6.405860767699778080e-05 5.067360587418079376e-03 4.183988494332879782e-04 7.714930916336015798e-10 2.289813316735944682e-08 2.825260025929310359e-10 4.006322473287582397e-02 1.176274032332003117e-03 7.111072773113846779e-05 1.266590843442827463e-04 4.532972525339573622e-04 7.714930916336015798e-10 2.289813316735944682e-08 2.825260025929310359e-10 4.006322473287582397e-02
9.900000000000000000e+02 5.329981446266174316e-03 6.405860767699778080e-05 5.067360587418079376e-03 4.183988494332879782e-04 7.714930916336015798e-10 2.289813316735944682e-08 2.825260025929310359e-10 4.006322473287582397e-02 1.176274032332003117e-03 7.111072773113846779e-05 1.266590843442827463e-04 4.532972525339573622e-04 7.714930916336015798e-10 2.289813316735944682e-08 2.825260025929310359e-10 4.006322473287582397e-02
9.900000000000000000e+02 5.329981446266174316e-03 6.405860767699778080e-05 5.067360587418079376e-03 4.183988494332879782e-04 7.714930916336015798e-10 2.289813316735944682e-08 2.825260025929310359e-10 4.006322473287582397e-02 1.176274032332003117e-03 7.111072773113846779e-05 1.266590843442827463e-04 4.532972525339573622e-04 7.714930916336015798e-10 2.289813316735944682e-08 2.825260025929310359e-10 4.006322473287582397e-02
1.000000000000000000e+03 5.329981446266174316e-03 6.405860767699778080e-05 5.067360587418079376e-03 4.183988494332879782e-04 7.714930916336015798e-10 2.289813316735944682e-08 2.825260025929310359e-10 4.006322473287582397e-02 5.329981446266174316e-03 6.405860767699778080e-05 5.067360587418079376e-03 4.183988494332879782e-04 7.714930916336015798e-10 2.289813316735944682e-08 2.825260025929310359e-10 4.006322473287582397e-02
1.012000000000000000e+03 5.329981446266174316e-03 6.405860767699778080e-05 5.067360587418079376e-03 4.183988494332879782e-04 7.714930916336015798e-10 2.289813316735944682e-08 2.825260025929310359e-10 4.006322473287582397e-02 1.176274032332003117e-03 7.111072773113846779e-05 1.266590843442827463e-04 4.532972525339573622e-04 7.714930916336015798e-10 2.289813316735944682e-08 2.825260025929310359e-10 4.006322473287582397e-02
