# step, loss_train, loss_test, metrics_test
0.000000000000000000e+00 8.016092300415039062e+00 1.328812241554260254e-01 2.736863525390625000e+03 6.053398922085762024e-02 2.066406250000000000e+00 4.444445073604583740e-01 1.000000000000000000e+02 1.000000000000000000e+02 7.737612247467041016e+00 8.623529076576232910e-01 2.765822509765625000e+03 6.037240102887153625e-02 2.066406250000000000e+00 4.444445073604583740e-01 1.000000000000000000e+02 1.000000000000000000e+02
2.000000000000000000e+02 2.351131677627563477e+00 3.520009219646453857e-01 9.218455200195312500e+02 6.218392029404640198e-02 2.001854419708251953e+00 4.249700903892517090e-01 9.912312316894531250e+01 1.001636428833007812e+02 2.184983253479003906e+00 6.045746151357889175e-03 9.396265869140625000e+02 6.193612143397331238e-02 2.001854419708251953e+00 4.249700903892517090e-01 9.912312316894531250e+01 1.001636428833007812e+02
4.000000000000000000e+02 1.625575900077819824e+00 4.346055686473846436e-01 7.152191162109375000e+02 6.466957926750183105e-02 1.979759812355041504e+00 4.113480448722839355e-01 9.928938293457031250e+01 1.001908645629882812e+02 1.502804517745971680e+00 4.163338616490364075e-02 7.358011474609375000e+02 6.448733806610107422e-02 1.979759812355041504e+00 4.113480448722839355e-01 9.928938293457031250e+01 1.001908645629882812e+02
6.000000000000000000e+02 2.879368543624877930e+00 6.768695712089538574e-01 5.377406616210937500e+02 7.724707573652267456e-02 1.972860932350158691e+00 4.061484336853027344e-01 9.946842956542968750e+01 1.002360687255859375e+02 2.679177761077880859e+00 2.147831320762634277e-01 5.587885131835937500e+02 7.765178382396697998e-02 1.972860932350158691e+00 4.061484336853027344e-01 9.946842956542968750e+01 1.002360687255859375e+02
8.000000000000000000e+02 6.723731517791748047e+00 1.267492890357971191e+00 3.950912475585937500e+02 1.301633417606353760e-01 1.969729781150817871e+00 4.138092100620269775e-01 9.964328765869140625e+01 1.003103485107421875e+02 6.301104068756103516e+00 7.490664124488830566e-01 4.148619079589843750e+02 1.319993883371353149e-01 1.969729781150817871e+00 4.138092100620269775e-01 9.964328765869140625e+01 1.003103485107421875e+02
1.000000000000000000e+03 1.035248088836669922e+01 2.268650770187377930e+00 2.896885986328125000e+02 3.097406327724456787e-01 1.952069044113159180e+00 3.784191608428955078e-01 9.980640411376953125e+01 1.003967514038085938e+02 9.728052139282226562e+00 1.750763535499572754e+00 3.074599914550781250e+02 3.127180039882659912e-01 1.952069044113159180e+00 3.784191608428955078e-01 9.980640411376953125e+01 1.003967514038085938e+02
1.200000000000000000e+03 1.179314136505126953e+01 3.341200590133666992e+00 2.154129943847656250e+02 7.688329219818115234e-01 1.922865509986877441e+00 3.496316075325012207e-01 9.995613098144531250e+01 1.004586715698242188e+02 1.110502243041992188e+01 2.836297512054443359e+00 2.310370483398437500e+02 7.671734690666198730e-01 1.922865509986877441e+00 3.496316075325012207e-01 9.995613098144531250e+01 1.004586715698242188e+02
1.400000000000000000e+03 1.193340015411376953e+01 4.409483909606933594e+00 1.634490203857421875e+02 1.651149272918701172e+00 1.889303445816040039e+00 3.287477195262908936e-01 1.000932540893554688e+02 1.004714813232421875e+02 1.126698589324951172e+01 3.922232866287231445e+00 1.770164642333984375e+02 1.631003141403198242e+00 1.889303445816040039e+00 3.287477195262908936e-01 1.000932540893554688e+02 1.004714813232421875e+02
1.600000000000000000e+03 1.130605125427246094e+01 5.321798801422119141e+00 1.272646484375000000e+02 2.923304796218872070e+00 1.854103684425354004e+00 3.114251792430877686e-01 1.002192535400390625e+02 1.004160919189453125e+02 1.071078109741210938e+01 4.855877876281738281e+00 1.389946899414062500e+02 2.867640495300292969e+00 1.854103684425354004e+00 3.114251792430877686e-01 1.002192535400390625e+02 1.004160919189453125e+02
1.800000000000000000e+03 1.028755760192871094e+01 5.946947574615478516e+00 1.021050872802734375e+02 4.279101371765136719e+00 1.818702697753906250e+00 2.949686050415039062e-01 1.003358917236328125e+02 1.002807388305664062e+02 9.785597801208496094e+00 5.503737926483154297e+00 1.122682113647460938e+02 4.179277420043945312e+00 1.818702697753906250e+00 2.949686050415039062e-01 1.003358917236328125e+02 1.002807388305664062e+02
2.000000000000000000e+03 8.769140243530273438e+00 6.131526470184326172e+00 8.502877807617187500e+01 5.262603759765625000e+00 1.783282518386840820e+00 2.787054181098937988e-01 1.004448699951171875e+02 1.000642547607421875e+02 8.381915092468261719e+00 5.716748714447021484e+00 9.393128967285156250e+01 5.127313137054443359e+00 1.783282518386840820e+00 2.787054181098937988e-01 1.004448699951171875e+02 1.000642547607421875e+02
2.200000000000000000e+03 7.461382865905761719e+00 6.036448001861572266e+00 7.288988494873046875e+01 5.561643123626708984e+00 1.750338315963745117e+00 2.627096772193908691e-01 1.005481567382812500e+02 9.977870178222656250e+01 7.171959877014160156e+00 5.649520874023437500e+00 8.075529479980468750e+01 5.413879394531250000e+00 1.750338315963745117e+00 2.627096772193908691e-01 1.005481567382812500e+02 9.977870178222656250e+01
2.400000000000000000e+03 6.669436454772949219e+00 5.939009189605712891e+00 6.326884078979492188e+01 5.447970867156982422e+00 1.719857931137084961e+00 2.470100373029708862e-01 1.006474151611328125e+02 9.945588684082031250e+01 6.446263313293457031e+00 5.570894241333007812e+00 7.021960449218750000e+01 5.302706241607666016e+00 1.719857931137084961e+00 2.470100373029708862e-01 1.006474151611328125e+02 9.945588684082031250e+01
2.600000000000000000e+03 6.043224811553955078e+00 5.824010372161865234e+00 5.559288787841796875e+01 5.135148525238037109e+00 1.690484642982482910e+00 2.316192686557769775e-01 1.007434692382812500e+02 9.911260223388671875e+01 5.872072696685791016e+00 5.468060970306396484e+00 6.174650573730468750e+01 4.999924182891845703e+00 1.690484642982482910e+00 2.316192686557769775e-01 1.007434692382812500e+02 9.911260223388671875e+01
2.800000000000000000e+03 5.457237243652343750e+00 5.689050674438476562e+00 4.943883514404296875e+01 4.732983589172363281e+00 1.661704301834106445e+00 2.165915518999099731e-01 1.008367996215820312e+02 9.875659942626953125e+01 5.329905986785888672e+00 5.337191104888916016e+00 5.490214920043945312e+01 4.611313819885253906e+00 1.661704301834106445e+00 2.165915518999099731e-01 1.008367996215820312e+02 9.875659942626953125e+01
3.000000000000000000e+03 4.797458171844482422e+00 5.482739448547363281e+00 4.463628768920898438e+01 4.267267704010009766e+00 1.633416175842285156e+00 2.019679248332977295e-01 1.009277496337890625e+02 9.839070129394531250e+01 4.710021972656250000e+00 5.130836009979248047e+00 4.952156066894531250e+01 4.161664009094238281e+00 1.633416175842285156e+00 2.019679248332977295e-01 1.009277496337890625e+02 9.839070129394531250e+01
3.200000000000000000e+03 4.217100143432617188e+00 5.290843009948730469e+00 4.067729187011718750e+01 3.790722131729125977e+00 1.606220006942749023e+00 1.877972036600112915e-01 1.010167083740234375e+02 9.801824188232421875e+01 4.161553382873535156e+00 4.930110454559326172e+00 4.506024551391601562e+01 3.701663255691528320e+00 1.606220006942749023e+00 1.877972036600112915e-01 1.010167083740234375e+02 9.801824188232421875e+01
3.400000000000000000e+03 3.699080467224121094e+00 5.125344753265380859e+00 3.738056945800781250e+01 3.340119123458862305e+00 1.580046534538269043e+00 1.740974485874176025e-01 1.011037750244140625e+02 9.764122009277343750e+01 3.667785644531250000e+00 4.744395256042480469e+00 4.132821273803710938e+01 3.266651868820190430e+00 1.580046534538269043e+00 1.740974485874176025e-01 1.011037750244140625e+02 9.764122009277343750e+01
3.600000000000000000e+03 3.180713653564453125e+00 4.951112747192382812e+00 3.473431015014648438e+01 2.921330213546752930e+00 1.554752588272094727e+00 1.608856618404388428e-01 1.011887054443359375e+02 9.726005554199218750e+01 3.166716814041137695e+00 4.538744449615478516e+00 3.832205963134765625e+01 2.862219333648681641e+00 1.554752588272094727e+00 1.608856618404388428e-01 1.011887054443359375e+02 9.726005554199218750e+01
3.800000000000000000e+03 2.606298208236694336e+00 4.685119628906250000e+00 3.286050796508789062e+01 2.504898309707641602e+00 1.530790448188781738e+00 1.482398360967636108e-01 1.012702026367187500e+02 9.687425994873046875e+01 2.603605270385742188e+00 4.237510204315185547e+00 3.618804168701171875e+01 2.459807634353637695e+00 1.530790448188781738e+00 1.482398360967636108e-01 1.012702026367187500e+02 9.687425994873046875e+01
4.000000000000000000e+03 2.099855661392211914e+00 4.402252674102783203e+00 3.151477050781250000e+01 2.117911577224731445e+00 1.508978009223937988e+00 1.362249851226806641e-01 1.013469009399414062e+02 9.648546600341796875e+01 2.102056980133056641e+00 3.911823511123657227e+00 3.465522003173828125e+01 2.085494995117187500e+00 1.508978009223937988e+00 1.362249851226806641e-01 1.013469009399414062e+02 9.648546600341796875e+01
4.200000000000000000e+03 1.783336043357849121e+00 4.274355411529541016e+00 3.030813217163085938e+01 1.807363629341125488e+00 1.489627122879028320e+00 1.248241439461708069e-01 1.014179763793945312e+02 9.609502410888671875e+01 1.784803748130798340e+00 3.710793972015380859e+00 3.323688888549804688e+01 1.784884333610534668e+00 1.489627122879028320e+00 1.248241439461708069e-01 1.014179763793945312e+02 9.609502410888671875e+01
4.400000000000000000e+03 1.522727251052856445e+00 4.164678573608398438e+00 2.944971084594726562e+01 1.570131659507751465e+00 1.471679806709289551e+00 1.140052303671836853e-01 1.014814300537109375e+02 9.570182800292968750e+01 1.520480751991271973e+00 3.518471002578735352e+00 3.221911621093750000e+01 1.555169224739074707e+00 1.471679806709289551e+00 1.140052303671836853e-01 1.014814300537109375e+02 9.570182800292968750e+01
4.600000000000000000e+03 1.329176068305969238e+00 4.044879436492919922e+00 2.886715507507324219e+01 1.396986603736877441e+00 1.455174446105957031e+00 1.037918701767921448e-01 1.015351562500000000e+02 9.530458831787109375e+01 1.325569510459899902e+00 3.332470655441284180e+00 3.152837371826171875e+01 1.387668013572692871e+00 1.455174446105957031e+00 1.037918701767921448e-01 1.015351562500000000e+02 9.530458831787109375e+01
4.800000000000000000e+03 1.218057513236999512e+00 3.935841798782348633e+00 2.836216545104980469e+01 1.288671612739562988e+00 1.439603090286254883e+00 9.418195486068725586e-02 1.015796127319335938e+02 9.490174102783203125e+01 1.219690561294555664e+00 3.192425489425659180e+00 3.093304634094238281e+01 1.283456325531005859e+00 1.439603090286254883e+00 9.418195486068725586e-02 1.015796127319335938e+02 9.490174102783203125e+01
5.000000000000000000e+03 1.178136706352233887e+00 3.862284898757934570e+00 2.778537178039550781e+01 1.239828228950500488e+00 1.423821568489074707e+00 8.514343202114105225e-02 1.016178436279296875e+02 9.449079132080078125e+01 1.192107439041137695e+00 3.121312141418457031e+00 3.025300216674804688e+01 1.237643241882324219e+00 1.423821568489074707e+00 8.514343202114105225e-02 1.016178436279296875e+02 9.449079132080078125e+01
5.200000000000000000e+03 1.179540991783142090e+00 3.817631959915161133e+00 2.711571121215820312e+01 1.238203883171081543e+00 1.406462073326110840e+00 7.663005590438842773e-02 1.016535186767578125e+02 9.406901550292968750e+01 1.210677504539489746e+00 3.101601600646972656e+00 2.946208000183105469e+01 1.238490819931030273e+00 1.406462073326110840e+00 7.663005590438842773e-02 1.016535186767578125e+02 9.406901550292968750e+01
5.400000000000000000e+03 1.201693415641784668e+00 3.790400266647338867e+00 2.637841606140136719e+01 1.268988013267517090e+00 1.386573910713195801e+00 6.860739737749099731e-02 1.016893463134765625e+02 9.363410186767578125e+01 1.252403497695922852e+00 3.111139774322509766e+00 2.858945846557617188e+01 1.271626114845275879e+00 1.386573910713195801e+00 6.860739737749099731e-02 1.016893463134765625e+02 9.363410186767578125e+01
5.600000000000000000e+03 1.234338641166687012e+00 3.770321607589721680e+00 2.560400009155273438e+01 1.318411231040954590e+00 1.363628625869750977e+00 6.105960160493850708e-02 1.017267532348632812e+02 9.318421936035156250e+01 1.305541038513183594e+00 3.133609294891357422e+00 2.767172813415527344e+01 1.323601961135864258e+00 1.363628625869750977e+00 6.105960160493850708e-02 1.017267532348632812e+02 9.318421936035156250e+01
5.800000000000000000e+03 1.275369644165039062e+00 3.758121728897094727e+00 2.480694389343261719e+01 1.375934720039367676e+00 1.337301135063171387e+00 5.397941544651985168e-02 1.017664947509765625e+02 9.271789550781250000e+01 1.367157340049743652e+00 3.164200782775878906e+00 2.672441101074218750e+01 1.384081840515136719e+00 1.337301135063171387e+00 5.397941544651985168e-02 1.017664947509765625e+02 9.271789550781250000e+01
6.000000000000000000e+03 1.322363018989562988e+00 3.746275901794433594e+00 2.400709724426269531e+01 1.433773279190063477e+00 1.307471394538879395e+00 4.737260192632675171e-02 1.018088226318359375e+02 9.223365783691406250e+01 1.434722304344177246e+00 3.195752620697021484e+00 2.577268981933593750e+01 1.445398807525634766e+00 1.307471394538879395e+00 4.737260192632675171e-02 1.018088226318359375e+02 9.223365783691406250e+01
6.200000000000000000e+03 1.384474873542785645e+00 3.783266782760620117e+00 2.316311836242675781e+01 1.487846612930297852e+00 1.274023175239562988e+00 4.123525694012641907e-02 1.018546066284179688e+02 9.172959899902343750e+01 1.515743255615234375e+00 3.255334377288818359e+00 2.475781822204589844e+01 1.503484368324279785e+00 1.274023175239562988e+00 4.123525694012641907e-02 1.018546066284179688e+02 9.172959899902343750e+01
6.400000000000000000e+03 1.448429346084594727e+00 3.836621522903442383e+00 2.233369064331054688e+01 1.533192276954650879e+00 1.237521767616271973e+00 3.559413552284240723e-02 1.019029617309570312e+02 9.120362854003906250e+01 1.596452236175537109e+00 3.318851232528686523e+00 2.376045417785644531e+01 1.553363204002380371e+00 1.237521767616271973e+00 3.559413552284240723e-02 1.019029617309570312e+02 9.120362854003906250e+01
6.600000000000000000e+03 1.503840327262878418e+00 3.866221427917480469e+00 2.157004737854003906e+01 1.568321228027343750e+00 1.198406577110290527e+00 3.048173524439334869e-02 1.019534759521484375e+02 9.065327453613281250e+01 1.667109012603759766e+00 3.364289045333862305e+00 2.284252738952636719e+01 1.593498587608337402e+00 1.198406577110290527e+00 3.048173524439334869e-02 1.019534759521484375e+02 9.065327453613281250e+01
6.800000000000000000e+03 1.547081708908081055e+00 3.850094795227050781e+00 2.088824844360351562e+01 1.594313979148864746e+00 1.156502962112426758e+00 2.586842142045497894e-02 1.020061264038085938e+02 9.007506561279296875e+01 1.725219011306762695e+00 3.380024433135986328e+00 2.201745605468750000e+01 1.624908089637756348e+00 1.156502962112426758e+00 2.586842142045497894e-02 1.020061264038085938e+02 9.007506561279296875e+01
7.000000000000000000e+03 1.588735938072204590e+00 3.810842990875244141e+00 2.024069786071777344e+01 1.615631461143493652e+00 1.111803412437438965e+00 2.174261771142482758e-02 1.020610427856445312e+02 8.946473693847656250e+01 1.782495975494384766e+00 3.385061264038085938e+00 2.122710418701171875e+01 1.652022361755371094e+00 1.111803412437438965e+00 2.174261771142482758e-02 1.020610427856445312e+02 8.946473693847656250e+01
7.200000000000000000e+03 1.631097674369812012e+00 3.773846149444580078e+00 1.960141754150390625e+01 1.631547451019287109e+00 1.064326524734497070e+00 1.808698661625385284e-02 1.021190109252929688e+02 8.881671142578125000e+01 1.840011000633239746e+00 3.392330408096313477e+00 2.044477462768554688e+01 1.674024939537048340e+00 1.064326524734497070e+00 1.808698661625385284e-02 1.021190109252929688e+02 8.881671142578125000e+01
7.400000000000000000e+03 1.672602057456970215e+00 3.739618062973022461e+00 1.897496414184570312e+01 1.641409397125244141e+00 1.014159083366394043e+00 1.488405279815196991e-02 1.021800689697265625e+02 8.812461853027343750e+01 1.895928978919982910e+00 3.402035474777221680e+00 1.967591285705566406e+01 1.690141558647155762e+00 1.014159083366394043e+00 1.488405279815196991e-02 1.021800689697265625e+02 8.812461853027343750e+01
7.600000000000000000e+03 1.711944222450256348e+00 3.709038734436035156e+00 1.836499404907226562e+01 1.644736170768737793e+00 9.614688158035278320e-01 1.211374904960393906e-02 1.022441864013671875e+02 8.738096618652343750e+01 1.948741197586059570e+00 3.414987802505493164e+00 1.892485046386718750e+01 1.699736595153808594e+00 9.614688158035278320e-01 1.211374904960393906e-02 1.022441864013671875e+02 8.738096618652343750e+01
7.800000000000000000e+03 1.747431278228759766e+00 3.684401035308837891e+00 1.777392578125000000e+01 1.641214251518249512e+00 9.065330624580383301e-01 9.752973914146423340e-03 1.023112106323242188e+02 8.657729339599609375e+01 1.996328711509704590e+00 3.432094812393188477e+00 1.819449424743652344e+01 1.702314138412475586e+00 9.065330624580383301e-01 9.752973914146423340e-03 1.023112106323242188e+02 8.657729339599609375e+01
8.000000000000000000e+03 1.778783202171325684e+00 3.666293144226074219e+00 1.720228767395019531e+01 1.632963657379150391e+00 8.500758409500122070e-01 7.770290132611989975e-03 1.023809967041015625e+02 8.570580291748046875e+01 2.038608789443969727e+00 3.455985069274902344e+00 1.748399162292480469e+01 1.699908018112182617e+00 8.500758409500122070e-01 7.770290132611989975e-03 1.023809967041015625e+02 8.570580291748046875e+01
8.200000000000000000e+03 1.802304744720458984e+00 3.649929285049438477e+00 1.666688346862792969e+01 1.613119244575500488e+00 7.925044894218444824e-01 6.133886985480785370e-03 1.024538955688476562e+02 8.475473785400390625e+01 2.071441650390625000e+00 3.483216047286987305e+00 1.681594467163085938e+01 1.685189723968505859e+00 7.925044894218444824e-01 6.133886985480785370e-03 1.024538955688476562e+02 8.475473785400390625e+01
8.400000000000000000e+03 3.926029920578002930e+00 2.553528308868408203e+00 2.922659492492675781e+01 1.606650590896606445e+00 7.869964241981506348e-01 3.855705959722399712e-03 1.027036361694335938e+02 8.419428253173828125e+01 4.695940017700195312e+00 2.926590681076049805e+00 2.962870597839355469e+01 1.677805781364440918e+00 7.869964241981506348e-01 3.855705959722399712e-03 1.027036361694335938e+02 8.419428253173828125e+01
8.600000000000000000e+03 5.173120975494384766e+00 3.497908115386962891e+00 2.511438751220703125e+01 2.281829357147216797e+00 7.808160781860351562e-01 2.402316778898239136e-03 1.027021484375000000e+02 8.400077819824218750e+01 6.169180870056152344e+00 3.944023132324218750e+00 2.529322814941406250e+01 2.369555711746215820e+00 7.808160781860351562e-01 2.402316778898239136e-03 1.027021484375000000e+02 8.400077819824218750e+01
8.800000000000000000e+03 5.021496295928955078e+00 3.673393487930297852e+00 2.412414741516113281e+01 2.646742582321166992e+00 7.692145705223083496e-01 1.227431232109665871e-03 1.027005233764648438e+02 8.381044006347656250e+01 5.983148097991943359e+00 4.129490375518798828e+00 2.423646163940429688e+01 2.743216753005981445e+00 7.692145705223083496e-01 1.227431232109665871e-03 1.027005233764648438e+02 8.381044006347656250e+01
9.000000000000000000e+03 4.855783462524414062e+00 3.735953330993652344e+00 2.353306007385253906e+01 2.786244630813598633e+00 7.572490572929382324e-01 4.564473929349333048e-04 1.026987533569335938e+02 8.361257171630859375e+01 5.781169414520263672e+00 4.187370777130126953e+00 2.362237739562988281e+01 2.887590408325195312e+00 7.572490572929382324e-01 4.564473929349333048e-04 1.026987533569335938e+02 8.361257171630859375e+01
9.200000000000000000e+03 4.697915077209472656e+00 3.756215810775756836e+00 2.308123207092285156e+01 2.807582855224609375e+00 7.447896599769592285e-01 7.118964276742190123e-05 1.026969223022460938e+02 8.340193176269531250e+01 5.588615894317626953e+00 4.195965290069580078e+00 2.316684532165527344e+01 2.912078142166137695e+00 7.447896599769592285e-01 7.118964276742190123e-05 1.026969223022460938e+02 8.340193176269531250e+01
9.400000000000000000e+03 4.537757396697998047e+00 3.760570049285888672e+00 2.268058967590332031e+01 2.780508995056152344e+00 7.315859198570251465e-01 1.271782275580335408e-05 1.026951141357421875e+02 8.317591857910156250e+01 5.393257617950439453e+00 4.185600757598876953e+00 2.277427291870117188e+01 2.887556076049804688e+00 7.315859198570251465e-01 1.271782275580335408e-05 1.026951141357421875e+02 8.317591857910156250e+01
9.600000000000000000e+03 4.367039203643798828e+00 3.759322643280029297e+00 2.232056808471679688e+01 2.740127801895141602e+00 7.171312570571899414e-01 2.138962299795821309e-04 1.026939697265625000e+02 8.293403625488281250e+01 5.185577392578125000e+00 4.172188282012939453e+00 2.245254135131835938e+01 2.849740982055664062e+00 7.171312570571899414e-01 2.138962299795821309e-04 1.026939697265625000e+02 8.293403625488281250e+01
9.800000000000000000e+03 4.177739620208740234e+00 3.753023862838745117e+00 2.207491111755371094e+01 2.713591337203979492e+00 6.998305320739746094e-01 6.228847196325659752e-04 1.026968231201171875e+02 8.267882537841796875e+01 4.960191249847412109e+00 4.201607704162597656e+00 2.243625068664550781e+01 2.826496362686157227e+00 6.998305320739746094e-01 6.228847196325659752e-04 1.026968231201171875e+02 8.267882537841796875e+01
1.000000000000000000e+04 4.016805648803710938e+00 3.743418693542480469e+00 2.186924362182617188e+01 2.690399646759033203e+00 6.793672442436218262e-01 1.195532502606511116e-03 1.027065658569335938e+02 8.240950012207031250e+01 4.766388893127441406e+00 4.205593109130859375e+00 2.237023735046386719e+01 2.807141065597534180e+00 6.793672442436218262e-01 1.195532502606511116e-03 1.027065658569335938e+02 8.240950012207031250e+01
1.020000000000000000e+04 3.869292259216308594e+00 3.731563568115234375e+00 2.166020011901855469e+01 2.643173217773437500e+00 6.578191518783569336e-01 1.847317675128579140e-03 1.027179412841796875e+02 8.211888122558593750e+01 4.585443496704101562e+00 4.174223899841308594e+00 2.220261383056640625e+01 2.763339281082153320e+00 6.578191518783569336e-01 1.847317675128579140e-03 1.027179412841796875e+02 8.211888122558593750e+01
1.040000000000000000e+04 3.716112613677978516e+00 3.716829776763916016e+00 2.145303535461425781e+01 2.586007118225097656e+00 6.352629661560058594e-01 2.511279191821813583e-03 1.027301483154296875e+02 8.180516052246093750e+01 4.398023128509521484e+00 4.142374038696289062e+00 2.205483245849609375e+01 2.709392070770263672e+00 6.352629661560058594e-01 2.511279191821813583e-03 1.027301483154296875e+02 8.180516052246093750e+01
1.060000000000000000e+04 3.555187940597534180e+00 3.700195074081420898e+00 2.124468231201171875e+01 2.523294687271118164e+00 6.115101575851440430e-01 3.136727260425686836e-03 1.027432250976562500e+02 8.146760559082031250e+01 4.202559947967529297e+00 4.120432853698730469e+00 2.195427703857421875e+01 2.649739980697631836e+00 6.115101575851440430e-01 3.136727260425686836e-03 1.027432250976562500e+02 8.146760559082031250e+01
1.080000000000000000e+04 3.383679389953613281e+00 3.680711507797241211e+00 2.103735351562500000e+01 2.455604076385498047e+00 5.861601233482360840e-01 3.685814095661044121e-03 1.027570953369140625e+02 8.110575866699218750e+01 4.001294136047363281e+00 4.168184757232666016e+00 2.208756828308105469e+01 2.584903240203857422e+00 5.861601233482360840e-01 3.685814095661044121e-03 1.027570953369140625e+02 8.110575866699218750e+01
1.100000000000000000e+04 3.193427324295043945e+00 3.654041528701782227e+00 2.083902931213378906e+01 2.382981300354003906e+00 5.581998825073242188e-01 4.129908047616481781e-03 1.027715301513671875e+02 8.071904754638671875e+01 5.871171474456787109e+00 2.694111251831054688e+01 6.715733337402343750e+01 2.514848947525024414e+00 5.581998825073242188e-01 4.129908047616481781e-03 1.027715301513671875e+02 8.071904754638671875e+01
1.120000000000000000e+04 2.897657155990600586e+00 3.560527801513671875e+00 2.073548698425292969e+01 2.309401988983154297e+00 5.221057534217834473e-01 4.424035083502531052e-03 1.027850189208984375e+02 8.030503845214843750e+01 3.391749382019042969e+00 3.738582134246826172e+00 2.101730728149414062e+01 2.443562984466552734e+00 5.221057534217834473e-01 4.424035083502531052e-03 1.027850189208984375e+02 8.030503845214843750e+01
1.140000000000000000e+04 3.036807298660278320e+00 3.767098903656005859e+00 2.003215408325195312e+01 2.146585226058959961e+00 5.154613256454467773e-01 4.646167159080505371e-03 1.028016586303710938e+02 7.987219238281250000e+01 3.542046546936035156e+00 3.881771802902221680e+00 2.039212989807128906e+01 2.279169559478759766e+00 5.154613256454467773e-01 4.646167159080505371e-03 1.028016586303710938e+02 7.987219238281250000e+01
1.160000000000000000e+04 2.918314695358276367e+00 3.754460096359252930e+00 1.980700492858886719e+01 2.071898460388183594e+00 5.191377401351928711e-01 4.845461342483758926e-03 1.028204803466796875e+02 7.942042541503906250e+01 3.398421049118041992e+00 3.834422588348388672e+00 2.017085075378417969e+01 2.206327438354492188e+00 5.191377401351928711e-01 4.845461342483758926e-03 1.028204803466796875e+02 7.942042541503906250e+01
1.180000000000000000e+04 2.776281118392944336e+00 3.742633581161499023e+00 1.958568382263183594e+01 2.015493392944335938e+00 5.221859216690063477e-01 5.017080809921026230e-03 1.028405151367187500e+02 7.894996643066406250e+01 3.226822614669799805e+00 3.781825542449951172e+00 1.995827102661132812e+01 2.152571916580200195e+00 5.221859216690063477e-01 5.017080809921026230e-03 1.028405151367187500e+02 7.894996643066406250e+01
1.200000000000000000e+04 2.510442972183227539e+00 3.577171802520751953e+00 1.966524124145507812e+01 1.962448120117187500e+00 5.272356271743774414e-01 5.178546998649835587e-03 1.028622207641601562e+02 7.846244812011718750e+01 2.915700912475585938e+00 3.598020076751708984e+00 2.005383300781250000e+01 2.102400302886962891e+00 5.272356271743774414e-01 5.178546998649835587e-03 1.028622207641601562e+02 7.846244812011718750e+01
1.220000000000000000e+04 2.494251966476440430e+00 3.709083080291748047e+00 1.918557548522949219e+01 1.880883574485778809e+00 5.337334871292114258e-01 5.332100670784711838e-03 1.028823394775390625e+02 7.796012878417968750e+01 2.886842012405395508e+00 3.653129339218139648e+00 1.955342864990234375e+01 2.022191047668457031e+00 5.337334871292114258e-01 5.332100670784711838e-03 1.028823394775390625e+02 7.796012878417968750e+01
1.240000000000000000e+04 2.340021848678588867e+00 3.675863504409790039e+00 1.904403114318847656e+01 1.824425220489501953e+00 5.377159118652343750e-01 5.472066812217235565e-03 1.029040374755859375e+02 7.743862152099609375e+01 2.701885461807250977e+00 3.570855379104614258e+00 1.940688896179199219e+01 1.968345642089843750e+00 5.377159118652343750e-01 5.472066812217235565e-03 1.029040374755859375e+02 7.743862152099609375e+01
1.260000000000000000e+04 2.168168067932128906e+00 3.645758628845214844e+00 1.892455673217773438e+01 1.807944655418395996e+00 5.371480584144592285e-01 5.595282651484012604e-03 1.029262847900390625e+02 7.689573669433593750e+01 2.494399785995483398e+00 3.477848529815673828e+00 1.931712341308593750e+01 1.956883907318115234e+00 5.371480584144592285e-01 5.595282651484012604e-03 1.029262847900390625e+02 7.689573669433593750e+01
1.280000000000000000e+04 2.059544563293457031e+00 3.548225641250610352e+00 1.898215484619140625e+01 1.757258296012878418e+00 5.423805117607116699e-01 5.800493061542510986e-03 1.029504623413085938e+02 7.633967590332031250e+01 2.527912616729736328e+00 5.130283355712890625e+00 2.415148925781250000e+01 1.909165382385253906e+00 5.423805117607116699e-01 5.800493061542510986e-03 1.029504623413085938e+02 7.633967590332031250e+01
1.300000000000000000e+04 2.055488586425781250e+00 3.522631883621215820e+00 1.893755912780761719e+01 1.735550165176391602e+00 5.439940690994262695e-01 6.111667491495609283e-03 1.029812393188476562e+02 7.576121520996093750e+01 2.365544319152832031e+00 3.321118116378784180e+00 1.921086311340332031e+01 1.892189025878906250e+00 5.439940690994262695e-01 6.111667491495609283e-03 1.029812393188476562e+02 7.576121520996093750e+01
1.320000000000000000e+04 1.840224504470825195e+00 3.480177402496337891e+00 1.875634956359863281e+01 1.742616891860961914e+00 5.381289720535278320e-01 6.307513453066349030e-03 1.029832534790039062e+02 7.515976715087890625e+01 2.101197719573974609e+00 3.175880193710327148e+00 1.912576484680175781e+01 1.906061530113220215e+00 5.381289720535278320e-01 6.307513453066349030e-03 1.029832534790039062e+02 7.515976715087890625e+01
1.340000000000000000e+04 1.964880347251892090e+00 3.508156538009643555e+00 1.865221023559570312e+01 1.779147863388061523e+00 5.365152359008789062e-01 6.892444100230932236e-03 1.030182113647460938e+02 7.453406524658203125e+01 2.257161855697631836e+00 3.256968021392822266e+00 1.885779571533203125e+01 1.951591849327087402e+00 5.365152359008789062e-01 6.892444100230932236e-03 1.030182113647460938e+02 7.453406524658203125e+01
1.360000000000000000e+04 1.787270784378051758e+00 3.411835193634033203e+00 1.856722640991210938e+01 1.771435022354125977e+00 5.289767980575561523e-01 7.289289496839046478e-03 1.030129241943359375e+02 7.388793182373046875e+01 2.041112899780273438e+00 3.090166091918945312e+00 1.885671424865722656e+01 1.949437856674194336e+00 5.289767980575561523e-01 7.289289496839046478e-03 1.030129241943359375e+02 7.388793182373046875e+01
1.380000000000000000e+04 2.490588665008544922e+00 3.704836606979370117e+00 1.841489219665527344e+01 1.807744383811950684e+00 5.309554338455200195e-01 9.092263877391815186e-03 1.031143188476562500e+02 7.322239685058593750e+01 2.897827148437500000e+00 3.578974008560180664e+00 1.841185760498046875e+01 1.994110226631164551e+00 5.309554338455200195e-01 9.092263877391815186e-03 1.031143188476562500e+02 7.322239685058593750e+01
1.400000000000000000e+04 1.841000199317932129e+00 3.410662174224853516e+00 1.864631271362304688e+01 1.776179552078247070e+00 5.274377465248107910e-01 9.272152557969093323e-03 1.030910415649414062e+02 7.255297088623046875e+01 2.109223127365112305e+00 3.097415208816528320e+00 1.880507278442382812e+01 1.965734362602233887e+00 5.274377465248107910e-01 9.272152557969093323e-03 1.030910415649414062e+02 7.255297088623046875e+01
1.420000000000000000e+04 1.664405703544616699e+00 3.271129608154296875e+00 1.858462715148925781e+01 1.834964990615844727e+00 5.180290341377258301e-01 9.289965033531188965e-03 1.030638656616210938e+02 7.184545135498046875e+01 1.902305126190185547e+00 2.965818881988525391e+00 1.865937614440917969e+01 2.035497426986694336e+00 5.180290341377258301e-01 9.289965033531188965e-03 1.030638656616210938e+02 7.184545135498046875e+01
1.440000000000000000e+04 1.820809721946716309e+00 3.286230564117431641e+00 1.839679908752441406e+01 1.800039768218994141e+00 5.116709470748901367e-01 1.023461017757654190e-02 1.030695800781250000e+02 7.111476135253906250e+01 2.100748538970947266e+00 3.078655958175659180e+00 1.836843490600585938e+01 2.002348899841308594e+00 5.116709470748901367e-01 1.023461017757654190e-02 1.030695800781250000e+02 7.111476135253906250e+01
1.460000000000000000e+04 1.776373386383056641e+00 3.373148679733276367e+00 1.830684852600097656e+01 1.802794218063354492e+00 5.057678818702697754e-01 1.145900133997201920e-02 1.030977401733398438e+02 7.034834289550781250e+01 2.036788940429687500e+00 3.069755554199218750e+00 1.831182098388671875e+01 2.010101318359375000e+00 5.057678818702697754e-01 1.145900133997201920e-02 1.030977401733398438e+02 7.034834289550781250e+01
1.480000000000000000e+04 1.870246648788452148e+00 3.480739593505859375e+00 1.792888259887695312e+01 1.791639447212219238e+00 4.970943033695220947e-01 1.232592202723026276e-02 1.030930328369140625e+02 6.955509948730468750e+01 2.150010585784912109e+00 3.201429843902587891e+00 1.797210121154785156e+01 2.002306938171386719e+00 4.970943033695220947e-01 1.232592202723026276e-02 1.030930328369140625e+02 6.955509948730468750e+01
1.500000000000000000e+04 1.934508204460144043e+00 3.534062147140502930e+00 1.776164054870605469e+01 1.771185398101806641e+00 4.924012124538421631e-01 1.370700914412736893e-02 1.031072235107421875e+02 6.873045349121093750e+01 2.228821039199829102e+00 3.269072294235229492e+00 1.771102714538574219e+01 1.983919978141784668e+00 4.924012124538421631e-01 1.370700914412736893e-02 1.031072235107421875e+02 6.873045349121093750e+01
1.520000000000000000e+04 1.962678313255310059e+00 3.561577796936035156e+00 1.764724540710449219e+01 1.764073967933654785e+00 4.880457818508148193e-01 1.511434745043516159e-02 1.031244354248046875e+02 6.786552429199218750e+01 2.264168500900268555e+00 3.305117845535278320e+00 1.753250885009765625e+01 1.979872465133666992e+00 4.880457818508148193e-01 1.511434745043516159e-02 1.031244354248046875e+02 6.786552429199218750e+01
1.540000000000000000e+04 1.983405470848083496e+00 3.586979627609252930e+00 1.754641914367675781e+01 1.757563829421997070e+00 4.837171137332916260e-01 1.660551317036151886e-02 1.031433334350585938e+02 6.695768737792968750e+01 2.290545463562011719e+00 3.338322162628173828e+00 1.737285232543945312e+01 1.976107478141784668e+00 4.837171137332916260e-01 1.660551317036151886e-02 1.031433334350585938e+02 6.695768737792968750e+01
1.560000000000000000e+04 2.000620603561401367e+00 3.614479064941406250e+00 1.745343780517578125e+01 1.749424695968627930e+00 4.794735312461853027e-01 1.821690425276756287e-02 1.031637420654296875e+02 6.600416564941406250e+01 2.312653779983520508e+00 3.373624563217163086e+00 1.722367095947265625e+01 1.970166325569152832e+00 4.794735312461853027e-01 1.821690425276756287e-02 1.031637420654296875e+02 6.600416564941406250e+01
1.580000000000000000e+04 2.014406442642211914e+00 3.644597768783569336e+00 1.736789894104003906e+01 1.738973021507263184e+00 4.755304455757141113e-01 1.995884068310260773e-02 1.031857147216796875e+02 6.500257873535156250e+01 2.330649375915527344e+00 3.412262678146362305e+00 1.708344078063964844e+01 1.961309790611267090e+00 4.755304455757141113e-01 1.995884068310260773e-02 1.031857147216796875e+02 6.500257873535156250e+01
1.600000000000000000e+04 2.023584842681884766e+00 3.677670001983642578e+00 1.729014396667480469e+01 1.726103425025939941e+00 4.721364080905914307e-01 2.182756736874580383e-02 1.032093048095703125e+02 6.395051956176757812e+01 2.343076229095458984e+00 3.454424858093261719e+00 1.695310592651367188e+01 1.949447631835937500e+00 4.721364080905914307e-01 2.182756736874580383e-02 1.032093048095703125e+02 6.395051956176757812e+01
1.620000000000000000e+04 2.027298688888549805e+00 3.713974952697753906e+00 1.721991539001464844e+01 1.710581064224243164e+00 4.696329236030578613e-01 2.381484583020210266e-02 1.032345123291015625e+02 6.284594726562500000e+01 2.348894834518432617e+00 3.500393390655517578e+00 1.683071708679199219e+01 1.934350252151489258e+00 4.696329236030578613e-01 2.381484583020210266e-02 1.032345123291015625e+02 6.284594726562500000e+01
1.640000000000000000e+04 2.024594068527221680e+00 3.753147840499877930e+00 1.715714073181152344e+01 1.692268610000610352e+00 4.684610962867736816e-01 2.590947225689888000e-02 1.032612762451171875e+02 6.168724441528320312e+01 2.346954584121704102e+00 3.549528837203979492e+00 1.671063804626464844e+01 1.915900826454162598e+00 4.684610962867736816e-01 2.590947225689888000e-02 1.032612762451171875e+02 6.168724441528320312e+01
1.660000000000000000e+04 2.014603614807128906e+00 3.794996976852416992e+00 1.710107612609863281e+01 1.671100020408630371e+00 4.691562056541442871e-01 2.810121700167655945e-02 1.032895050048828125e+02 6.047307205200195312e+01 2.336110830307006836e+00 3.600076198577880859e+00 1.658188629150390625e+01 1.894061446189880371e+00 4.691562056541442871e-01 2.810121700167655945e-02 1.032895050048828125e+02 6.047307205200195312e+01
1.680000000000000000e+04 1.993939518928527832e+00 3.834618806838989258e+00 1.705801391601562500e+01 1.648462891578674316e+00 4.720144271850585938e-01 3.038369677960872650e-02 1.033193359375000000e+02 5.920158004760742188e+01 2.312746524810791016e+00 3.650201797485351562e+00 1.644908523559570312e+01 1.870418429374694824e+00 4.720144271850585938e-01 3.038369677960872650e-02 1.033193359375000000e+02 5.920158004760742188e+01
1.700000000000000000e+04 1.960718393325805664e+00 3.878394126892089844e+00 1.702801704406738281e+01 1.623233318328857422e+00 4.753549695014953613e-01 3.279533609747886658e-02 1.033513031005859375e+02 5.786906051635742188e+01 2.273923873901367188e+00 3.704703330993652344e+00 1.635432624816894531e+01 1.843722581863403320e+00 4.753549695014953613e-01 3.279533609747886658e-02 1.033513031005859375e+02 5.786906051635742188e+01
1.720000000000000000e+04 1.911869525909423828e+00 3.936405658721923828e+00 1.702299880981445312e+01 1.594705820083618164e+00 4.735708236694335938e-01 3.549888357520103455e-02 1.033878326416015625e+02 5.646451568603515625e+01 2.228464841842651367e+00 3.936390399932861328e+00 1.691678428649902344e+01 1.813120603561401367e+00 4.735708236694335938e-01 3.549888357520103455e-02 1.033878326416015625e+02 5.646451568603515625e+01
1.740000000000000000e+04 1.875548124313354492e+00 3.987963438034057617e+00 1.698419761657714844e+01 1.559478521347045898e+00 4.829134941101074219e-01 3.853064030408859253e-02 1.034212799072265625e+02 5.502993774414062500e+01 2.173851013183593750e+00 3.850187301635742188e+00 1.627243614196777344e+01 1.775190711021423340e+00 4.829134941101074219e-01 3.853064030408859253e-02 1.034212799072265625e+02 5.502993774414062500e+01
1.760000000000000000e+04 1.766632437705993652e+00 3.928958177566528320e+00 1.727654838562011719e+01 1.513948917388916016e+00 4.943820536136627197e-01 4.274639114737510681e-02 1.034767456054687500e+02 5.359474945068359375e+01 2.043697118759155273e+00 3.751521110534667969e+00 1.630430603027343750e+01 1.725504875183105469e+00 4.943820536136627197e-01 4.274639114737510681e-02 1.034767456054687500e+02 5.359474945068359375e+01
1.780000000000000000e+04 1.789716839790344238e+00 4.108111858367919922e+00 1.696359062194824219e+01 1.494780778884887695e+00 4.873038828372955322e-01 4.494044184684753418e-02 1.034935150146484375e+02 5.211545944213867188e+01 2.140110492706298828e+00 4.784466266632080078e+00 1.837669181823730469e+01 1.705229163169860840e+00 4.873038828372955322e-01 4.494044184684753418e-02 1.034935150146484375e+02 5.211545944213867188e+01
1.800000000000000000e+04 1.742945313453674316e+00 4.171488761901855469e+00 1.696777343750000000e+01 1.460500478744506836e+00 4.894676804542541504e-01 4.951021447777748108e-02 1.035320053100585938e+02 5.058874511718750000e+01 3.560566186904907227e+00 2.051382255554199219e+01 4.872040557861328125e+01 1.667772531509399414e+00 4.894676804542541504e-01 4.951021447777748108e-02 1.035320053100585938e+02 5.058874511718750000e+01
1.820000000000000000e+04 1.689913988113403320e+00 4.233655452728271484e+00 1.697537422180175781e+01 1.424590587615966797e+00 4.962163865566253662e-01 5.516445636749267578e-02 1.035693817138671875e+02 4.901061630249023438e+01 2.902695417404174805e+00 1.417297649383544922e+01 3.540383911132812500e+01 1.628377079963684082e+00 4.962163865566253662e-01 5.516445636749267578e-02 1.035693817138671875e+02 4.901061630249023438e+01
1.840000000000000000e+04 1.629052877426147461e+00 4.292157173156738281e+00 1.699041748046875000e+01 1.387626886367797852e+00 5.076278448104858398e-01 6.152967736124992371e-02 1.036049957275390625e+02 4.737908172607421875e+01 1.994013071060180664e+00 5.509969711303710938e+00 1.938486289978027344e+01 1.587682008743286133e+00 5.076278448104858398e-01 6.152967736124992371e-02 1.036049957275390625e+02 4.737908172607421875e+01
1.860000000000000000e+04 1.558740854263305664e+00 4.345383167266845703e+00 1.701908111572265625e+01 1.350445866584777832e+00 5.231155157089233398e-01 6.839203834533691406e-02 1.036382293701171875e+02 4.569128417968750000e+01 1.799780011177062988e+00 4.287436485290527344e+00 1.580772781372070312e+01 1.546625018119812012e+00 5.231155157089233398e-01 6.839203834533691406e-02 1.036382293701171875e+02 4.569128417968750000e+01
1.880000000000000000e+04 1.568075776100158691e+00 4.520729541778564453e+00 1.715951538085937500e+01 1.185482025146484375e+00 5.141423940658569336e-01 7.003951817750930786e-02 1.036653289794921875e+02 4.392959594726562500e+01 1.893098115921020508e+00 5.277497768402099609e+00 1.697684669494628906e+01 1.358683109283447266e+00 5.141423940658569336e-01 7.003951817750930786e-02 1.036653289794921875e+02 4.392959594726562500e+01
1.900000000000000000e+04 1.459969282150268555e+00 4.515974521636962891e+00 1.721982002258300781e+01 1.266013026237487793e+00 5.230787992477416992e-01 7.263838499784469604e-02 1.036948623657226562e+02 4.225278472900390625e+01 1.703558921813964844e+00 4.648066520690917969e+00 1.581381130218505859e+01 1.452277660369873047e+00 5.230787992477416992e-01 7.263838499784469604e-02 1.036948623657226562e+02 4.225278472900390625e+01
1.920000000000000000e+04 1.402109503746032715e+00 4.543271064758300781e+00 1.731967353820800781e+01 1.242415308952331543e+00 5.351539850234985352e-01 7.799325883388519287e-02 1.037129898071289062e+02 4.052795028686523438e+01 1.695623278617858887e+00 5.292558670043945312e+00 1.679430389404296875e+01 1.426382422447204590e+00 5.351539850234985352e-01 7.799325883388519287e-02 1.037129898071289062e+02 4.052795028686523438e+01
1.940000000000000000e+04 1.393438696861267090e+00 4.774537086486816406e+00 1.724550819396972656e+01 1.185430765151977539e+00 5.453051328659057617e-01 8.536309003829956055e-02 1.037206878662109375e+02 3.874958038330078125e+01 1.613069772720336914e+00 4.922689437866210938e+00 1.647968673706054688e+01 1.361981987953186035e+00 5.453051328659057617e-01 8.536309003829956055e-02 1.037206878662109375e+02 3.874958038330078125e+01
1.960000000000000000e+04 1.362584948539733887e+00 4.863946437835693359e+00 1.736425971984863281e+01 1.142310023307800293e+00 5.506671667098999023e-01 9.437434375286102295e-02 1.037218399047851562e+02 3.692711639404296875e+01 1.567726731300354004e+00 4.927012443542480469e+00 1.626778030395507812e+01 1.313369631767272949e+00 5.506671667098999023e-01 9.437434375286102295e-02 1.037218399047851562e+02 3.692711639404296875e+01
1.980000000000000000e+04 1.333243489265441895e+00 4.925341606140136719e+00 1.752092361450195312e+01 1.109573245048522949e+00 5.545845627784729004e-01 1.048413291573524475e-01 1.037141571044921875e+02 3.508388900756835938e+01 1.533064603805541992e+00 5.009808540344238281e+00 1.639822006225585938e+01 1.276639223098754883e+00 5.545845627784729004e-01 1.048413291573524475e-01 1.037141571044921875e+02 3.508388900756835938e+01
2.000000000000000000e+04 2.639157533645629883e+00 4.534520626068115234e+00 2.702697753906250000e+01 2.292342185974121094e+00 6.216549277305603027e-01 1.356833875179290771e-01 1.039927825927734375e+02 3.469496917724609375e+01 3.068387508392333984e+00 4.118186473846435547e+00 2.339114189147949219e+01 2.631903648376464844e+00 6.216549277305603027e-01 1.356833875179290771e-01 1.039927825927734375e+02 3.469496917724609375e+01
2.020000000000000000e+04 2.639848232269287109e+00 4.535167217254638672e+00 2.702494049072265625e+01 2.292545080184936523e+00 6.216524839401245117e-01 1.357022523880004883e-01 1.039927825927734375e+02 3.469493865966796875e+01 3.069169282913208008e+00 4.118642330169677734e+00 2.338831520080566406e+01 2.632133722305297852e+00 6.216524839401245117e-01 1.357022523880004883e-01 1.039927825927734375e+02 3.469493865966796875e+01
2.040000000000000000e+04 2.640558958053588867e+00 4.535223007202148438e+00 2.702152824401855469e+01 2.292754411697387695e+00 6.216508746147155762e-01 1.357221901416778564e-01 1.039927825927734375e+02 3.469489669799804688e+01 3.070049524307250977e+00 4.119174480438232422e+00 2.338534736633300781e+01 2.632370710372924805e+00 6.216508746147155762e-01 1.357221901416778564e-01 1.039927825927734375e+02 3.469489669799804688e+01
2.060000000000000000e+04 2.641305446624755859e+00 4.535246849060058594e+00 2.701786231994628906e+01 2.292980432510375977e+00 6.216508150100708008e-01 1.357438862323760986e-01 1.039927825927734375e+02 3.469486236572265625e+01 3.070976972579956055e+00 4.119722366333007812e+00 2.338217544555664062e+01 2.632627010345458984e+00 6.216508150100708008e-01 1.357438862323760986e-01 1.039927825927734375e+02 3.469486236572265625e+01
2.080000000000000000e+04 2.642143487930297852e+00 4.535195827484130859e+00 2.701339530944824219e+01 2.293317317962646484e+00 6.216582059860229492e-01 1.357678472995758057e-01 1.039927825927734375e+02 3.469474029541015625e+01 3.072028875350952148e+00 4.120357513427734375e+00 2.337841796875000000e+01 2.633010864257812500e+00 6.216582059860229492e-01 1.357678472995758057e-01 1.039927825927734375e+02 3.469474029541015625e+01
2.100000000000000000e+04 2.643082618713378906e+00 4.535222530364990234e+00 2.700806236267089844e+01 2.293940305709838867e+00 6.216688156127929688e-01 1.357935369014739990e-01 1.039927825927734375e+02 3.469449615478515625e+01 3.073210239410400391e+00 4.121178627014160156e+00 2.337385749816894531e+01 2.633721113204956055e+00 6.216688156127929688e-01 1.357935369014739990e-01 1.039927825927734375e+02 3.469449615478515625e+01
2.120000000000000000e+04 2.644172906875610352e+00 4.535332202911376953e+00 2.700183868408203125e+01 2.294779777526855469e+00 6.216791868209838867e-01 1.358260214328765869e-01 1.039927825927734375e+02 3.469418334960937500e+01 3.074577569961547852e+00 4.122192859649658203e+00 2.336847114562988281e+01 2.634678602218627930e+00 6.216791868209838867e-01 1.358260214328765869e-01 1.039927825927734375e+02 3.469418334960937500e+01
2.140000000000000000e+04 2.645352840423583984e+00 4.535459518432617188e+00 2.699517440795898438e+01 2.295672178268432617e+00 6.216889619827270508e-01 1.358606517314910889e-01 1.039927825927734375e+02 3.469385528564453125e+01 3.076056003570556641e+00 4.123280048370361328e+00 2.336268043518066406e+01 2.635694980621337891e+00 6.216889619827270508e-01 1.358606517314910889e-01 1.039927825927734375e+02 3.469385528564453125e+01
2.160000000000000000e+04 2.646706581115722656e+00 4.535586357116699219e+00 2.698770713806152344e+01 2.296596288681030273e+00 6.216989159584045410e-01 1.358984410762786865e-01 1.039927825927734375e+02 3.469353485107421875e+01 3.077752351760864258e+00 4.124496936798095703e+00 2.335623550415039062e+01 2.636748552322387695e+00 6.216989159584045410e-01 1.358984410762786865e-01 1.039927825927734375e+02 3.469353485107421875e+01
2.180000000000000000e+04 2.648333787918090820e+00 4.535655021667480469e+00 2.697877120971679688e+01 2.297586202621459961e+00 6.217139959335327148e-01 1.359390318393707275e-01 1.039927825927734375e+02 3.469319915771484375e+01 3.079800605773925781e+00 4.125923633575439453e+00 2.334870147705078125e+01 2.637876033782958984e+00 6.217139959335327148e-01 1.359390318393707275e-01 1.039927825927734375e+02 3.469319915771484375e+01
2.200000000000000000e+04 2.650068759918212891e+00 4.535694599151611328e+00 2.696923828125000000e+01 2.298587083816528320e+00 6.217309832572937012e-01 1.359833627939224243e-01 1.039927825927734375e+02 3.469286727905273438e+01 3.081984758377075195e+00 4.127415657043457031e+00 2.334067153930664062e+01 2.639015436172485352e+00 6.217309832572937012e-01 1.359833627939224243e-01 1.039927825927734375e+02 3.469286727905273438e+01
2.220000000000000000e+04 2.651984691619873047e+00 4.535797119140625000e+00 2.695880889892578125e+01 2.299701452255249023e+00 6.217469573020935059e-01 1.360346227884292603e-01 1.039927825927734375e+02 3.469254302978515625e+01 3.084390163421630859e+00 4.129076957702636719e+00 2.333181571960449219e+01 2.640285730361938477e+00 6.217469573020935059e-01 1.360346227884292603e-01 1.039927825927734375e+02 3.469254302978515625e+01
2.240000000000000000e+04 2.654081821441650391e+00 4.535921096801757812e+00 2.694741821289062500e+01 2.300941228866577148e+00 6.217632889747619629e-01 1.360907256603240967e-01 1.039927825927734375e+02 3.469219207763671875e+01 3.087021827697753906e+00 4.130897521972656250e+00 2.332211875915527344e+01 2.641696691513061523e+00 6.217632889747619629e-01 1.360907256603240967e-01 1.039927825927734375e+02 3.469219207763671875e+01
2.260000000000000000e+04 2.656360864639282227e+00 4.536039352416992188e+00 2.693487358093261719e+01 2.302350759506225586e+00 6.217827200889587402e-01 1.361512690782546997e-01 1.039927825927734375e+02 3.469184112548828125e+01 3.089884757995605469e+00 4.132888793945312500e+00 2.331143760681152344e+01 2.643303632736206055e+00 6.217827200889587402e-01 1.361512690782546997e-01 1.039927825927734375e+02 3.469184112548828125e+01
2.280000000000000000e+04 2.658801555633544922e+00 4.536166191101074219e+00 2.692139434814453125e+01 2.303882360458374023e+00 6.218036413192749023e-01 1.362188160419464111e-01 1.039927825927734375e+02 3.469147491455078125e+01 3.092947483062744141e+00 4.135015487670898438e+00 2.329991531372070312e+01 2.645047903060913086e+00 6.218036413192749023e-01 1.362188160419464111e-01 1.039927825927734375e+02 3.469147491455078125e+01
2.300000000000000000e+04 2.661460876464843750e+00 4.536249160766601562e+00 2.690649032592773438e+01 2.305601596832275391e+00 6.218307614326477051e-01 1.362940818071365356e-01 1.039927825927734375e+02 3.469102859497070312e+01 3.096291542053222656e+00 4.137334823608398438e+00 2.328722000122070312e+01 2.647007226943969727e+00 6.218307614326477051e-01 1.362940818071365356e-01 1.039927825927734375e+02 3.469102859497070312e+01
2.320000000000000000e+04 2.664402246475219727e+00 4.536401271820068359e+00 2.689016342163085938e+01 2.307495594024658203e+00 6.218599081039428711e-01 1.363756656646728516e-01 1.039927825927734375e+02 3.469028472900390625e+01 3.099984407424926758e+00 4.139916419982910156e+00 2.327326965332031250e+01 2.649165630340576172e+00 6.218599081039428711e-01 1.363756656646728516e-01 1.039927825927734375e+02 3.469028472900390625e+01
2.340000000000000000e+04 2.667689561843872070e+00 4.536651134490966797e+00 2.687212562561035156e+01 2.309629678726196289e+00 6.218882203102111816e-01 1.364677846431732178e-01 1.039927825927734375e+02 3.468936157226562500e+01 3.104105234146118164e+00 4.142825126647949219e+00 2.325778770446777344e+01 2.651597499847412109e+00 6.218882203102111816e-01 1.364677846431732178e-01 1.039927825927734375e+02 3.468936157226562500e+01
2.360000000000000000e+04 2.671265125274658203e+00 4.536908626556396484e+00 2.685268974304199219e+01 2.311880588531494141e+00 6.219173669815063477e-01 1.365679502487182617e-01 1.039927825927734375e+02 3.468831634521484375e+01 3.108584642410278320e+00 4.145945549011230469e+00 2.324109458923339844e+01 2.654160737991333008e+00 6.219173669815063477e-01 1.365679502487182617e-01 1.039927825927734375e+02 3.468831634521484375e+01
2.380000000000000000e+04 2.675210475921630859e+00 4.537165641784667969e+00 2.683165550231933594e+01 2.314136266708374023e+00 6.219458580017089844e-01 1.366799324750900269e-01 1.039927825927734375e+02 3.468725585937500000e+01 3.113521814346313477e+00 4.149306774139404297e+00 2.322304916381835938e+01 2.656729221343994141e+00 6.219458580017089844e-01 1.366799324750900269e-01 1.039927825927734375e+02 3.468725585937500000e+01
2.400000000000000000e+04 2.679704189300537109e+00 4.537295341491699219e+00 2.680777168273925781e+01 2.316505432128906250e+00 6.219843626022338867e-01 1.368024051189422607e-01 1.039927825927734375e+02 3.468610763549804688e+01 3.119159221649169922e+00 4.153053760528564453e+00 2.320281791687011719e+01 2.659428119659423828e+00 6.219843626022338867e-01 1.368024051189422607e-01 1.039927825927734375e+02 3.468610763549804688e+01
2.420000000000000000e+04 2.684588670730590820e+00 4.537326335906982422e+00 2.678169059753417969e+01 2.319043874740600586e+00 6.220315694808959961e-01 1.369385272264480591e-01 1.039927825927734375e+02 3.468481445312500000e+01 3.125294685363769531e+00 4.157082080841064453e+00 2.318082046508789062e+01 2.662319660186767578e+00 6.220315694808959961e-01 1.369385272264480591e-01 1.039927825927734375e+02 3.468481445312500000e+01
2.440000000000000000e+04 2.689996242523193359e+00 4.537569999694824219e+00 2.675299072265625000e+01 2.321990251541137695e+00 6.220771074295043945e-01 1.370887309312820435e-01 1.039927825927734375e+02 3.468340301513671875e+01 3.132072210311889648e+00 4.161631584167480469e+00 2.315638732910156250e+01 2.665675878524780273e+00 6.220771074295043945e-01 1.370887309312820435e-01 1.039927825927734375e+02 3.468340301513671875e+01
2.460000000000000000e+04 2.695858240127563477e+00 4.537763118743896484e+00 2.672189521789550781e+01 2.325142621994018555e+00 6.221250295639038086e-01 1.372518241405487061e-01 1.039927825927734375e+02 3.468195343017578125e+01 3.139420270919799805e+00 4.166522026062011719e+00 2.312995529174804688e+01 2.669265747070312500e+00 6.221250295639038086e-01 1.372518241405487061e-01 1.039927825927734375e+02 3.468195343017578125e+01
2.480000000000000000e+04 2.702312707901000977e+00 4.537929058074951172e+00 2.668757438659667969e+01 2.328601121902465820e+00 6.221832633018493652e-01 1.374166905879974365e-01 1.039927825927734375e+02 3.468034744262695312e+01 3.147515773773193359e+00 4.171899795532226562e+00 2.310084915161132812e+01 2.673204421997070312e+00 6.221832633018493652e-01 1.374166905879974365e-01 1.039927825927734375e+02 3.468034744262695312e+01
2.500000000000000000e+04 2.709546089172363281e+00 4.538224697113037109e+00 2.664950370788574219e+01 2.332443237304687500e+00 6.222453117370605469e-01 1.376005709171295166e-01 1.039927825927734375e+02 3.467866134643554688e+01 3.156579494476318359e+00 4.177937030792236328e+00 2.306848716735839844e+01 2.677581787109375000e+00 6.222453117370605469e-01 1.376005709171295166e-01 1.039927825927734375e+02 3.467866134643554688e+01
2.520000000000000000e+04 2.717573404312133789e+00 4.538634300231933594e+00 2.660722160339355469e+01 2.336826562881469727e+00 6.223161816596984863e-01 1.378054767847061157e-01 1.039927825927734375e+02 3.467684173583984375e+01 3.166635751724243164e+00 4.184703350067138672e+00 2.303249931335449219e+01 2.682575702667236328e+00 6.223161816596984863e-01 1.378054767847061157e-01 1.039927825927734375e+02 3.467684173583984375e+01
2.540000000000000000e+04 2.726296424865722656e+00 4.538972377777099609e+00 2.656171417236328125e+01 2.341339588165283203e+00 6.223912835121154785e-01 1.380333900451660156e-01 1.039927825927734375e+02 3.467462158203125000e+01 3.177561044692993164e+00 4.191930770874023438e+00 2.299384498596191406e+01 2.687716484069824219e+00 6.223912835121154785e-01 1.380333900451660156e-01 1.039927825927734375e+02 3.467462158203125000e+01
2.560000000000000000e+04 2.735902309417724609e+00 4.539335727691650391e+00 2.651208877563476562e+01 2.346133947372436523e+00 6.224723458290100098e-01 1.382863819599151611e-01 1.039927825927734375e+02 3.467216873168945312e+01 3.189587116241455078e+00 4.199815750122070312e+00 2.295170402526855469e+01 2.693177461624145508e+00 6.224723458290100098e-01 1.382863819599151611e-01 1.039927825927734375e+02 3.467216873168945312e+01
2.580000000000000000e+04 2.746540307998657227e+00 4.539657115936279297e+00 2.645752716064453125e+01 2.351216316223144531e+00 6.225681900978088379e-01 1.385673284530639648e-01 1.039927825927734375e+02 3.466952133178710938e+01 3.202906608581542969e+00 4.208452224731445312e+00 2.290550613403320312e+01 2.698969125747680664e+00 6.225681900978088379e-01 1.385673284530639648e-01 1.039927825927734375e+02 3.466952133178710938e+01
2.600000000000000000e+04 2.758154869079589844e+00 4.539992332458496094e+00 2.639835166931152344e+01 2.356629848480224609e+00 6.226676702499389648e-01 1.388787329196929932e-01 1.039927825927734375e+02 3.466664886474609375e+01 3.217442989349365234e+00 4.217824935913085938e+00 2.285540580749511719e+01 2.705136060714721680e+00 6.226676702499389648e-01 1.388787329196929932e-01 1.039927825927734375e+02 3.466664886474609375e+01
2.620000000000000000e+04 2.771027088165283203e+00 4.540448665618896484e+00 2.633374786376953125e+01 2.362350702285766602e+00 6.227765083312988281e-01 1.392241418361663818e-01 1.039927825927734375e+02 3.466359710693359375e+01 3.233535051345825195e+00 4.228108406066894531e+00 2.280064010620117188e+01 2.711654424667358398e+00 6.227765083312988281e-01 1.392241418361663818e-01 1.039927825927734375e+02 3.466359710693359375e+01
2.640000000000000000e+04 2.785145044326782227e+00 4.540860652923583984e+00 2.626293182373046875e+01 2.368632555007934570e+00 6.229017376899719238e-01 1.396062225103378296e-01 1.039927825927734375e+02 3.466001129150390625e+01 3.251194477081298828e+00 4.239384174346923828e+00 2.274078178405761719e+01 2.718811988830566406e+00 6.229017376899719238e-01 1.396062225103378296e-01 1.039927825927734375e+02 3.466001129150390625e+01
2.660000000000000000e+04 2.800640821456909180e+00 4.541274070739746094e+00 2.618608856201171875e+01 2.375205516815185547e+00 6.230363249778747559e-01 1.400289684534072876e-01 1.039927825927734375e+02 3.465615081787109375e+01 3.270568847656250000e+00 4.251622676849365234e+00 2.267588424682617188e+01 2.726301908493041992e+00 6.230363249778747559e-01 1.400289684534072876e-01 1.039927825927734375e+02 3.465615081787109375e+01
2.680000000000000000e+04 2.817646265029907227e+00 4.541775703430175781e+00 2.610279655456542969e+01 2.382086038589477539e+00 6.231857538223266602e-01 1.404884755611419678e-01 1.039927825927734375e+02 3.465203094482421875e+01 3.291815757751464844e+00 4.264910697937011719e+00 2.260556221008300781e+01 2.734141826629638672e+00 6.231857538223266602e-01 1.404884755611419678e-01 1.039927825927734375e+02 3.465203094482421875e+01
2.700000000000000000e+04 2.836070299148559570e+00 4.544910907745361328e+00 2.601470375061035156e+01 2.389042139053344727e+00 6.233507394790649414e-01 1.409441381692886353e-01 1.039927825927734375e+02 3.464733123779296875e+01 3.314836502075195312e+00 4.279716014862060547e+00 2.253177261352539062e+01 2.742069482803344727e+00 6.233507394790649414e-01 1.409441381692886353e-01 1.039927825927734375e+02 3.464733123779296875e+01
2.720000000000000000e+04 2.855569362640380859e+00 4.553429126739501953e+00 2.592504310607910156e+01 2.396202564239501953e+00 6.235332489013671875e-01 1.412730067968368530e-01 1.039928131103515625e+02 3.464226531982421875e+01 3.339242935180664062e+00 4.297411441802978516e+00 2.245856857299804688e+01 2.750230789184570312e+00 6.235332489013671875e-01 1.412730067968368530e-01 1.039928131103515625e+02 3.464226531982421875e+01
2.740000000000000000e+04 2.876246452331542969e+00 4.563467025756835938e+00 2.583466720581054688e+01 2.403426647186279297e+00 6.237339377403259277e-01 1.414538323879241943e-01 1.039928131103515625e+02 3.463669586181640625e+01 3.365144968032836914e+00 4.317964076995849609e+00 2.238652038574218750e+01 2.758465290069580078e+00 6.237339377403259277e-01 1.414538323879241943e-01 1.039928131103515625e+02 3.463669586181640625e+01
2.760000000000000000e+04 2.898427486419677734e+00 4.572824954986572266e+00 2.574101066589355469e+01 2.410745859146118164e+00 6.239539384841918945e-01 1.415555179119110107e-01 1.039928131103515625e+02 3.463058853149414062e+01 3.392938613891601562e+00 4.340671062469482422e+00 2.231295013427734375e+01 2.766811847686767578e+00 6.239539384841918945e-01 1.415555179119110107e-01 1.039928131103515625e+02 3.463058853149414062e+01
2.780000000000000000e+04 2.922412872314453125e+00 4.581938266754150391e+00 2.564222335815429688e+01 2.417862415313720703e+00 6.241971254348754883e-01 1.416298002004623413e-01 1.039928131103515625e+02 3.462386703491210938e+01 3.422994375228881836e+00 4.365101814270019531e+00 2.223610305786132812e+01 2.774929285049438477e+00 6.241971254348754883e-01 1.416298002004623413e-01 1.039928131103515625e+02 3.462386703491210938e+01
2.800000000000000000e+04 2.948486804962158203e+00 4.591370582580566406e+00 2.553735160827636719e+01 2.424630880355834961e+00 6.244665384292602539e-01 1.417001485824584961e-01 1.039928131103515625e+02 3.461655426025390625e+01 3.455655574798583984e+00 4.391260623931884766e+00 2.215504837036132812e+01 2.782653808593750000e+00 6.244665384292602539e-01 1.417001485824584961e-01 1.039928131103515625e+02 3.461655426025390625e+01
2.820000000000000000e+04 2.976767539978027344e+00 4.601147174835205078e+00 2.542565917968750000e+01 2.431132793426513672e+00 6.247612237930297852e-01 1.417888402938842773e-01 1.039928131103515625e+02 3.460849761962890625e+01 3.491089820861816406e+00 4.419262409210205078e+00 2.206946563720703125e+01 2.790079116821289062e+00 6.247612237930297852e-01 1.417888402938842773e-01 1.039928131103515625e+02 3.460849761962890625e+01
2.840000000000000000e+04 3.007356166839599609e+00 4.611390113830566406e+00 2.530785369873046875e+01 2.437019348144531250e+00 6.250867247581481934e-01 1.418861895799636841e-01 1.039928207397460938e+02 3.459963989257812500e+01 3.529397010803222656e+00 4.448971748352050781e+00 2.197973632812500000e+01 2.796806573867797852e+00 6.250867247581481934e-01 1.418861895799636841e-01 1.039928207397460938e+02 3.459963989257812500e+01
2.860000000000000000e+04 3.040358304977416992e+00 4.622121334075927734e+00 2.518456459045410156e+01 2.441926479339599609e+00 6.254445910453796387e-01 1.419862359762191772e-01 1.039928207397460938e+02 3.458994293212890625e+01 3.570690393447875977e+00 4.480281829833984375e+00 2.188632965087890625e+01 2.802423715591430664e+00 6.254445910453796387e-01 1.419862359762191772e-01 1.039928207397460938e+02 3.458994293212890625e+01
2.880000000000000000e+04 3.075939416885375977e+00 4.633468627929687500e+00 2.505587959289550781e+01 2.445777177810668945e+00 6.258359551429748535e-01 1.420929729938507080e-01 1.039928436279296875e+02 3.457931518554687500e+01 3.615161418914794922e+00 4.513280868530273438e+00 2.178922843933105469e+01 2.806845903396606445e+00 6.258359551429748535e-01 1.420929729938507080e-01 1.039928436279296875e+02 3.457931518554687500e+01
2.900000000000000000e+04 3.114159584045410156e+00 4.645295619964599609e+00 2.492242050170898438e+01 2.448203563690185547e+00 6.262657046318054199e-01 1.422037184238433838e-01 1.039928436279296875e+02 3.456766128540039062e+01 3.662880897521972656e+00 4.547792911529541016e+00 2.168905067443847656e+01 2.809652805328369141e+00 6.262657046318054199e-01 1.422037184238433838e-01 1.039928436279296875e+02 3.456766128540039062e+01
2.920000000000000000e+04 3.155117273330688477e+00 4.657605171203613281e+00 2.478465461730957031e+01 2.448995351791381836e+00 6.267361640930175781e-01 1.423215419054031372e-01 1.039928588867187500e+02 3.455485916137695312e+01 3.713959455490112305e+00 4.583766937255859375e+00 2.158621978759765625e+01 2.810606002807617188e+00 6.267361640930175781e-01 1.423215419054031372e-01 1.039928588867187500e+02 3.455485916137695312e+01
2.940000000000000000e+04 3.198813438415527344e+00 4.670266628265380859e+00 2.464332389831542969e+01 2.447938442230224609e+00 6.272517442703247070e-01 1.424582898616790771e-01 1.039928588867187500e+02 3.454082489013671875e+01 3.768394708633422852e+00 4.621014595031738281e+00 2.148137474060058594e+01 2.809462785720825195e+00 6.272517442703247070e-01 1.424582898616790771e-01 1.039928588867187500e+02 3.454082489013671875e+01
2.960000000000000000e+04 3.245261192321777344e+00 4.683115005493164062e+00 2.449909782409667969e+01 2.444743394851684570e+00 6.278165578842163086e-01 1.426055431365966797e-01 1.039928817749023438e+02 3.452535247802734375e+01 3.826205492019653320e+00 4.659360885620117188e+00 2.137525367736816406e+01 2.805895328521728516e+00 6.278165578842163086e-01 1.426055431365966797e-01 1.039928817749023438e+02 3.452535247802734375e+01
2.980000000000000000e+04 3.294398784637451172e+00 4.696183204650878906e+00 2.435332679748535156e+01 2.439183950424194336e+00 6.284342408180236816e-01 1.427586376667022705e-01 1.039929046630859375e+02 3.450833892822265625e+01 3.887287378311157227e+00 4.698542594909667969e+00 2.126870918273925781e+01 2.799645185470581055e+00 6.284342408180236816e-01 1.427586376667022705e-01 1.039929046630859375e+02 3.450833892822265625e+01
3.000000000000000000e+04 3.346150636672973633e+00 4.709286212921142578e+00 2.420682334899902344e+01 2.431116342544555664e+00 6.291080117225646973e-01 1.429176032543182373e-01 1.039929046630859375e+02 3.448959732055664062e+01 3.951548576354980469e+00 4.738334655761718750e+00 2.116250419616699219e+01 2.790548801422119141e+00 6.291080117225646973e-01 1.429176032543182373e-01 1.039929046630859375e+02 3.448959732055664062e+01
3.020000000000000000e+04 3.400301694869995117e+00 4.722207546234130859e+00 2.406104660034179688e+01 2.420315027236938477e+00 6.298435926437377930e-01 1.430921405553817749e-01 1.039929199218750000e+02 3.446892929077148438e+01 4.018715381622314453e+00 4.778323173522949219e+00 2.105783271789550781e+01 2.778349399566650391e+00 6.298435926437377930e-01 1.430921405553817749e-01 1.039929199218750000e+02 3.446892929077148438e+01
3.040000000000000000e+04 3.456591367721557617e+00 4.734803199768066406e+00 2.391714096069335938e+01 2.406823635101318359e+00 6.306458115577697754e-01 1.432833224534988403e-01 1.039929199218750000e+02 3.444607162475585938e+01 4.088463306427001953e+00 4.818200588226318359e+00 2.095557403564453125e+01 2.763094186782836914e+00 6.306458115577697754e-01 1.432833224534988403e-01 1.039929199218750000e+02 3.444607162475585938e+01
3.060000000000000000e+04 3.514748334884643555e+00 4.747008323669433594e+00 2.377626419067382812e+01 2.390753030776977539e+00 6.315194368362426758e-01 1.434806585311889648e-01 1.039929428100585938e+02 3.442079925537109375e+01 4.160448074340820312e+00 4.857676982879638672e+00 2.085646057128906250e+01 2.744909763336181641e+00 6.315194368362426758e-01 1.434806585311889648e-01 1.039929428100585938e+02 3.442079925537109375e+01
3.080000000000000000e+04 3.574203491210937500e+00 4.758616924285888672e+00 2.363994216918945312e+01 2.372324466705322266e+00 6.324706077575683594e-01 1.436858326196670532e-01 1.039929428100585938e+02 3.439279556274414062e+01 4.233966827392578125e+00 4.896303176879882812e+00 2.076160240173339844e+01 2.724045515060424805e+00 6.324706077575683594e-01 1.436858326196670532e-01 1.039929428100585938e+02 3.439279556274414062e+01
3.100000000000000000e+04 3.634506940841674805e+00 4.769477844238281250e+00 2.350906562805175781e+01 2.351882934570312500e+00 6.335034966468811035e-01 1.439160108566284180e-01 1.039929580688476562e+02 3.436172866821289062e+01 4.308471679687500000e+00 4.933791637420654297e+00 2.067160606384277344e+01 2.700893163681030273e+00 6.335034966468811035e-01 1.439160108566284180e-01 1.039929580688476562e+02 3.436172866821289062e+01
3.120000000000000000e+04 3.694931745529174805e+00 4.779395580291748047e+00 2.338502693176269531e+01 2.329790353775024414e+00 6.346233487129211426e-01 1.441545337438583374e-01 1.039929809570312500e+02 3.432720565795898438e+01 4.383073329925537109e+00 4.969709396362304688e+00 2.058745574951171875e+01 2.675862312316894531e+00 6.346233487129211426e-01 1.441545337438583374e-01 1.039929809570312500e+02 3.432720565795898438e+01
3.140000000000000000e+04 3.754676103591918945e+00 4.788246631622314453e+00 2.326911163330078125e+01 2.306532621383666992e+00 6.358364820480346680e-01 1.444017589092254639e-01 1.039929809570312500e+02 3.428884124755859375e+01 4.456789016723632812e+00 5.003645420074462891e+00 2.050990676879882812e+01 2.649505615234375000e+00 6.358364820480346680e-01 1.444017589092254639e-01 1.039929809570312500e+02 3.428884124755859375e+01
3.160000000000000000e+04 3.812906742095947266e+00 4.795853137969970703e+00 2.316213798522949219e+01 2.282708406448364258e+00 6.371488571166992188e-01 1.446751356124877930e-01 1.039929962158203125e+02 3.424614334106445312e+01 4.528610706329345703e+00 5.035273551940917969e+00 2.043945121765136719e+01 2.622504234313964844e+00 6.371488571166992188e-01 1.446751356124877930e-01 1.039929962158203125e+02 3.424614334106445312e+01
3.180000000000000000e+04 3.868655681610107422e+00 4.802051067352294922e+00 2.306489944458007812e+01 2.258944272994995117e+00 6.385660171508789062e-01 1.449582278728485107e-01 1.039929962158203125e+02 3.419864273071289062e+01 4.597372055053710938e+00 5.064278125762939453e+00 2.037658882141113281e+01 2.595569372177124023e+00 6.385660171508789062e-01 1.449582278728485107e-01 1.039929962158203125e+02 3.419864273071289062e+01
3.200000000000000000e+04 3.920685291290283203e+00 4.806544780731201172e+00 2.297851181030273438e+01 2.235860347747802734e+00 6.400917172431945801e-01 1.452618539333343506e-01 1.039930191040039062e+02 3.414577865600585938e+01 4.661584854125976562e+00 5.090177536010742188e+00 2.032210159301757812e+01 2.569410324096679688e+00 6.400917172431945801e-01 1.452618539333343506e-01 1.039930191040039062e+02 3.414577865600585938e+01
3.220000000000000000e+04 3.968007087707519531e+00 4.809247016906738281e+00 2.290344810485839844e+01 2.214066743850708008e+00 6.417340040206909180e-01 1.455842405557632446e-01 1.039930267333984375e+02 3.408697891235351562e+01 4.720053195953369141e+00 5.112725257873535156e+00 2.027616119384765625e+01 2.544721126556396484e+00 6.417340040206909180e-01 1.455842405557632446e-01 1.039930267333984375e+02 3.408697891235351562e+01
3.240000000000000000e+04 4.009480476379394531e+00 4.809873580932617188e+00 2.284025382995605469e+01 2.194109201431274414e+00 6.434978246688842773e-01 1.459288448095321655e-01 1.039930267333984375e+02 3.402161788940429688e+01 4.771412849426269531e+00 5.131581306457519531e+00 2.023921203613281250e+01 2.522126674652099609e+00 6.434978246688842773e-01 1.459288448095321655e-01 1.039930267333984375e+02 3.402161788940429688e+01
3.260000000000000000e+04 4.044053554534912109e+00 4.808248043060302734e+00 2.278928947448730469e+01 2.176507711410522461e+00 6.453858613967895508e-01 1.462956666946411133e-01 1.039930572509765625e+02 3.394903945922851562e+01 4.814405441284179688e+00 5.146495342254638672e+00 2.021149253845214844e+01 2.502222061157226562e+00 6.453858613967895508e-01 1.462956666946411133e-01 1.039930572509765625e+02 3.394903945922851562e+01
3.280000000000000000e+04 4.070870876312255859e+00 4.804158687591552734e+00 2.275061798095703125e+01 2.161654710769653320e+00 6.474052071571350098e-01 1.466927230358123779e-01 1.039930572509765625e+02 3.386853790283203125e+01 4.848014354705810547e+00 5.157283306121826172e+00 2.019310760498046875e+01 2.485456466674804688e+00 6.474052071571350098e-01 1.466927230358123779e-01 1.039930572509765625e+02 3.386853790283203125e+01
3.300000000000000000e+04 4.089253425598144531e+00 4.797479629516601562e+00 2.272423553466796875e+01 2.149838924407958984e+00 6.495575904846191406e-01 1.471159160137176514e-01 1.039930648803710938e+02 3.377936553955078125e+01 4.871432304382324219e+00 5.163837432861328125e+00 2.018411636352539062e+01 2.472163438796997070e+00 6.495575904846191406e-01 1.471159160137176514e-01 1.039930648803710938e+02 3.377936553955078125e+01
3.320000000000000000e+04 4.098877429962158203e+00 4.788108348846435547e+00 2.270973777770996094e+01 2.141194105148315430e+00 6.518522500991821289e-01 1.475734859704971313e-01 1.039930648803710938e+02 3.368077850341796875e+01 4.884287834167480469e+00 5.166174888610839844e+00 2.018433189392089844e+01 2.462497949600219727e+00 6.518522500991821289e-01 1.475734859704971313e-01 1.039930648803710938e+02 3.368077850341796875e+01
3.340000000000000000e+04 4.099540233612060547e+00 4.775995731353759766e+00 2.270696830749511719e+01 2.135747671127319336e+00 6.542864441871643066e-01 1.480704843997955322e-01 1.039930877685546875e+02 3.357195281982421875e+01 4.886339664459228516e+00 5.164306640625000000e+00 2.019373130798339844e+01 2.456493139266967773e+00 6.542864441871643066e-01 1.480704843997955322e-01 1.039930877685546875e+02 3.357195281982421875e+01
3.360000000000000000e+04 4.091509342193603516e+00 4.761221408843994141e+00 2.271526336669921875e+01 2.133407115936279297e+00 6.568623781204223633e-01 1.486080586910247803e-01 1.039930877685546875e+02 3.345207977294921875e+01 4.877920150756835938e+00 5.158474922180175781e+00 2.021191215515136719e+01 2.454049110412597656e+00 6.568623781204223633e-01 1.486080586910247803e-01 1.039930877685546875e+02 3.345207977294921875e+01
3.380000000000000000e+04 4.075292587280273438e+00 4.743903636932373047e+00 2.273396873474121094e+01 2.133938074111938477e+00 6.595812439918518066e-01 1.491917073726654053e-01 1.039930877685546875e+02 3.332030868530273438e+01 4.859645366668701172e+00 5.148962020874023438e+00 2.023850631713867188e+01 2.454898357391357422e+00 6.595812439918518066e-01 1.491917073726654053e-01 1.039930877685546875e+02 3.332030868530273438e+01
3.400000000000000000e+04 4.051710605621337891e+00 4.724277973175048828e+00 2.276232147216796875e+01 2.136954307556152344e+00 6.624411344528198242e-01 1.498268693685531616e-01 1.039930877685546875e+02 3.317577362060546875e+01 4.832503795623779297e+00 5.136168956756591797e+00 2.027301788330078125e+01 2.458604812622070312e+00 6.624411344528198242e-01 1.498268693685531616e-01 1.039930877685546875e+02 3.317577362060546875e+01
3.420000000000000000e+04 4.021741867065429688e+00 4.702738285064697266e+00 2.279916000366210938e+01 2.142211198806762695e+00 6.654400825500488281e-01 1.505191624164581299e-01 1.039930877685546875e+02 3.301758956909179688e+01 4.797667026519775391e+00 5.120698451995849609e+00 2.031455612182617188e+01 2.464891433715820312e+00 6.654400825500488281e-01 1.505191624164581299e-01 1.039930877685546875e+02 3.301758956909179688e+01
3.440000000000000000e+04 3.986341953277587891e+00 4.679526805877685547e+00 2.284399223327636719e+01 2.149125337600708008e+00 6.685690283775329590e-01 1.512747108936309814e-01 1.039931182861328125e+02 3.284491729736328125e+01 4.756279468536376953e+00 5.102914333343505859e+00 2.036284637451171875e+01 2.473093986511230469e+00 6.685690283775329590e-01 1.512747108936309814e-01 1.039931182861328125e+02 3.284491729736328125e+01
3.460000000000000000e+04 3.946625232696533203e+00 4.655074119567871094e+00 2.289591026306152344e+01 2.157219409942626953e+00 6.718231439590454102e-01 1.521008908748626709e-01 1.039931182861328125e+02 3.265689849853515625e+01 4.709672927856445312e+00 5.083399772644042969e+00 2.041720008850097656e+01 2.482669115066528320e+00 6.718231439590454102e-01 1.521008908748626709e-01 1.039931182861328125e+02 3.265689849853515625e+01
3.480000000000000000e+04 3.903645992279052734e+00 4.629871845245361328e+00 2.295394134521484375e+01 2.166084051132202148e+00 6.751900911331176758e-01 1.530048996210098267e-01 1.039931182861328125e+02 3.245270538330078125e+01 4.659103393554687500e+00 5.062776565551757812e+00 2.047681808471679688e+01 2.493152856826782227e+00 6.751900911331176758e-01 1.530048996210098267e-01 1.039931182861328125e+02 3.245270538330078125e+01
3.500000000000000000e+04 3.858323097229003906e+00 4.604369163513183594e+00 2.301721954345703125e+01 2.175365686416625977e+00 6.786589622497558594e-01 1.539911180734634399e-01 1.039931182861328125e+02 3.223159408569335938e+01 4.605665206909179688e+00 5.041615486145019531e+00 2.054099655151367188e+01 2.504142761230468750e+00 6.786589622497558594e-01 1.539911180734634399e-01 1.039931182861328125e+02 3.223159408569335938e+01
3.520000000000000000e+04 3.811460971832275391e+00 4.579014301300048828e+00 2.308496856689453125e+01 2.184715032577514648e+00 6.822105646133422852e-01 1.550712734460830688e-01 1.039931182861328125e+02 3.199288368225097656e+01 4.550316810607910156e+00 5.020443439483642578e+00 2.060906982421875000e+01 2.515241146087646484e+00 6.822105646133422852e-01 1.550712734460830688e-01 1.039931182861328125e+02 3.199288368225097656e+01
3.540000000000000000e+04 3.763746023178100586e+00 4.554250717163085938e+00 2.315617942810058594e+01 2.193847656250000000e+00 6.858339309692382812e-01 1.562481224536895752e-01 1.039931182861328125e+02 3.173600196838378906e+01 4.493866443634033203e+00 4.999803543090820312e+00 2.068016815185546875e+01 2.526125669479370117e+00 6.858339309692382812e-01 1.562481224536895752e-01 1.039931182861328125e+02 3.173600196838378906e+01
3.560000000000000000e+04 3.715777397155761719e+00 4.530512332916259766e+00 2.322986412048339844e+01 2.202500820159912109e+00 6.895150542259216309e-01 1.575298756361007690e-01 1.039931182861328125e+02 3.146041870117187500e+01 4.437017917633056641e+00 4.980199813842773438e+00 2.075343704223632812e+01 2.536497831344604492e+00 6.895150542259216309e-01 1.575298756361007690e-01 1.039931182861328125e+02 3.146041870117187500e+01
3.580000000000000000e+04 3.655972242355346680e+00 4.502065181732177734e+00 2.332272148132324219e+01 2.212743520736694336e+00 6.929977536201477051e-01 1.589111834764480591e-01 1.039931182861328125e+02 3.116561508178710938e+01 4.365800857543945312e+00 4.953935623168945312e+00 2.084479904174804688e+01 2.548723697662353516e+00 6.929977536201477051e-01 1.589111834764480591e-01 1.039931182861328125e+02 3.116561508178710938e+01
3.600000000000000000e+04 3.605456590652465820e+00 4.480912685394287109e+00 2.340231513977050781e+01 2.221677064895629883e+00 6.965127587318420410e-01 1.604070365428924561e-01 1.039931182861328125e+02 3.085187911987304688e+01 4.305583000183105469e+00 4.936385631561279297e+00 2.092302703857421875e+01 2.559495687484741211e+00 6.965127587318420410e-01 1.604070365428924561e-01 1.039931182861328125e+02 3.085187911987304688e+01
3.620000000000000000e+04 3.559987306594848633e+00 4.463349819183349609e+00 2.347716522216796875e+01 2.227657556533813477e+00 7.000998258590698242e-01 1.620205342769622803e-01 1.039931182861328125e+02 3.051939773559570312e+01 4.251314640045166016e+00 4.923258781433105469e+00 2.099704170227050781e+01 2.566936016082763672e+00 7.000998258590698242e-01 1.620205342769622803e-01 1.039931182861328125e+02 3.051939773559570312e+01
3.640000000000000000e+04 3.516397237777709961e+00 4.448032855987548828e+00 2.355026817321777344e+01 2.232125282287597656e+00 7.037559747695922852e-01 1.637502163648605347e-01 1.039931182861328125e+02 3.016826820373535156e+01 4.199194908142089844e+00 4.912904739379882812e+00 2.106983375549316406e+01 2.572691440582275391e+00 7.037559747695922852e-01 1.637502163648605347e-01 1.039931182861328125e+02 3.016826820373535156e+01
3.660000000000000000e+04 3.473483800888061523e+00 4.434480190277099609e+00 2.362237548828125000e+01 2.235609531402587891e+00 7.074870467185974121e-01 1.655889451503753662e-01 1.039931182861328125e+02 2.979888534545898438e+01 4.147781848907470703e+00 4.904727458953857422e+00 2.114226150512695312e+01 2.577366352081298828e+00 7.074870467185974121e-01 1.655889451503753662e-01 1.039931182861328125e+02 2.979888534545898438e+01
3.680000000000000000e+04 3.430969238281250000e+00 4.422699928283691406e+00 2.369285202026367188e+01 2.238248109817504883e+00 7.113088369369506836e-01 1.675242483615875244e-01 1.039931182861328125e+02 2.941188621520996094e+01 4.096743583679199219e+00 4.898700714111328125e+00 2.121382904052734375e+01 2.581122636795043945e+00 7.113088369369506836e-01 1.675242483615875244e-01 1.039931182861328125e+02 2.941188621520996094e+01
3.700000000000000000e+04 3.388535976409912109e+00 4.412577629089355469e+00 2.376142120361328125e+01 2.240303754806518555e+00 7.152544260025024414e-01 1.695346534252166748e-01 1.039930877685546875e+02 2.900807571411132812e+01 4.045673847198486328e+00 4.894737720489501953e+00 2.128435134887695312e+01 2.584266424179077148e+00 7.152544260025024414e-01 1.695346534252166748e-01 1.039930877685546875e+02 2.900807571411132812e+01
3.720000000000000000e+04 3.345809459686279297e+00 4.403732299804687500e+00 2.382851982116699219e+01 2.241556406021118164e+00 7.193547487258911133e-01 1.715871244668960571e-01 1.039930648803710938e+02 2.858837318420410156e+01 3.994140386581420898e+00 4.892388820648193359e+00 2.135444259643554688e+01 2.586544275283813477e+00 7.193547487258911133e-01 1.715871244668960571e-01 1.039930648803710938e+02 2.858837318420410156e+01
3.740000000000000000e+04 3.302499055862426758e+00 4.396142005920410156e+00 2.389355659484863281e+01 2.242275714874267578e+00 7.236472368240356445e-01 1.736428290605545044e-01 1.039930267333984375e+02 2.815380287170410156e+01 3.941796541213989258e+00 4.891587734222412109e+00 2.142360305786132812e+01 2.588268756866455078e+00 7.236472368240356445e-01 1.736428290605545044e-01 1.039930267333984375e+02 2.815380287170410156e+01
3.760000000000000000e+04 3.258280515670776367e+00 4.389660835266113281e+00 2.395606040954589844e+01 2.242570400238037109e+00 7.281829118728637695e-01 1.756518930196762085e-01 1.039930191040039062e+02 2.770573997497558594e+01 3.888255596160888672e+00 4.892097473144531250e+00 2.149147987365722656e+01 2.589563608169555664e+00 7.281829118728637695e-01 1.756518930196762085e-01 1.039930191040039062e+02 2.770573997497558594e+01
3.780000000000000000e+04 3.212728261947631836e+00 4.384032249450683594e+00 2.401594734191894531e+01 2.242552280426025391e+00 7.330098152160644531e-01 1.775520294904708862e-01 1.039929962158203125e+02 2.724553298950195312e+01 3.833019495010375977e+00 4.893542289733886719e+00 2.155808067321777344e+01 2.590556621551513672e+00 7.330098152160644531e-01 1.775520294904708862e-01 1.039929962158203125e+02 2.724553298950195312e+01
3.800000000000000000e+04 3.165545701980590820e+00 4.379098415374755859e+00 2.407293891906738281e+01 2.242391109466552734e+00 7.381787300109863281e-01 1.792673617601394653e-01 1.039929809570312500e+02 2.677452659606933594e+01 3.775713205337524414e+00 4.895624637603759766e+00 2.162322425842285156e+01 2.591445207595825195e+00 7.381787300109863281e-01 1.792673617601394653e-01 1.039929809570312500e+02 2.677452659606933594e+01
3.820000000000000000e+04 3.116416931152343750e+00 4.374717235565185547e+00 2.412638282775878906e+01 2.242152929306030273e+00 7.437452077865600586e-01 1.807268559932708740e-01 1.039929428100585938e+02 2.629415512084960938e+01 3.715951919555664062e+00 4.898031234741210938e+00 2.168634223937988281e+01 2.592303514480590820e+00 7.437452077865600586e-01 1.807268559932708740e-01 1.039929428100585938e+02 2.629415512084960938e+01
3.840000000000000000e+04 3.065137386322021484e+00 4.370870113372802734e+00 2.417545700073242188e+01 2.242060899734497070e+00 7.497659921646118164e-01 1.818529516458511353e-01 1.039929046630859375e+02 2.580579757690429688e+01 3.653466224670410156e+00 4.900588989257812500e+00 2.174669647216796875e+01 2.593389034271240234e+00 7.497659921646118164e-01 1.818529516458511353e-01 1.039929046630859375e+02 2.580579757690429688e+01
3.860000000000000000e+04 3.011356830596923828e+00 4.366999149322509766e+00 2.422121620178222656e+01 2.242018699645996094e+00 7.562841176986694336e-01 1.825533211231231689e-01 1.039928436279296875e+02 2.531094360351562500e+01 3.587870836257934570e+00 4.902544498443603516e+00 2.180554199218750000e+01 2.594584941864013672e+00 7.562841176986694336e-01 1.825533211231231689e-01 1.039928436279296875e+02 2.531094360351562500e+01
3.880000000000000000e+04 2.954961299896240234e+00 4.362957477569580078e+00 2.426362800598144531e+01 2.242352485656738281e+00 7.633329033851623535e-01 1.827602684497833252e-01 1.039927825927734375e+02 2.481089401245117188e+01 3.519009351730346680e+00 4.903605937957763672e+00 2.186299324035644531e+01 2.596263408660888672e+00 7.633329033851623535e-01 1.827602684497833252e-01 1.039927825927734375e+02 2.481089401245117188e+01
3.900000000000000000e+04 2.896221160888671875e+00 4.359127998352050781e+00 2.430106544494628906e+01 2.243146657943725586e+00 7.709407806396484375e-01 1.824133843183517456e-01 1.039927215576171875e+02 2.430676460266113281e+01 3.447170495986938477e+00 4.904007434844970703e+00 2.191756439208984375e+01 2.598519086837768555e+00 7.709407806396484375e-01 1.824133843183517456e-01 1.039927215576171875e+02 2.430676460266113281e+01
3.920000000000000000e+04 2.835149049758911133e+00 4.355127811431884766e+00 2.433370971679687500e+01 2.243986368179321289e+00 7.791544198989868164e-01 1.814722865819931030e-01 1.039926528930664062e+02 2.379988288879394531e+01 3.372358798980712891e+00 4.903194427490234375e+00 2.196954917907714844e+01 2.600874662399291992e+00 7.791544198989868164e-01 1.814722865819931030e-01 1.039926528930664062e+02 2.379988288879394531e+01
3.940000000000000000e+04 2.771977663040161133e+00 4.351031303405761719e+00 2.436101913452148438e+01 2.245059251785278320e+00 7.879999876022338867e-01 1.799378544092178345e-01 1.039925918579101562e+02 2.329119491577148438e+01 3.294862031936645508e+00 4.901141643524169922e+00 2.201852035522460938e+01 2.603540658950805664e+00 7.879999876022338867e-01 1.799378544092178345e-01 1.039925918579101562e+02 2.329119491577148438e+01
3.960000000000000000e+04 2.706896066665649414e+00 4.346681594848632812e+00 2.438287734985351562e+01 2.246445417404174805e+00 7.975139617919921875e-01 1.778225898742675781e-01 1.039924926757812500e+02 2.278174018859863281e+01 3.214886188507080078e+00 4.897609233856201172e+00 2.206448745727539062e+01 2.606605291366577148e+00 7.975139617919921875e-01 1.778225898742675781e-01 1.039924926757812500e+02 2.278174018859863281e+01
3.980000000000000000e+04 2.640248060226440430e+00 4.341954231262207031e+00 2.439923858642578125e+01 2.247984886169433594e+00 8.077176809310913086e-01 1.751819700002670288e-01 1.039923934936523438e+02 2.227233505249023438e+01 3.132800102233886719e+00 4.892395019531250000e+00 2.210750770568847656e+01 2.609884023666381836e+00 8.077176809310913086e-01 1.751819700002670288e-01 1.039923934936523438e+02 2.227233505249023438e+01
4.000000000000000000e+04 2.572306156158447266e+00 4.336628913879394531e+00 2.441028022766113281e+01 2.249516963958740234e+00 8.186359405517578125e-01 1.720936447381973267e-01 1.039922943115234375e+02 2.176380538940429688e+01 3.048934936523437500e+00 4.885255336761474609e+00 2.214786529541015625e+01 2.613185644149780273e+00 8.186359405517578125e-01 1.720936447381973267e-01 1.039922943115234375e+02 2.176380538940429688e+01
4.020000000000000000e+04 2.503490686416625977e+00 4.330627441406250000e+00 2.441597175598144531e+01 2.251034498214721680e+00 8.302874565124511719e-01 1.686529815196990967e-01 1.039922103881835938e+02 2.125670051574707031e+01 2.963778018951416016e+00 4.876113891601562500e+00 2.218554687500000000e+01 2.616499662399291992e+00 8.302874565124511719e-01 1.686529815196990967e-01 1.039922103881835938e+02 2.125670051574707031e+01
4.040000000000000000e+04 2.434319734573364258e+00 4.323845863342285156e+00 2.441639137268066406e+01 2.252426385879516602e+00 8.426916003227233887e-01 1.649648249149322510e-01 1.039921035766601562e+02 2.075170516967773438e+01 2.877942562103271484e+00 4.864871978759765625e+00 2.222067642211914062e+01 2.619698524475097656e+00 8.426916003227233887e-01 1.649648249149322510e-01 1.039921035766601562e+02 2.075170516967773438e+01
4.060000000000000000e+04 2.365206480026245117e+00 4.316331386566162109e+00 2.441057777404785156e+01 2.253351449966430664e+00 8.558965921401977539e-01 1.611207425594329834e-01 1.039919662475585938e+02 2.024940872192382812e+01 2.791881799697875977e+00 4.851606845855712891e+00 2.225230979919433594e+01 2.622381210327148438e+00 8.558965921401977539e-01 1.611207425594329834e-01 1.039919662475585938e+02 2.024940872192382812e+01
4.080000000000000000e+04 2.296331644058227539e+00 4.307632446289062500e+00 2.439986228942871094e+01 2.253931283950805664e+00 8.699131011962890625e-01 1.572017967700958252e-01 1.039918365478515625e+02 1.975018119812011719e+01 2.705809831619262695e+00 4.835929393768310547e+00 2.228176689147949219e+01 2.624687194824218750e+00 8.699131011962890625e-01 1.572017967700958252e-01 1.039918365478515625e+02 1.975018119812011719e+01
4.100000000000000000e+04 2.228215217590332031e+00 4.297713756561279297e+00 2.438451194763183594e+01 2.253956079483032227e+00 8.847485780715942383e-01 1.532727628946304321e-01 1.039916839599609375e+02 1.925443649291992188e+01 2.620331525802612305e+00 4.817883491516113281e+00 2.230929756164550781e+01 2.626365661621093750e+00 8.847485780715942383e-01 1.532727628946304321e-01 1.039916839599609375e+02 1.925443649291992188e+01
4.120000000000000000e+04 2.161337375640869141e+00 4.286538600921630859e+00 2.436489868164062500e+01 2.253459692001342773e+00 9.004122614860534668e-01 1.493698507547378540e-01 1.039915390014648438e+02 1.876262283325195312e+01 2.536000013351440430e+00 4.797550678253173828e+00 2.233524322509765625e+01 2.627453088760375977e+00 9.004122614860534668e-01 1.493698507547378540e-01 1.039915390014648438e+02 1.876262283325195312e+01
4.140000000000000000e+04 2.096064567565917969e+00 4.274019718170166016e+00 2.434125900268554688e+01 2.251946926116943359e+00 9.169209599494934082e-01 1.455073058605194092e-01 1.039914093017578125e+02 1.827502632141113281e+01 2.453253269195556641e+00 4.774935722351074219e+00 2.235986137390136719e+01 2.627367019653320312e+00 9.169209599494934082e-01 1.455073058605194092e-01 1.039914093017578125e+02 1.827502632141113281e+01
4.160000000000000000e+04 2.032718658447265625e+00 4.260107994079589844e+00 2.431429100036621094e+01 2.249453544616699219e+00 9.342682957649230957e-01 1.416796743869781494e-01 1.039912490844726562e+02 1.779178237915039062e+01 2.372462987899780273e+00 4.750133514404296875e+00 2.238380813598632812e+01 2.626137733459472656e+00 9.342682957649230957e-01 1.416796743869781494e-01 1.039912490844726562e+02 1.779178237915039062e+01
4.180000000000000000e+04 1.971536755561828613e+00 4.244835376739501953e+00 2.428386688232421875e+01 2.245754957199096680e+00 9.524828791618347168e-01 1.378679573535919189e-01 1.039910888671875000e+02 1.731312179565429688e+01 2.293907403945922852e+00 4.723295211791992188e+00 2.240709495544433594e+01 2.623494863510131836e+00 9.524828791618347168e-01 1.378679573535919189e-01 1.039910888671875000e+02 1.731312179565429688e+01
4.200000000000000000e+04 1.916570663452148438e+00 4.222029685974121094e+00 2.427344894409179688e+01 2.242726325988769531e+00 9.704738855361938477e-01 1.341175734996795654e-01 1.039912490844726562e+02 1.683916091918945312e+01 2.223953962326049805e+00 4.698799610137939453e+00 2.243105506896972656e+01 2.621616840362548828e+00 9.704738855361938477e-01 1.341175734996795654e-01 1.039912490844726562e+02 1.683916091918945312e+01
4.220000000000000000e+04 1.899664163589477539e+00 4.230660915374755859e+00 2.429134178161621094e+01 2.241433143615722656e+00 9.768888354301452637e-01 1.319388449192047119e-01 1.039922943115234375e+02 1.637061691284179688e+01 2.200006723403930664e+00 4.696202278137207031e+00 2.247040748596191406e+01 2.621674776077270508e+00 9.768888354301452637e-01 1.319388449192047119e-01 1.039922943115234375e+02 1.637061691284179688e+01
4.240000000000000000e+04 1.882613658905029297e+00 4.225152015686035156e+00 2.435094070434570312e+01 2.247281074523925781e+00 9.810598492622375488e-01 1.316646337509155273e-01 1.039937973022460938e+02 1.590908813476562500e+01 2.178484678268432617e+00 4.690536022186279297e+00 2.252425765991210938e+01 2.629950046539306641e+00 9.810598492622375488e-01 1.316646337509155273e-01 1.039937973022460938e+02 1.590908813476562500e+01
4.260000000000000000e+04 1.880206823348999023e+00 4.219362258911132812e+00 2.443374824523925781e+01 2.238972425460815430e+00 9.856146574020385742e-01 1.322236359119415283e-01 1.039946746826171875e+02 1.545555591583251953e+01 2.176421165466308594e+00 4.701630592346191406e+00 2.255102539062500000e+01 2.621562242507934570e+00 9.856146574020385742e-01 1.322236359119415283e-01 1.039946746826171875e+02 1.545555591583251953e+01
4.280000000000000000e+04 1.867524623870849609e+00 4.232064247131347656e+00 2.443063735961914062e+01 2.246226549148559570e+00 9.877284765243530273e-01 1.333072185516357422e-01 1.039958267211914062e+02 1.500870800018310547e+01 2.158492088317871094e+00 4.700880527496337891e+00 2.258875083923339844e+01 2.631234645843505859e+00 9.877284765243530273e-01 1.333072185516357422e-01 1.039958267211914062e+02 1.500870800018310547e+01
4.300000000000000000e+04 1.831157565116882324e+00 4.200929641723632812e+00 2.455185508728027344e+01 2.271836280822753906e+00 9.899028539657592773e-01 1.350467056035995483e-01 1.039990463256835938e+02 1.456828308105468750e+01 2.115760564804077148e+00 4.666956901550292969e+00 2.269589805603027344e+01 2.662351131439208984e+00 9.899028539657592773e-01 1.350467056035995483e-01 1.039990463256835938e+02 1.456828308105468750e+01
4.320000000000000000e+04 1.845638275146484375e+00 4.229901790618896484e+00 2.452737617492675781e+01 2.249943494796752930e+00 9.931918978691101074e-01 1.362147033214569092e-01 1.039987945556640625e+02 1.413750457763671875e+01 2.131309270858764648e+00 4.701041698455810547e+00 2.266543769836425781e+01 2.637725591659545898e+00 9.931918978691101074e-01 1.362147033214569092e-01 1.039987945556640625e+02 1.413750457763671875e+01
4.340000000000000000e+04 1.802643895149230957e+00 4.167330265045166016e+00 2.474620437622070312e+01 2.284701824188232422e+00 9.957467913627624512e-01 1.408941298723220825e-01 1.040052490234375000e+02 1.371098804473876953e+01 2.083262443542480469e+00 4.648895740509033203e+00 2.284415054321289062e+01 2.679488420486450195e+00 9.957467913627624512e-01 1.408941298723220825e-01 1.040052490234375000e+02 1.371098804473876953e+01
4.360000000000000000e+04 1.802926540374755859e+00 4.200856208801269531e+00 2.469913864135742188e+01 2.269750833511352539e+00 9.966789484024047852e-01 1.394342482089996338e-01 1.040046844482421875e+02 1.329376029968261719e+01 2.080836057662963867e+00 4.672690391540527344e+00 2.280808639526367188e+01 2.662737846374511719e+00 9.966789484024047852e-01 1.394342482089996338e-01 1.040046844482421875e+02 1.329376029968261719e+01
4.380000000000000000e+04 1.814404606819152832e+00 4.231881618499755859e+00 2.464928245544433594e+01 2.247694253921508789e+00 1.000415444374084473e+00 1.410867720842361450e-01 1.040043182373046875e+02 1.288558769226074219e+01 2.092812538146972656e+00 4.706152915954589844e+00 2.275423622131347656e+01 2.637740850448608398e+00 1.000415444374084473e+00 1.410867720842361450e-01 1.040043182373046875e+02 1.288558769226074219e+01
4.400000000000000000e+04 1.770396471023559570e+00 4.166760444641113281e+00 2.486966896057128906e+01 2.282447338104248047e+00 1.003315806388854980e+00 1.462289243936538696e-01 1.040117950439453125e+02 1.248058509826660156e+01 2.043938875198364258e+00 4.652303695678710938e+00 2.293102073669433594e+01 2.679403781890869141e+00 1.003315806388854980e+00 1.462289243936538696e-01 1.040117950439453125e+02 1.248058509826660156e+01
4.420000000000000000e+04 1.764782547950744629e+00 4.201457977294921875e+00 2.479278945922851562e+01 2.263371467590332031e+00 1.004559278488159180e+00 1.445896327495574951e-01 1.040110092163085938e+02 1.208577060699462891e+01 2.034453392028808594e+00 4.674438476562500000e+00 2.287032890319824219e+01 2.657624244689941406e+00 1.004559278488159180e+00 1.445896327495574951e-01 1.040110092163085938e+02 1.208577060699462891e+01
4.440000000000000000e+04 1.775615453720092773e+00 4.237263679504394531e+00 2.471095848083496094e+01 2.234386682510375977e+00 1.009073495864868164e+00 1.466161012649536133e-01 1.040106201171875000e+02 1.170025634765625000e+01 2.045704603195190430e+00 4.713222026824951172e+00 2.278760910034179688e+01 2.624336242675781250e+00 1.009073495864868164e+00 1.466161012649536133e-01 1.040106201171875000e+02 1.170025634765625000e+01
4.460000000000000000e+04 1.718424558639526367e+00 4.181035518646240234e+00 2.487631416320800781e+01 2.267915964126586914e+00 1.010049700736999512e+00 1.491663008928298950e-01 1.040174102783203125e+02 1.131635761260986328e+01 1.979760289192199707e+00 4.652482509613037109e+00 2.293165206909179688e+01 2.664359807968139648e+00 1.010049700736999512e+00 1.491663008928298950e-01 1.040174102783203125e+02 1.131635761260986328e+01
4.480000000000000000e+04 1.738272547721862793e+00 4.233833789825439453e+00 2.475138282775878906e+01 2.225555419921875000e+00 1.014637708663940430e+00 1.501027494668960571e-01 1.040168685913085938e+02 1.094553565979003906e+01 2.001074790954589844e+00 4.708387851715087891e+00 2.280580520629882812e+01 2.615184307098388672e+00 1.014637708663940430e+00 1.501027494668960571e-01 1.040168685913085938e+02 1.094553565979003906e+01
4.500000000000000000e+04 1.676968932151794434e+00 4.154183864593505859e+00 2.497425079345703125e+01 2.267688035964965820e+00 1.016793489456176758e+00 1.556854397058486938e-01 1.040265502929687500e+02 1.057689189910888672e+01 1.932341814041137695e+00 4.636238098144531250e+00 2.298932647705078125e+01 2.665416955947875977e+00 1.016793489456176758e+00 1.556854397058486938e-01 1.040265502929687500e+02 1.057689189910888672e+01
4.500000000000000000e+04 1.676968932151794434e+00 4.154183864593505859e+00 2.497425079345703125e+01 2.267688035964965820e+00 1.016793489456176758e+00 1.556854397058486938e-01 1.040265502929687500e+02 1.057689189910888672e+01 1.932341814041137695e+00 4.636238098144531250e+00 2.298932647705078125e+01 2.665416955947875977e+00 1.016793489456176758e+00 1.556854397058486938e-01 1.040265502929687500e+02 1.057689189910888672e+01
4.502500000000000000e+04 1.677330613136291504e+00 4.157020568847656250e+00 2.496344566345214844e+01 2.268051147460937500e+00 1.016783118247985840e+00 1.556826978921890259e-01 1.040262908935546875e+02 1.057696723937988281e+01 1.932660341262817383e+00 4.638647556304931641e+00 2.297952651977539062e+01 2.665843486785888672e+00 1.016783118247985840e+00 1.556826978921890259e-01 1.040262908935546875e+02 1.057696723937988281e+01
