# step, loss_train, loss_test, metrics_test
0.000000000000000000e+00 4.362337493896484375e+01 6.748083496093750000e+03 3.349132919311523438e+01 6.722757592797279358e-03 7.331643104553222656e-01 8.711115121841430664e-01 0.000000000000000000e+00 6.399997472763061523e-01 4.362338256835937500e+01 6.748082519531250000e+03 3.349132919311523438e+01 6.722757127135992050e-03 7.331643104553222656e-01 8.711115121841430664e-01 0.000000000000000000e+00 6.399997472763061523e-01
5.000000000000000000e+03 4.126184880733489990e-01 9.684737306088209152e-04 9.361899457871913910e-03 1.523729711771011353e-01 8.769941329956054688e-01 6.293030381202697754e-01 1.975319537450559437e-05 4.297102093696594238e-01 4.126184582710266113e-01 9.684737306088209152e-04 9.361900389194488525e-03 1.523729562759399414e-01 8.769941329956054688e-01 6.293030381202697754e-01 1.975319537450559437e-05 4.297102093696594238e-01
1.000000000000000000e+04 3.893625398632138968e-05 4.861561137659009546e-06 2.265868970425799489e-04 1.264950037002563477e-01 7.343279719352722168e-01 5.360755324363708496e-01 2.239850073237903416e-05 4.385757744312286377e-01 3.893626126227900386e-05 4.861562047153711319e-06 2.265867369715124369e-04 1.264950037002563477e-01 7.343279719352722168e-01 5.360755324363708496e-01 2.239850073237903416e-05 4.385757744312286377e-01
1.500000000000000000e+04 1.486336259404197335e-06 5.477080321725225076e-06 1.315384452027501538e-05 1.092923879623413086e-01 7.313426733016967773e-01 4.006460011005401611e-01 1.090589910745620728e-03 4.423675835132598877e-01 1.486335122535820119e-06 5.477080321725225076e-06 1.315384633926441893e-05 1.092923730611801147e-01 7.313426733016967773e-01 4.006460011005401611e-01 1.090589910745620728e-03 4.423675835132598877e-01
2.000000000000000000e+04 5.374067695811390877e-04 8.236553985625505447e-04 3.459428669884800911e-03 5.540982633829116821e-02 7.327426075935363770e-01 1.377266794443130493e-01 1.624732976779341698e-04 4.443357884883880615e-01 5.374067113734781742e-04 8.236553403548896313e-04 3.459428204223513603e-03 5.540982633829116821e-02 7.327426075935363770e-01 1.377266794443130493e-01 1.624732976779341698e-04 4.443357884883880615e-01
2.500000000000000000e+04 1.682887203060090542e-03 2.216221020034936373e-07 1.832870329963043332e-04 3.133353218436241150e-02 7.406448125839233398e-01 4.865851625800132751e-02 2.530532947275787592e-04 4.448240697383880615e-01 1.682887552306056023e-03 2.216126802068174584e-07 1.832871494116261601e-04 3.133352845907211304e-02 7.406448125839233398e-01 4.865851625800132751e-02 2.530532947275787592e-04 4.448240697383880615e-01
3.000000000000000000e+04 2.952945360448211432e-04 2.232661499874666333e-04 5.537511897273361683e-04 2.840686403214931488e-02 7.360139489173889160e-01 3.227783367037773132e-02 3.925159107893705368e-04 4.452908933162689209e-01 2.952945069409906864e-04 2.232658880529925227e-04 5.537511897273361683e-04 2.840686030685901642e-02 7.360139489173889160e-01 3.227783367037773132e-02 3.925159107893705368e-04 4.452908933162689209e-01
3.500000000000000000e+04 2.048887836281210184e-04 1.094825734071491752e-06 3.668466888484545052e-05 2.751243114471435547e-02 7.350438237190246582e-01 2.788416109979152679e-02 6.619988707825541496e-04 4.450392127037048340e-01 2.048888272838667035e-04 1.094868025575124193e-06 3.668466888484545052e-05 2.751242928206920624e-02 7.350438237190246582e-01 2.788416109979152679e-02 6.619988707825541496e-04 4.450392127037048340e-01
4.000000000000000000e+04 1.059852875187061727e-04 7.939848583191633224e-04 2.237411215901374817e-03 2.654147706925868988e-02 7.328989505767822266e-01 1.892678253352642059e-02 5.152655648998916149e-04 4.451880455017089844e-01 1.059852802427485585e-04 7.939849165268242359e-04 2.237411215901374817e-03 2.654147334396839142e-02 7.328989505767822266e-01 1.892678253352642059e-02 5.152655648998916149e-04 4.451880455017089844e-01
4.500000000000000000e+04 9.961205068975687027e-04 7.480197818949818611e-04 2.201199764385819435e-03 1.663761772215366364e-02 7.326887249946594238e-01 1.983592053875327110e-03 7.190490578068420291e-05 4.468416571617126465e-01 9.961203904822468758e-04 7.480197236873209476e-04 2.201200230047106743e-03 1.663761772215366364e-02 7.326887249946594238e-01 1.983592053875327110e-03 7.190490578068420291e-05 4.468416571617126465e-01
5.000000000000000000e+04 2.989603672176599503e-04 6.483696779469028115e-08 1.704421265458222479e-05 1.278134435415267944e-02 7.368547916412353516e-01 1.949541969224810600e-03 3.769099421333521605e-04 4.467920958995819092e-01 2.989603381138294935e-04 6.483696779469028115e-08 1.704413989500608295e-05 1.278134435415267944e-02 7.368547916412353516e-01 1.949541969224810600e-03 3.769099421333521605e-04 4.467920958995819092e-01
5.500000000000000000e+04 3.172675496898591518e-04 1.073060076350884628e-07 2.078097531921230257e-05 1.272351015359163284e-02 7.359516024589538574e-01 3.479118458926677704e-03 6.580042536370456219e-04 4.462697803974151611e-01 3.172679862473160028e-04 1.073132622764205735e-07 2.078048964904155582e-05 1.272351108491420746e-02 7.359516024589538574e-01 3.479118458926677704e-03 6.580042536370456219e-04 4.462697803974151611e-01
6.000000000000000000e+04 1.265014434466138482e-04 6.902507010408953647e-08 7.449753525179403368e-07 1.792119443416595459e-02 7.319793105125427246e-01 5.030483007431030273e-03 1.433372730389237404e-03 4.481539130210876465e-01 1.265011960640549660e-04 6.903087523824069649e-08 7.448983296853839420e-07 1.792119443416595459e-02 7.319793105125427246e-01 5.030483007431030273e-03 1.433372730389237404e-03 4.481539130210876465e-01
6.500000000000000000e+04 5.242021870799362659e-04 1.797668519429862499e-04 5.298667238093912601e-04 1.105094049125909805e-02 7.326426506042480469e-01 6.012935773469507694e-04 2.576268452685326338e-04 4.468458592891693115e-01 5.242021870799362659e-04 1.797666627680882812e-04 5.298667238093912601e-04 1.105094049125909805e-02 7.326426506042480469e-01 6.012935773469507694e-04 2.576268452685326338e-04 4.468458592891693115e-01
7.000000000000000000e+04 2.752991567831486464e-04 1.425864320481196046e-04 4.076070326846092939e-04 7.210198324173688889e-03 7.326701879501342773e-01 2.075929842249024659e-05 1.231872647622367367e-05 4.467818140983581543e-01 2.752991567831486464e-04 1.425864320481196046e-04 4.076070617884397507e-04 7.210197392851114273e-03 7.326701879501342773e-01 2.075929842249024659e-05 1.231872647622367367e-05 4.467818140983581543e-01
7.500000000000000000e+04 4.312621022108942270e-04 9.028682688949629664e-05 2.087216707877814770e-04 5.013171117752790451e-03 7.326052784919738770e-01 1.856576204772864003e-06 6.374253302965371404e-07 4.462903439998626709e-01 4.312621022108942270e-04 9.028676140587776899e-05 2.087218308588489890e-04 5.013170652091503143e-03 7.326052784919738770e-01 1.856576204772864003e-06 6.374253302965371404e-07 4.462903439998626709e-01
8.000000000000000000e+04 7.284253370016813278e-04 1.761703402735292912e-03 5.516909994184970856e-03 3.646230092272162437e-03 7.324725985527038574e-01 1.148650881077628583e-06 4.719822044307875331e-08 4.457398951053619385e-01 7.284245803020894527e-04 1.761702587828040123e-03 5.516917910426855087e-03 3.646229859441518784e-03 7.324725985527038574e-01 1.148650881077628583e-06 4.719822044307875331e-08 4.457398951053619385e-01
8.500000000000000000e+04 6.456101546064019203e-04 6.483694960479624569e-06 4.977703065378591418e-05 3.007610794156789780e-03 7.325170636177062988e-01 1.652952278163866140e-06 4.970933673575927969e-07 4.439412653446197510e-01 6.456100963987410069e-04 6.483694505732273683e-06 4.977702337782830000e-05 3.007611259818077087e-03 7.325170636177062988e-01 1.652952278163866140e-06 4.970933673575927969e-07 4.439412653446197510e-01
9.000000000000000000e+04 5.138008855283260345e-04 3.541369733284227550e-05 1.415861333953216672e-04 2.578952815383672714e-03 7.325301170349121094e-01 2.406071416771737859e-06 1.556560278004326392e-06 4.422455430030822754e-01 5.138008273206651211e-04 3.541354089975357056e-05 1.415861479472368956e-04 2.578952116891741753e-03 7.325301170349121094e-01 2.406071416771737859e-06 1.556560278004326392e-06 4.422455430030822754e-01
9.500000000000000000e+04 2.597144921310245991e-04 1.298680452066491853e-08 5.729884378524729982e-06 2.021007239818572998e-03 7.327497601509094238e-01 2.663555205799639225e-04 5.486957961693406105e-04 4.409517645835876465e-01 2.597144921310245991e-04 1.298781171499285847e-08 5.729905296902870759e-06 2.021007006987929344e-03 7.327497601509094238e-01 2.663555205799639225e-04 5.486957961693406105e-04 4.409517645835876465e-01
9.500000000000000000e+04 2.597144921310245991e-04 1.298680452066491853e-08 5.729884378524729982e-06 2.021007239818572998e-03 7.327497601509094238e-01 2.663555205799639225e-04 5.486957961693406105e-04 4.409517645835876465e-01 2.597144921310245991e-04 1.298781171499285847e-08 5.729905296902870759e-06 2.021007006987929344e-03 7.327497601509094238e-01 2.663555205799639225e-04 5.486957961693406105e-04 4.409517645835876465e-01
9.501800000000000000e+04 2.597144921310245991e-04 1.298680452066491853e-08 5.729884378524729982e-06 2.021007239818572998e-03 7.327497601509094238e-01 2.663555205799639225e-04 5.486957961693406105e-04 4.409517645835876465e-01 2.597144921310245991e-04 1.298781171499285847e-08 5.729905296902870759e-06 2.021007006987929344e-03 7.327497601509094238e-01 2.663555205799639225e-04 5.486957961693406105e-04 4.409517645835876465e-01
