# step, loss_train, loss_test, metrics_test
0.000000000000000000e+00 5.096445465087890625e+01 6.067167968750000000e+03 1.861155700683593750e+01 4.423247301019728184e-04 7.331643104553222656e-01 8.711115121841430664e-01 0.000000000000000000e+00 6.399997472763061523e-01 5.096445465087890625e+01 6.067169433593750000e+03 1.861155700683593750e+01 4.423247301019728184e-04 7.331643104553222656e-01 8.711115121841430664e-01 0.000000000000000000e+00 6.399997472763061523e-01
5.000000000000000000e+03 4.195458313915878534e-05 3.755325451493263245e-06 5.025566788390278816e-04 3.863355815410614014e-01 6.411401629447937012e-01 4.999619722366333008e-01 3.670470614451915026e-04 4.762549698352813721e-01 4.195458313915878534e-05 3.755325451493263245e-06 5.025567370466887951e-04 3.863355517387390137e-01 6.411401629447937012e-01 4.999619722366333008e-01 3.670470614451915026e-04 4.762549698352813721e-01
1.000000000000000000e+04 3.828681201412109658e-06 5.979058641969459131e-06 4.431767738424241543e-04 2.389930337667465210e-01 5.996665358543395996e-01 3.368727862834930420e-01 7.750929798930883408e-03 4.894834756851196289e-01 3.828681201412109658e-06 5.979102752462495118e-06 4.431767738424241543e-04 2.389930337667465210e-01 5.996665358543395996e-01 3.368727862834930420e-01 7.750929798930883408e-03 4.894834756851196289e-01
1.500000000000000000e+04 1.426589733455330133e-05 3.069091690122149885e-06 1.282626180909574032e-04 1.921399496495723724e-03 2.657433971762657166e-02 9.188465774059295654e-04 4.222912686202562327e-09 5.064634680747985840e-01 1.426594008080428466e-05 3.069153535761870444e-06 1.282637240365147591e-04 1.921399845741689205e-03 2.657433971762657166e-02 9.188465774059295654e-04 4.222912686202562327e-09 5.064634680747985840e-01
2.000000000000000000e+04 1.161357676693342000e-08 7.041654814798903317e-09 1.461024839954916388e-05 6.474811234511435032e-04 5.222369451075792313e-03 1.359801099169999361e-04 6.879022839711979032e-05 5.097652226686477661e-02 1.161333784693852067e-08 7.043126970529556274e-09 1.461018109694123268e-05 6.474810652434825897e-04 5.222369451075792313e-03 1.359801099169999361e-04 6.879022839711979032e-05 5.097652226686477661e-02
2.500000000000000000e+04 5.676660030928815104e-09 1.420079720482192442e-09 6.387584221556608099e-07 7.215367531898664311e-06 7.868649845477193594e-05 1.202414296130882576e-06 1.071173642230860423e-06 4.455957096070051193e-03 5.676156433764845133e-09 1.419039108441211283e-09 6.386871973518282175e-07 7.215363893919857219e-06 7.868649845477193594e-05 1.202414296130882576e-06 1.071173642230860423e-06 4.455957096070051193e-03
3.000000000000000000e+04 1.074659583544246289e-09 2.947534716302158131e-10 1.499174686614423990e-07 6.253256970012444071e-07 1.299994346481980756e-05 2.299959760421188548e-07 2.238066656445880653e-07 1.276782946661114693e-03 1.074695887837151531e-09 2.946762833744287491e-10 1.499174686614423990e-07 6.253248443499614950e-07 1.299994346481980756e-05 2.299959760421188548e-07 2.238066656445880653e-07 1.276782946661114693e-03
3.500000000000000000e+04 1.604393062848430418e-09 1.412345882272347808e-04 1.426808885298669338e-03 6.022570886443645577e-09 2.035122179222526029e-06 5.299134500091895461e-07 1.450032868888229132e-04 4.458687326405197382e-04 1.604348653927445412e-09 1.412345736753195524e-04 1.426808885298669338e-03 6.022571774622065277e-09 2.035122179222526029e-06 5.299134500091895461e-07 1.450032868888229132e-04 4.458687326405197382e-04
4.000000000000000000e+04 1.005329042236269288e-09 1.057551974866042382e-15 9.052644744933502352e-11 1.249304801831385703e-07 1.445202428840275388e-06 5.641793165978015168e-08 1.258678139492985792e-08 1.944192626979202032e-04 1.005503236228832975e-09 0.000000000000000000e+00 9.094947017729282379e-11 1.249308780870705959e-07 1.445202428840275388e-06 5.641793165978015168e-08 1.258678139492985792e-08 1.944192626979202032e-04
4.500000000000000000e+04 3.458560382529896060e-10 2.366031370826249258e-09 5.325956919932650635e-08 5.830246152527251979e-08 5.991165039631596301e-07 1.131974336487928667e-08 9.286369007099892769e-09 8.936367521528154612e-05 3.458353603491559625e-10 2.365595719311386347e-09 5.326364771462976933e-08 5.830218796631925215e-08 5.991165039631596301e-07 1.131974336487928667e-08 9.286369007099892769e-09 8.936367521528154612e-05
5.000000000000000000e+04 1.121598984354932327e-06 2.098525328619871289e-06 6.896645209053531289e-05 3.307080831405073695e-08 2.190350834041510097e-08 2.331509989517144277e-07 1.094014005502685905e-04 4.343604814494028687e-05 1.121598870668094605e-06 2.098531922456459142e-06 6.896630657138302922e-05 3.307080831405073695e-08 2.190350834041510097e-08 2.331509989517144277e-07 1.094014005502685905e-04 4.343604814494028687e-05
5.500000000000000000e+04 1.463460080231016036e-06 8.574713319831062108e-06 1.338644651696085930e-04 7.003677637840155512e-10 8.419011976457113633e-08 2.696470460250566248e-07 8.370990123296451202e-09 2.627403773658443242e-05 1.463461330786230974e-06 8.574687853979412466e-06 1.338644506176933646e-04 7.003677637840155512e-10 8.419011976457113633e-08 2.696470460250566248e-07 8.370990123296451202e-09 2.627403773658443242e-05
6.000000000000000000e+04 2.022526324196860514e-08 1.635089006413181778e-07 6.478658178821206093e-07 4.617105808790711308e-09 8.264078843467359548e-08 7.455564343672449468e-08 1.552725450437719701e-07 1.508049808762734756e-05 2.022557588077233959e-08 1.635053195059299469e-07 6.478658178821206093e-07 4.617106696969131008e-09 8.264078843467359548e-08 7.455564343672449468e-08 1.552725450437719701e-07 1.508049808762734756e-05
6.500000000000000000e+04 7.995615280975698624e-11 9.025803993090164568e-10 1.682433214966749802e-08 5.551112458590523602e-09 5.484342224804095167e-08 9.569625092353817308e-10 9.801500722161904378e-10 1.020109084493014961e-05 7.993605777301127091e-11 9.024461178341880441e-10 1.682201400399208069e-08 5.551113346768943302e-09 5.484342224804095167e-08 9.569625092353817308e-10 9.801500722161904378e-10 1.020109084493014961e-05
7.000000000000000000e+04 5.099105138128834369e-09 1.585129467684964766e-07 2.715619984883232974e-06 2.114983049805729820e-10 1.356466405866285641e-08 1.056794971532326599e-07 9.562246816585684428e-08 7.391259259748039767e-06 5.098868438579984286e-09 1.585304971740697511e-07 2.715736627578735352e-06 2.115143615810666233e-10 1.356466405866285641e-08 1.056794971532326599e-07 9.562246816585684428e-08 7.391259259748039767e-06
7.500000000000000000e+04 3.536189353489649356e-13 9.683462849352508783e-06 9.701217641122639179e-05 1.726008336255802078e-09 7.982094984981813468e-10 3.077093779779715987e-08 1.593267938915232662e-06 5.241690359980566427e-06 3.552713678800500929e-13 9.683543794380966574e-06 9.701356611913070083e-05 1.725939280383670393e-09 7.982094984981813468e-10 3.077093779779715987e-08 1.593267938915232662e-06 5.241690359980566427e-06
8.000000000000000000e+04 8.712927268561543315e-09 9.772652447281870991e-06 1.237772376043722034e-04 2.588011582815852307e-08 7.153603043263956351e-09 3.505265624426101567e-07 1.152773847934440710e-06 4.403958428156329319e-06 8.712512489239543356e-09 9.772776138561312109e-06 1.237782125826925039e-04 2.588011582815852307e-08 7.153603043263956351e-09 3.505265624426101567e-07 1.152773847934440710e-06 4.403958428156329319e-06
8.500000000000000000e+04 3.489417110813519685e-08 1.408314318496195483e-07 9.094947017729282379e-07 9.555378710501827300e-11 8.757076841447997140e-09 1.027929172892072529e-07 2.759029094079323841e-08 4.138647909712744877e-06 3.489458677563561650e-08 1.408281065096161910e-07 9.094947017729282379e-07 9.555378710501827300e-11 8.757076841447997140e-09 1.027929172892072529e-07 2.759029094079323841e-08 4.138647909712744877e-06
9.000000000000000000e+04 2.906070051267306553e-08 1.401215570240310626e-07 2.384711592640087474e-07 1.270504035311148527e-09 4.275364950956372923e-09 2.825260025929310359e-10 1.796244418983405922e-06 3.766192321563721634e-06 2.905975549083450460e-08 1.401132436740226694e-07 2.384185791015625000e-07 1.270464622393774334e-09 4.275364950956372923e-09 2.825260025929310359e-10 1.796244418983405922e-06 3.766192321563721634e-06
9.500000000000000000e+04 2.335564772693032864e-07 7.381606992318268112e-10 8.036295184865593910e-09 6.465140423017601279e-09 2.506794771761633456e-11 5.943014413922753647e-10 1.086068095901282504e-05 3.455915702943457291e-06 2.335543172193865757e-07 7.387370715150609612e-10 8.036295184865593910e-09 6.465229684948781141e-09 2.506794771761633456e-11 5.943014413922753647e-10 1.086068095901282504e-05 3.455915702943457291e-06
9.500000000000000000e+04 2.335564772693032864e-07 7.381606992318268112e-10 8.036295184865593910e-09 6.465140423017601279e-09 2.506794771761633456e-11 5.943014413922753647e-10 1.086068095901282504e-05 3.455915702943457291e-06 2.335543172193865757e-07 7.387370715150609612e-10 8.036295184865593910e-09 6.465229684948781141e-09 2.506794771761633456e-11 5.943014413922753647e-10 1.086068095901282504e-05 3.455915702943457291e-06
9.501300000000000000e+04 2.335564772693032864e-07 7.381606992318268112e-10 8.036295184865593910e-09 6.465140423017601279e-09 2.506794771761633456e-11 5.943014413922753647e-10 1.086068095901282504e-05 3.455915702943457291e-06 2.335543172193865757e-07 7.387370715150609612e-10 8.036295184865593910e-09 6.465229684948781141e-09 2.506794771761633456e-11 5.943014413922753647e-10 1.086068095901282504e-05 3.455915702943457291e-06
