# step, loss_train, loss_test, metrics_test
0.000000000000000000e+00 3.502691164612770081e-02 5.967303514480590820e-01 1.943784141540527344e+01 5.512847006320953369e-02 1.322499990463256836e+00 3.600000000000000000e+01 4.579599914550781250e+02 2.500000000000000000e+01 3.696805611252784729e-02 6.275749802589416504e-01 1.882843971252441406e+01 5.488115921616554260e-02 1.322499990463256836e+00 3.600000000000000000e+01 4.579599914550781250e+02 2.500000000000000000e+01
2.000000000000000000e+02 2.250209450721740723e-01 3.032967090606689453e+00 8.983735084533691406e+00 5.056290328502655029e-02 1.266847848892211914e+00 3.554225921630859375e+01 4.512453613281250000e+02 2.446177482604980469e+01 2.394173443317413330e-01 3.234588384628295898e+00 7.559544563293457031e+00 5.383120477199554443e-02 1.266847848892211914e+00 3.554225921630859375e+01 4.512453613281250000e+02 2.446177482604980469e+01
4.000000000000000000e+02 3.770812451839447021e-01 5.091287136077880859e+00 5.626655101776123047e+00 5.368206650018692017e-02 1.204604864120483398e+00 3.494556045532226562e+01 4.429740905761718750e+02 2.396744918823242188e+01 4.024488031864166260e-01 5.448933124542236328e+00 3.925678730010986328e+00 5.499093979597091675e-02 1.204604864120483398e+00 3.494556045532226562e+01 4.429740905761718750e+02 2.396744918823242188e+01
6.000000000000000000e+02 3.982976377010345459e-01 5.346572875976562500e+00 5.182929515838623047e+00 5.707826465368270874e-02 1.151655316352844238e+00 3.378258895874023438e+01 4.324183959960937500e+02 2.341696166992187500e+01 4.259473383426666260e-01 5.737061023712158203e+00 3.458228111267089844e+00 5.634396150708198547e-02 1.151655316352844238e+00 3.378258895874023438e+01 4.324183959960937500e+02 2.341696166992187500e+01
8.000000000000000000e+02 4.050689041614532471e-01 5.386739730834960938e+00 4.973740577697753906e+00 6.043551862239837646e-02 1.096080780029296875e+00 3.203818893432617188e+01 4.196339111328125000e+02 2.273600387573242188e+01 4.335945248603820801e-01 5.794941902160644531e+00 3.274374961853027344e+00 5.762619152665138245e-02 1.096080780029296875e+00 3.203818893432617188e+01 4.196339111328125000e+02 2.273600387573242188e+01
1.000000000000000000e+03 4.121824502944946289e-01 5.420714378356933594e+00 4.766633510589599609e+00 6.352277100086212158e-02 1.032575130462646484e+00 2.980276489257812500e+01 4.049480590820312500e+02 2.185912704467773438e+01 4.406578540802001953e-01 5.844807147979736328e+00 3.140072584152221680e+00 5.869509652256965637e-02 1.032575130462646484e+00 2.980276489257812500e+01 4.049480590820312500e+02 2.185912704467773438e+01
1.200000000000000000e+03 4.201632738113403320e-01 5.460278511047363281e+00 4.523110866546630859e+00 6.598929315805435181e-02 9.571117758750915527e-01 2.718620109558105469e+01 3.887128295898437500e+02 2.073095130920410156e+01 4.470811188220977783e-01 5.896735668182373047e+00 3.039901494979858398e+00 5.940438434481620789e-02 9.571117758750915527e-01 2.718620109558105469e+01 3.887128295898437500e+02 2.073095130920410156e+01
1.400000000000000000e+03 4.289909899234771729e-01 5.508266925811767578e+00 4.203483104705810547e+00 6.788071244955062866e-02 8.665022850036621094e-01 2.430504417419433594e+01 3.712589721679687500e+02 1.932189369201660156e+01 4.525693058967590332e-01 5.952699184417724609e+00 2.958804845809936523e+00 5.974350869655609131e-02 8.665022850036621094e-01 2.430504417419433594e+01 3.712589721679687500e+02 1.932189369201660156e+01
1.600000000000000000e+03 4.383320510387420654e-01 5.563399314880371094e+00 3.796383380889892578e+00 6.983061879873275757e-02 7.596455812454223633e-01 2.127644157409667969e+01 3.528949279785156250e+02 1.764411544799804688e+01 4.569838047027587891e-01 6.011013031005859375e+00 2.892583370208740234e+00 5.986653268337249756e-02 7.596455812454223633e-01 2.127644157409667969e+01 3.528949279785156250e+02 1.764411544799804688e+01
1.800000000000000000e+03 4.466764330863952637e-01 5.618249416351318359e+00 3.352860927581787109e+00 7.226788252592086792e-02 6.391519308090209961e-01 1.821309471130371094e+01 3.339114074707031250e+02 1.575646114349365234e+01 4.595653414726257324e-01 6.061002254486083984e+00 2.855226516723632812e+00 5.985224619507789612e-02 6.391519308090209961e-01 1.821309471130371094e+01 3.339114074707031250e+02 1.575646114349365234e+01
2.000000000000000000e+03 4.509461820125579834e-01 5.656364917755126953e+00 2.978390932083129883e+00 7.430244982242584229e-02 5.124070048332214355e-01 1.521793937683105469e+01 3.145822753906250000e+02 1.375094509124755859e+01 4.593201577663421631e-01 6.086857318878173828e+00 2.859150886535644531e+00 5.949214473366737366e-02 5.124070048332214355e-01 1.521793937683105469e+01 3.145822753906250000e+02 1.375094509124755859e+01
2.200000000000000000e+03 4.473956525325775146e-01 5.650118827819824219e+00 2.755145549774169922e+00 7.416200637817382812e-02 3.907598555088043213e-01 1.237803554534912109e+01 2.951540527343750000e+02 1.172176837921142578e+01 4.561131298542022705e-01 6.076664924621582031e+00 2.883630037307739258e+00 5.836347490549087524e-02 3.907598555088043213e-01 1.237803554534912109e+01 2.951540527343750000e+02 1.172176837921142578e+01
2.400000000000000000e+03 4.432009160518646240e-01 5.621743679046630859e+00 2.394457578659057617e+00 7.038728147745132446e-02 2.940711677074432373e-01 9.760720252990722656e+00 2.758295288085937500e+02 9.737639427185058594e+00 4.591594934463500977e-01 6.028256416320800781e+00 2.617164373397827148e+00 5.458128079771995544e-02 2.940711677074432373e-01 9.760720252990722656e+00 2.758295288085937500e+02 9.737639427185058594e+00
2.600000000000000000e+03 3.880777657032012939e-01 4.801726341247558594e+00 2.302587270736694336e+00 6.571858376264572144e-02 2.315772771835327148e-01 7.407229900360107422e+00 2.567542114257812500e+02 7.756106853485107422e+00 4.123237729072570801e-01 5.170247077941894531e+00 2.517015933990478516e+00 4.349653422832489014e-02 2.315772771835327148e-01 7.407229900360107422e+00 2.567542114257812500e+02 7.756106853485107422e+00
2.800000000000000000e+03 2.074684500694274902e-01 1.296084284782409668e+00 5.667876601219177246e-01 6.539846211671829224e-02 2.058675438165664673e-01 5.351998329162597656e+00 2.380285644531250000e+02 5.944307804107666016e+00 2.267175614833831787e-01 1.413933396339416504e+00 5.794295668601989746e-01 9.965776465833187103e-03 2.058675438165664673e-01 5.351998329162597656e+00 2.380285644531250000e+02 5.944307804107666016e+00
3.000000000000000000e+03 1.287186443805694580e-01 2.125001996755599976e-01 1.336724460124969482e-01 1.088734641671180725e-01 1.793860346078872681e-01 3.672016620635986328e+00 2.197993621826171875e+02 4.677824974060058594e+00 1.351403295993804932e-01 2.478740662336349487e-01 8.114643394947052002e-02 5.090204253792762756e-02 1.793860346078872681e-01 3.672016620635986328e+00 2.197993621826171875e+02 4.677824974060058594e+00
3.200000000000000000e+03 1.383545994758605957e-01 2.199764698743820190e-01 1.563511043787002563e-01 9.406482428312301636e-02 1.570294648408889771e-01 2.355069637298583984e+00 2.021666107177734375e+02 3.614950656890869141e+00 1.403345912694931030e-01 2.572546899318695068e-01 8.169452846050262451e-02 4.401249438524246216e-02 1.570294648408889771e-01 2.355069637298583984e+00 2.021666107177734375e+02 3.614950656890869141e+00
3.400000000000000000e+03 1.443212330341339111e-01 2.089329510927200317e-01 1.660960763692855835e-01 8.240385353565216064e-02 1.568016707897186279e-01 1.371459841728210449e+00 1.851697235107421875e+02 2.689328908920288086e+00 1.423720568418502808e-01 2.433765977621078491e-01 7.864744961261749268e-02 3.836391866207122803e-02 1.568016707897186279e-01 1.371459841728210449e+00 1.851697235107421875e+02 2.689328908920288086e+00
3.600000000000000000e+03 1.458016335964202881e-01 1.762581169605255127e-01 1.580018103122711182e-01 7.312101870775222778e-02 1.717683523893356323e-01 6.934937238693237305e-01 1.688570556640625000e+02 1.907856583595275879e+00 1.415916830301284790e-01 2.060998529195785522e-01 6.898012012243270874e-02 3.390475362539291382e-02 1.717683523893356323e-01 6.934937238693237305e-01 1.688570556640625000e+02 1.907856583595275879e+00
3.800000000000000000e+03 1.444927006959915161e-01 1.365191787481307983e-01 1.384731680154800415e-01 6.507369875907897949e-02 1.925987303256988525e-01 2.779058814048767090e-01 1.532689056396484375e+02 1.274035811424255371e+00 1.395362913608551025e-01 1.606593579053878784e-01 5.903324112296104431e-02 3.029097802937030792e-02 1.925987303256988525e-01 2.779058814048767090e-01 1.532689056396484375e+02 1.274035811424255371e+00
4.000000000000000000e+03 1.425800323486328125e-01 1.042121201753616333e-01 1.218496337532997131e-01 5.773674696683883667e-02 2.100529819726943970e-01 6.871577352285385132e-02 1.384399108886718750e+02 7.866126894950866699e-01 1.377271711826324463e-01 1.232071667909622192e-01 5.611076205968856812e-02 2.719258703291416168e-02 2.100529819726943970e-01 6.871577352285385132e-02 1.384399108886718750e+02 7.866126894950866699e-01
4.200000000000000000e+03 1.408872902393341064e-01 8.269921690225601196e-02 1.134847551584243774e-01 5.143945291638374329e-02 2.196717411279678345e-01 2.014548983424901962e-03 1.243965988159179688e+02 4.369534850120544434e-01 1.367783397436141968e-01 9.804881364107131958e-02 5.799507722258567810e-02 2.453470788896083832e-02 2.196717411279678345e-01 2.014548983424901962e-03 1.243965988159179688e+02 4.369534850120544434e-01
4.400000000000000000e+03 1.390890032052993774e-01 6.856147199869155884e-02 1.114094182848930359e-01 4.658712074160575867e-02 2.222499102354049683e-01 1.434018276631832123e-02 1.111550521850585938e+02 2.084188610315322876e-01 1.364130526781082153e-01 8.148858696222305298e-02 6.158190593123435974e-02 2.239650301635265350e-02 2.222499102354049683e-01 1.434018276631832123e-02 1.111550521850585938e+02 2.084188610315322876e-01
4.600000000000000000e+03 1.370681822299957275e-01 5.890008062124252319e-02 1.137746348977088928e-01 4.323017224669456482e-02 2.201755642890930176e-01 5.343832820653915405e-02 9.872227478027343750e+01 7.781242579221725464e-02 1.363089978694915771e-01 7.019858062267303467e-02 6.723192334175109863e-02 2.083682455122470856e-02 2.201755642890930176e-01 5.343832820653915405e-02 9.872227478027343750e+01 7.781242579221725464e-02
4.800000000000000000e+03 1.352369040250778198e-01 5.245299264788627625e-02 1.189050525426864624e-01 4.120899364352226257e-02 2.154581993818283081e-01 8.637806028127670288e-02 8.709942626953125000e+01 1.776312477886676788e-02 1.365252137184143066e-01 6.262850016355514526e-02 7.502292841672897339e-02 1.985767111182212830e-02 2.154581993818283081e-01 8.637806028127670288e-02 8.709942626953125000e+01 1.776312477886676788e-02
5.000000000000000000e+03 1.338416486978530884e-01 4.844872653484344482e-02 1.237562000751495361e-01 4.029522091150283813e-02 2.090400010347366333e-01 1.003369390964508057e-01 7.628414154052734375e+01 5.236070719547569752e-04 1.370514482259750366e-01 5.784747004508972168e-02 8.303206413984298706e-02 1.941587962210178375e-02 2.090400010347366333e-01 1.003369390964508057e-01 7.628414154052734375e+01 5.236070719547569752e-04
5.200000000000000000e+03 1.329513341188430786e-01 4.559498280286788940e-02 1.266803741455078125e-01 4.006807133555412292e-02 2.011665552854537964e-01 9.647490084171295166e-02 6.627253723144531250e+01 2.744022989645600319e-03 1.378547102212905884e-01 5.436641722917556763e-02 8.958625793457031250e-02 1.930249296128749847e-02 2.011665552854537964e-01 9.647490084171295166e-02 6.627253723144531250e+01 2.744022989645600319e-03
5.400000000000000000e+03 1.329581141471862793e-01 4.336798936128616333e-02 1.271645724773406982e-01 4.033298790454864502e-02 1.913733929395675659e-01 8.183624595403671265e-02 5.706086730957031250e+01 9.389884769916534424e-03 1.392605155706405640e-01 5.155510082840919495e-02 9.389366954565048218e-02 1.949889957904815674e-02 1.913733929395675659e-01 8.183624595403671265e-02 5.706086730957031250e+01 9.389884769916534424e-03
5.600000000000000000e+03 1.338513791561126709e-01 4.128403216600418091e-02 1.244666352868080139e-01 4.108734056353569031e-02 1.800578683614730835e-01 6.349335610866546631e-02 4.864512252807617188e+01 1.372385956346988678e-02 1.411763727664947510e-01 4.892535507678985596e-02 9.530375152826309204e-02 2.006838843226432800e-02 1.800578683614730835e-01 6.349335610866546631e-02 4.864512252807617188e+01 1.372385956346988678e-02
5.800000000000000000e+03 1.349669992923736572e-01 3.953639417886734009e-02 1.179416626691818237e-01 4.247598722577095032e-02 1.681698709726333618e-01 4.612813144922256470e-02 4.101935577392578125e+01 1.450774818658828735e-02 1.428582072257995605e-01 4.680294916033744812e-02 9.241513907909393311e-02 2.111306600272655487e-02 1.681698709726333618e-01 4.612813144922256470e-02 4.101935577392578125e+01 1.450774818658828735e-02
6.000000000000000000e+03 1.367159783840179443e-01 3.759689629077911377e-02 1.109474226832389832e-01 4.421238973736763000e-02 1.554415971040725708e-01 3.191868588328361511e-02 3.417454147338867188e+01 1.266659516841173172e-02 1.447341293096542358e-01 4.464901611208915710e-02 8.741037547588348389e-02 2.257500402629375458e-02 1.554415971040725708e-01 3.191868588328361511e-02 3.417454147338867188e+01 1.266659516841173172e-02
6.200000000000000000e+03 1.391121596097946167e-01 3.637111559510231018e-02 1.044517979025840759e-01 4.516412690281867981e-02 1.438673138618469238e-01 2.130553126335144043e-02 2.809755325317382812e+01 9.293193928897380829e-03 1.471970677375793457e-01 4.305835813283920288e-02 8.262613415718078613e-02 2.363759279251098633e-02 1.438673138618469238e-01 2.130553126335144043e-02 2.809755325317382812e+01 9.293193928897380829e-03
6.400000000000000000e+03 1.449816823005676270e-01 3.353402391076087952e-02 9.430613368749618530e-02 4.592109099030494690e-02 1.314158886671066284e-01 1.383894961327314377e-02 2.276373291015625000e+01 5.861802026629447937e-03 1.534241735935211182e-01 3.964649140834808350e-02 7.447079569101333618e-02 2.453825064003467560e-02 1.314158886671066284e-01 1.383894961327314377e-02 2.276373291015625000e+01 5.861802026629447937e-03
6.600000000000000000e+03 1.483210176229476929e-01 2.867802232503890991e-02 8.535853773355484009e-02 4.650365188717842102e-02 1.226390674710273743e-01 8.923864923417568207e-03 1.814301872253417969e+01 3.248855238780379295e-03 1.569421440362930298e-01 3.395349159836769104e-02 6.694719195365905762e-02 2.521075308322906494e-02 1.226390674710273743e-01 8.923864923417568207e-03 1.814301872253417969e+01 3.248855238780379295e-03
6.800000000000000000e+03 1.502733975648880005e-01 2.435844577848911285e-02 7.658401876688003540e-02 4.710781946778297424e-02 1.148876845836639404e-01 5.723893176764249802e-03 1.420048046112060547e+01 1.678762957453727722e-03 1.590480655431747437e-01 2.872747369110584259e-02 5.982051044702529907e-02 2.603154629468917847e-02 1.148876845836639404e-01 5.723893176764249802e-03 1.420048046112060547e+01 1.678762957453727722e-03
7.000000000000000000e+03 1.506427377462387085e-01 2.087038010358810425e-02 6.877397000789642334e-02 4.807300865650177002e-02 1.078163534402847290e-01 3.664826974272727966e-03 1.089228630065917969e+01 8.220961317420005798e-04 1.595892459154129028e-01 2.442473359405994415e-02 5.342428386211395264e-02 2.726273052394390106e-02 1.078163534402847290e-01 3.664826974272727966e-03 1.089228630065917969e+01 8.220961317420005798e-04
7.200000000000000000e+03 1.513390839099884033e-01 1.811399124562740326e-02 6.199803575873374939e-02 4.859337955713272095e-02 1.014878451824188232e-01 2.341583603993058205e-03 8.168217658996582031e+00 3.265328705310821533e-04 1.606118381023406982e-01 2.095787599682807922e-02 4.787766933441162109e-02 2.815110236406326294e-02 1.014878451824188232e-01 2.341583603993058205e-03 8.168217658996582031e+00 3.265328705310821533e-04
7.400000000000000000e+03 1.527637839317321777e-01 1.578338816761970520e-02 5.752773955464363098e-02 4.814435169100761414e-02 9.591483324766159058e-02 1.483522471971809864e-03 5.972279548645019531e+00 6.484032928710803390e-05 1.626076847314834595e-01 1.802836172282695770e-02 4.422762989997863770e-02 2.821272425353527069e-02 9.591483324766159058e-02 1.483522471971809864e-03 5.972279548645019531e+00 6.484032928710803390e-05
7.600000000000000000e+03 1.541951596736907959e-01 1.433031354099512100e-02 5.442352220416069031e-02 4.674328863620758057e-02 9.092893451452255249e-02 9.264975669793784618e-04 4.244179248809814453e+00 1.051034814736340195e-06 1.647950559854507446e-01 1.612564362585544586e-02 4.199681803584098816e-02 2.739369124174118042e-02 9.092893451452255249e-02 9.264975669793784618e-04 4.244179248809814453e+00 1.051034814736340195e-06
7.800000000000000000e+03 1.556837260723114014e-01 1.349816936999559402e-02 5.208048969507217407e-02 4.514924064278602600e-02 8.590485155582427979e-02 5.677977460436522961e-04 2.921012163162231445e+00 6.658746860921382904e-05 1.671715974807739258e-01 1.494885887950658798e-02 4.061607271432876587e-02 2.637470886111259460e-02 8.590485155582427979e-02 5.677977460436522961e-04 2.921012163162231445e+00 6.658746860921382904e-05
8.000000000000000000e+03 1.565607935190200806e-01 1.326377969235181808e-02 5.002946406602859497e-02 4.389678686857223511e-02 8.080613613128662109e-02 3.402889415156096220e-04 1.939167618751525879e+00 1.611830666661262512e-04 1.689109802246093750e-01 1.443456858396530151e-02 3.959813714027404785e-02 2.560683712363243103e-02 8.080613613128662109e-02 3.402889415156096220e-04 1.939167618751525879e+00 1.611830666661262512e-04
8.200000000000000000e+03 1.569051444530487061e-01 1.227327995002269745e-02 4.897386208176612854e-02 4.257648810744285583e-02 7.647570967674255371e-02 1.982746034627780318e-04 1.236356258392333984e+00 2.450056490488350391e-04 1.701269894838333130e-01 1.322672981768846512e-02 3.925753757357597351e-02 2.471228316426277161e-02 7.647570967674255371e-02 1.982746034627780318e-04 1.236356258392333984e+00 2.450056490488350391e-04
8.400000000000000000e+03 1.540567427873611450e-01 9.514796547591686249e-03 4.799973219633102417e-02 4.240691289305686951e-02 7.356958091259002686e-02 1.175146171590313315e-04 7.533942461013793945e-01 3.353285137563943863e-04 1.678304672241210938e-01 9.887323714792728424e-03 3.923038765788078308e-02 2.463131397962570190e-02 7.356958091259002686e-02 1.175146171590313315e-04 7.533942461013793945e-01 3.353285137563943863e-04
8.600000000000000000e+03 1.554815024137496948e-01 8.416447788476943970e-03 4.797387868165969849e-02 4.249013960361480713e-02 6.808947026729583740e-02 6.017394844093360007e-05 4.362395405769348145e-01 4.184022545814514160e-04 1.699040532112121582e-01 8.601128123700618744e-03 4.004670307040214539e-02 2.470182813704013824e-02 6.808947026729583740e-02 6.017394844093360007e-05 4.362395405769348145e-01 4.184022545814514160e-04
8.800000000000000000e+03 1.570058315992355347e-01 7.573125418275594711e-03 4.797362908720970154e-02 4.250092431902885437e-02 6.297238916158676147e-02 2.878209852497093379e-05 2.387092262506484985e-01 4.349886148702353239e-04 1.721154004335403442e-01 7.656426634639501572e-03 4.089754447340965271e-02 2.473751455545425415e-02 6.297238916158676147e-02 2.878209852497093379e-05 2.387092262506484985e-01 4.349886148702353239e-04
9.000000000000000000e+03 1.584244072437286377e-01 6.815068423748016357e-03 4.782440140843391418e-02 4.249884188175201416e-02 5.828357487916946411e-02 1.206699926115106791e-05 1.227166578173637390e-01 4.226068267598748207e-04 1.741799116134643555e-01 6.838091183453798294e-03 4.149197041988372803e-02 2.477387152612209320e-02 5.828357487916946411e-02 1.206699926115106791e-05 1.227166578173637390e-01 4.226068267598748207e-04
9.200000000000000000e+03 1.595883071422576904e-01 6.102418527007102966e-03 4.734300449490547180e-02 4.260521754622459412e-02 5.406947806477546692e-02 4.076072400494012982e-06 5.892301350831985474e-02 3.956053988076746464e-04 1.759222149848937988e-01 6.082838866859674454e-03 4.163671657443046570e-02 2.493402175605297089e-02 5.406947806477546692e-02 4.076072400494012982e-06 5.892301350831985474e-02 3.956053988076746464e-04
9.400000000000000000e+03 1.604147106409072876e-01 5.435067228972911835e-03 4.644692689180374146e-02 4.286440834403038025e-02 5.040498822927474976e-02 8.995178291115735192e-07 2.628501504659652710e-02 3.667871351353824139e-04 1.772593855857849121e-01 5.378702655434608459e-03 4.124622419476509094e-02 2.526528388261795044e-02 5.040498822927474976e-02 8.995178291115735192e-07 2.628501504659652710e-02 3.667871351353824139e-04
9.600000000000000000e+03 1.611227542161941528e-01 4.894058685749769211e-03 4.522237926721572876e-02 4.311855509877204895e-02 4.728497937321662903e-02 3.012610250152647495e-08 1.085294596850872040e-02 3.446304181125015020e-04 1.784420758485794067e-01 4.801221191883087158e-03 4.042884707450866699e-02 2.561271190643310547e-02 4.728497937321662903e-02 3.012610250152647495e-08 1.085294596850872040e-02 3.446304181125015020e-04
9.800000000000000000e+03 1.618892401456832886e-01 4.533111583441495895e-03 4.388225823640823364e-02 4.314584657549858093e-02 4.460606724023818970e-02 1.650514604989439249e-07 4.148060921579599380e-03 3.300578973721712828e-04 1.796665936708450317e-01 4.401069600135087967e-03 3.945644944906234741e-02 2.576068602502346039e-02 4.460606724023818970e-02 1.650514604989439249e-07 4.148060921579599380e-03 3.300578973721712828e-04
1.000000000000000000e+04 1.623990088701248169e-01 4.253894556313753128e-03 4.244579374790191650e-02 4.309519380331039429e-02 4.235337302088737488e-02 6.494019544334150851e-07 1.478861086070537567e-03 3.177181351929903030e-04 1.805830001831054688e-01 4.083732143044471741e-03 3.833767771720886230e-02 2.584403008222579956e-02 4.235337302088737488e-02 6.494019544334150851e-07 1.478861086070537567e-03 3.177181351929903030e-04
1.020000000000000000e+04 1.623611748218536377e-01 3.985808696597814560e-03 4.092348366975784302e-02 4.315403476357460022e-02 4.048185050487518311e-02 1.085533085642964579e-06 5.032948683947324753e-04 3.040316805709153414e-04 1.808782368898391724e-01 3.786056535318493843e-03 3.709181770682334900e-02 2.602610550820827484e-02 4.048185050487518311e-02 1.085533085642964579e-06 5.032948683947324753e-04 3.040316805709153414e-04
1.040000000000000000e+04 1.623601317405700684e-01 3.702702466398477554e-03 3.946641460061073303e-02 4.310563579201698303e-02 3.876719623804092407e-02 1.439333573216572404e-06 1.717013219604268670e-04 2.948236360680311918e-04 1.812062114477157593e-01 3.479933831840753555e-03 3.588544204831123352e-02 2.611964754760265350e-02 3.876719623804092407e-02 1.439333573216572404e-06 1.717013219604268670e-04 2.948236360680311918e-04
1.060000000000000000e+04 1.624059826135635376e-01 3.450594609603285789e-03 3.815580904483795166e-02 4.259614273905754089e-02 3.743634000420570374e-02 1.808166530281596351e-06 6.429624045267701149e-05 3.008142521139234304e-04 1.815259605646133423e-01 3.207980655133724213e-03 3.478144109249114990e-02 2.582027390599250793e-02 3.743634000420570374e-02 1.808166530281596351e-06 6.429624045267701149e-05 3.008142521139234304e-04
1.080000000000000000e+04 1.618370264768600464e-01 3.240105928853154182e-03 3.689788281917572021e-02 4.208023473620414734e-02 3.664892539381980896e-02 2.028666358455666341e-06 2.961172322102356702e-05 3.193862212356179953e-04 1.810939013957977295e-01 3.011009655892848969e-03 3.367770090699195862e-02 2.554443292319774628e-02 3.664892539381980896e-02 2.028666358455666341e-06 2.961172322102356702e-05 3.193862212356179953e-04
1.100000000000000000e+04 1.614111810922622681e-01 3.093456150963902473e-03 3.556065261363983154e-02 4.184762015938758850e-02 3.571091219782829285e-02 2.183651531595387496e-06 1.740033985697664320e-05 3.244853578507900238e-04 1.808299273252487183e-01 2.860608743503689766e-03 3.249712660908699036e-02 2.550993487238883972e-02 3.571091219782829285e-02 2.183651531595387496e-06 1.740033985697664320e-05 3.244853578507900238e-04
1.120000000000000000e+04 1.609808355569839478e-01 2.939466619864106178e-03 3.422882407903671265e-02 4.168700799345970154e-02 3.474449366331100464e-02 2.296402271895203739e-06 1.253187656402587891e-05 3.190794959664344788e-04 1.805554777383804321e-01 2.705287653952836990e-03 3.133268654346466064e-02 2.552325651049613953e-02 3.474449366331100464e-02 2.296402271895203739e-06 1.253187656402587891e-05 3.190794959664344788e-04
1.140000000000000000e+04 1.604238152503967285e-01 2.793393796309828758e-03 3.290985152125358582e-02 4.158608987927436829e-02 3.383629024028778076e-02 2.382459797445335425e-06 1.042735311784781516e-05 3.105178766418248415e-04 1.801258027553558350e-01 2.561950590461492538e-03 3.018608875572681427e-02 2.558626234531402588e-02 3.383629024028778076e-02 2.382459797445335425e-06 1.042735311784781516e-05 3.105178766418248415e-04
1.160000000000000000e+04 1.597537845373153687e-01 2.653118455782532692e-03 3.158960491418838501e-02 4.152787849307060242e-02 3.299846872687339783e-02 2.456629090374917723e-06 9.231913281837478280e-06 3.006985061801970005e-04 1.795585751533508301e-01 2.426784951239824295e-03 2.902645990252494812e-02 2.569022215902805328e-02 3.299846872687339783e-02 2.456629090374917723e-06 9.231913281837478280e-06 3.006985061801970005e-04
1.180000000000000000e+04 1.590500473976135254e-01 2.496459987014532089e-03 3.023191355168819427e-02 4.149488732218742371e-02 3.221799805760383606e-02 2.509224032110068947e-06 8.207294740714132786e-06 2.900290419347584248e-04 1.789444535970687866e-01 2.273259684443473816e-03 2.778419665992259979e-02 2.582730725407600403e-02 3.221799805760383606e-02 2.509224032110068947e-06 8.207294740714132786e-06 2.900290419347584248e-04
1.200000000000000000e+04 1.581356525421142578e-01 2.377415774390101433e-03 2.897908166050910950e-02 4.138943180441856384e-02 3.154587745666503906e-02 2.544089738876209594e-06 7.377006113529205322e-06 2.789307909552007914e-04 1.780891865491867065e-01 2.164479345083236694e-03 2.670643292367458344e-02 2.591053023934364319e-02 3.154587745666503906e-02 2.544089738876209594e-06 7.377006113529205322e-06 2.789307909552007914e-04
1.220000000000000000e+04 1.572810113430023193e-01 2.217844594269990921e-03 2.770235575735569000e-02 4.120849072933197021e-02 3.091535158455371857e-02 2.566957846283912659e-06 6.620397471124306321e-06 2.641753235366195440e-04 1.772930920124053955e-01 2.010590163990855217e-03 2.555069513618946075e-02 2.594902552664279938e-02 3.091535158455371857e-02 2.566957846283912659e-06 6.620397471124306321e-06 2.641753235366195440e-04
1.240000000000000000e+04 1.564346104860305786e-01 2.043740125373005867e-03 2.648105099797248840e-02 4.090775176882743835e-02 3.030644543468952179e-02 2.592998725958750583e-06 5.951154889771714807e-06 2.440065436530858278e-04 1.765009313821792603e-01 1.843568636104464531e-03 2.444987371563911438e-02 2.589046768844127655e-02 3.030644543468952179e-02 2.592998725958750583e-06 5.951154889771714807e-06 2.440065436530858278e-04
1.260000000000000000e+04 1.555858552455902100e-01 1.874690991826355457e-03 2.530460990965366364e-02 4.054937884211540222e-02 2.966077253222465515e-02 2.642373374328599311e-06 5.221241735853254795e-06 2.204841584898531437e-04 1.757081151008605957e-01 1.685239025391638279e-03 2.339290082454681396e-02 2.576734498143196106e-02 2.966077253222465515e-02 2.642373374328599311e-06 5.221241735853254795e-06 2.204841584898531437e-04
1.280000000000000000e+04 1.546416282653808594e-01 1.742306514643132687e-03 2.418466284871101379e-02 4.018630087375640869e-02 2.899125218391418457e-02 2.717308461797074415e-06 4.547197022475302219e-06 1.991484168684110045e-04 1.748102158308029175e-01 1.571862492710351944e-03 2.241964265704154968e-02 2.561354823410511017e-02 2.899125218391418457e-02 2.717308461797074415e-06 4.547197022475302219e-06 1.991484168684110045e-04
1.300000000000000000e+04 1.536469608545303345e-01 1.636695349588990211e-03 2.304997108876705170e-02 3.982761129736900330e-02 2.833413146436214447e-02 2.817250788211822510e-06 3.889566869474947453e-06 1.830677792895585299e-04 1.738480776548385620e-01 1.491154427640140057e-03 2.141737006604671478e-02 2.544794604182243347e-02 2.833413146436214447e-02 2.817250788211822510e-06 3.889566869474947453e-06 1.830677792895585299e-04
1.320000000000000000e+04 1.525827199220657349e-01 1.560169504955410957e-03 2.190761640667915344e-02 3.946608304977416992e-02 2.772736176848411560e-02 2.941853608717792667e-06 3.310982719995081425e-06 1.717013219604268670e-04 1.727966368198394775e-01 1.444305758923292160e-03 2.039746195077896118e-02 2.525819092988967896e-02 2.772736176848411560e-02 2.941853608717792667e-06 3.310982719995081425e-06 1.717013219604268670e-04
1.340000000000000000e+04 1.514604538679122925e-01 1.505318563431501389e-03 2.076152153313159943e-02 3.908050805330276489e-02 2.717577666044235229e-02 3.082533112319651991e-06 2.817250788211822510e-06 1.623231946723535657e-04 1.716768294572830200e-01 1.419530948624014854e-03 1.936291158199310303e-02 2.502523735165596008e-02 2.717577666044235229e-02 3.082533112319651991e-06 2.817250788211822510e-06 1.623231946723535657e-04
1.360000000000000000e+04 1.502942144870758057e-01 1.465816283598542213e-03 1.962050236761569977e-02 3.866638988256454468e-02 2.666133455932140350e-02 3.226498165531666018e-06 2.380988007644191384e-06 1.530432055005803704e-04 1.705085039138793945e-01 1.409085234627127647e-03 1.832732185721397400e-02 2.475064061582088470e-02 2.666133455932140350e-02 3.226498165531666018e-06 2.380988007644191384e-06 1.530432055005803704e-04
1.380000000000000000e+04 1.491081565618515015e-01 1.429334864951670170e-03 1.845113746821880341e-02 3.830369189381599426e-02 2.614465728402137756e-02 3.352761268615722656e-06 1.992157194763422012e-06 1.452636206522583961e-04 1.693187355995178223e-01 1.400824636220932007e-03 1.723537035286426544e-02 2.450795099139213562e-02 2.614465728402137756e-02 3.352761268615722656e-06 1.992157194763422012e-06 1.452636206522583961e-04
1.400000000000000000e+04 1.478505283594131470e-01 1.401469111442565918e-03 1.733189821243286133e-02 3.794866427779197693e-02 2.566499449312686920e-02 3.447720700933132321e-06 1.623353455215692520e-06 1.384489587508141994e-04 1.680462211370468140e-01 1.399901462718844414e-03 1.622683927416801453e-02 2.425703965127468109e-02 2.566499449312686920e-02 3.447720700933132321e-06 1.623353455215692520e-06 1.384489587508141994e-04
1.420000000000000000e+04 1.465834081172943115e-01 1.375106628984212875e-03 1.630160771310329437e-02 3.756365925073623657e-02 2.523520216345787048e-02 3.499264494166709483e-06 1.305310433963313699e-06 1.347928191535174847e-04 1.667578816413879395e-01 1.396772102452814579e-03 1.533373910933732986e-02 2.396407909691333771e-02 2.523520216345787048e-02 3.499264494166709483e-06 1.305310433963313699e-06 1.347928191535174847e-04
1.440000000000000000e+04 1.454434990882873535e-01 1.328089158050715923e-03 1.512446906417608261e-02 3.731696680188179016e-02 2.480764873325824738e-02 3.499264494166709483e-06 1.021908246912062168e-06 1.308581267949193716e-04 1.655988693237304688e-01 1.367206918075680733e-03 1.417457126080989838e-02 2.379983477294445038e-02 2.480764873325824738e-02 3.499264494166709483e-06 1.021908246912062168e-06 1.308581267949193716e-04
1.460000000000000000e+04 1.442850232124328613e-01 1.283023040741682053e-03 1.411347184330224991e-02 3.699831664562225342e-02 2.444083616137504578e-02 3.451263182796537876e-06 7.968046702444553375e-07 1.283069723285734653e-04 1.644084602594375610e-01 1.335756969638168812e-03 1.323796715587377548e-02 2.356790937483310699e-02 2.444083616137504578e-02 3.451263182796537876e-06 7.968046702444553375e-07 1.283069723285734653e-04
1.480000000000000000e+04 1.431935280561447144e-01 1.227296888828277588e-03 1.316241640597581863e-02 3.666439279913902283e-02 2.409725449979305267e-02 3.364996018717647530e-06 5.937763489782810211e-07 1.268098130822181702e-04 1.632779240608215332e-01 1.288379076868295670e-03 1.235601212829351425e-02 2.333085238933563232e-02 2.409725449979305267e-02 3.364996018717647530e-06 5.937763489782810211e-07 1.268098130822181702e-04
1.500000000000000000e+04 1.421721279621124268e-01 1.169143128208816051e-03 1.232647430151700974e-02 3.623743727803230286e-02 2.378667145967483521e-02 3.267741931267664768e-06 4.355242708697915077e-07 1.268635096494108438e-04 1.622103154659271240e-01 1.232644193805754185e-03 1.161161530762910843e-02 2.301405370235443115e-02 2.378667145967483521e-02 3.267741931267664768e-06 4.355242708697915077e-07 1.268635096494108438e-04
1.520000000000000000e+04 1.413013935089111328e-01 1.100309076718986034e-03 1.146858558058738708e-02 3.579613193869590759e-02 2.348065935075283051e-02 3.192328449586057104e-06 3.080676833633333445e-07 1.275519025512039661e-04 1.612860709428787231e-01 1.161566236987709999e-03 1.079279650002717972e-02 2.269430644810199738e-02 2.348065935075283051e-02 3.192328449586057104e-06 3.080676833633333445e-07 1.275519025512039661e-04
1.540000000000000000e+04 1.405135542154312134e-01 1.047530677169561386e-03 1.077865622937679291e-02 3.513494506478309631e-02 2.323346957564353943e-02 3.202560264981002547e-06 2.112974470946937799e-07 1.306400226894766092e-04 1.604289114475250244e-01 1.101626781746745110e-03 1.018208265304565430e-02 2.216165512800216675e-02 2.323346957564353943e-02 3.202560264981002547e-06 2.112974470946937799e-07 1.306400226894766092e-04
1.560000000000000000e+04 1.398839205503463745e-01 9.785559959709644318e-04 1.001365762203931808e-02 3.437571227550506592e-02 2.300501242280006409e-02 3.288462039563455619e-06 1.397565938532352448e-07 1.336658315267413855e-04 1.597182750701904297e-01 1.031783642247319221e-03 9.420339949429035187e-03 2.152679860591888428e-02 2.300501242280006409e-02 3.288462039563455619e-06 1.397565938532352448e-07 1.336658315267413855e-04
1.580000000000000000e+04 1.388370543718338013e-01 8.993104565888643265e-04 9.314258582890033722e-03 3.407720476388931274e-02 2.276805974543094635e-02 2.862248948076739907e-06 1.014595909509807825e-07 1.321814925177022815e-04 1.585853248834609985e-01 9.637663024477660656e-04 8.756961673498153687e-03 2.135786041617393494e-02 2.276805974543094635e-02 2.862248948076739907e-06 1.014595909509807825e-07 1.321814925177022815e-04
1.600000000000000000e+04 1.377897113561630249e-01 8.406577399000525475e-04 8.639967069029808044e-03 3.407994285225868225e-02 2.243777364492416382e-02 2.283414005432859994e-06 6.435220711864531040e-08 1.376310101477429271e-04 1.574754565954208374e-01 9.092607069760560989e-04 8.122213184833526611e-03 2.154135145246982574e-02 2.243777364492416382e-02 2.283414005432859994e-06 6.435220711864531040e-08 1.376310101477429271e-04
1.620000000000000000e+04 1.369962841272354126e-01 7.922358927316963673e-04 7.999600842595100403e-03 3.401718288660049438e-02 2.207207120954990387e-02 1.795365164980466943e-06 3.934837877750396729e-08 1.467386027798056602e-04 1.566426604986190796e-01 8.620624430477619171e-04 7.509805727750062943e-03 2.169047668576240540e-02 2.207207120954990387e-02 1.795365164980466943e-06 3.934837877750396729e-08 1.467386027798056602e-04
1.640000000000000000e+04 1.363589167594909668e-01 7.547542336396872997e-04 7.409288547933101654e-03 3.388820588588714600e-02 2.170849591493606567e-02 1.384938514092937112e-06 2.156957634724676609e-08 1.567104918649420142e-04 1.559849977493286133e-01 8.244739728979766369e-04 6.944135297089815140e-03 2.177907526493072510e-02 2.170849591493606567e-02 1.384938514092937112e-06 2.156957634724676609e-08 1.567104918649420142e-04
1.660000000000000000e+04 1.358268260955810547e-01 7.266987813636660576e-04 6.872184574604034424e-03 3.370266780257225037e-02 2.135738171637058258e-02 1.042253870764398016e-06 1.021908246912062168e-08 1.659765111980959773e-04 1.554517298936843872e-01 7.956227636896073818e-04 6.429878529161214828e-03 2.180684544146060944e-02 2.135738171637058258e-02 1.042253870764398016e-06 1.021908246912062168e-08 1.659765111980959773e-04
1.680000000000000000e+04 1.353467553853988647e-01 7.108711288310587406e-04 6.444574799388647079e-03 3.342809900641441345e-02 2.103163301944732666e-02 7.606197414133930579e-07 4.456524038687348366e-09 1.749783841660246253e-04 1.549814641475677490e-01 7.787102367728948593e-04 6.044907961040735245e-03 2.173460274934768677e-02 2.103163301944732666e-02 7.606197414133930579e-07 4.456524038687348366e-09 1.749783841660246253e-04
1.700000000000000000e+04 1.349784284830093384e-01 6.937552243471145630e-04 5.971425678580999374e-03 3.315546363592147827e-02 2.070938237011432648e-02 5.441527264338219538e-07 9.313225746154785156e-10 1.808935921872034669e-04 1.546449512243270874e-01 7.604648126289248466e-04 5.577328614890575409e-03 2.165129221975803375e-02 2.070938237011432648e-02 5.441527264338219538e-07 9.313225746154785156e-10 1.808935921872034669e-04
1.720000000000000000e+04 1.346424520015716553e-01 6.874081445857882500e-04 5.586509127169847488e-03 3.278972581028938293e-02 2.040926739573478699e-02 3.795466909650713205e-07 3.637978807091712952e-12 1.847361127147451043e-04 1.543527841567993164e-01 7.530597504228353500e-04 5.210185423493385315e-03 2.145855128765106201e-02 2.040926739573478699e-02 3.795466909650713205e-07 3.637978807091712952e-12 1.847361127147451043e-04
1.740000000000000000e+04 1.343500465154647827e-01 6.895167753100395203e-04 5.233706440776586533e-03 3.235242888331413269e-02 2.012608759105205536e-02 2.622700776555575430e-07 4.401954356580972672e-10 1.853717985795810819e-04 1.541202962398529053e-01 7.544232648797333241e-04 4.867068026214838028e-03 2.117793634533882141e-02 2.012608759105205536e-02 2.622700776555575430e-07 4.401954356580972672e-10 1.853717985795810819e-04
1.760000000000000000e+04 1.340631991624832153e-01 7.012157584540545940e-04 4.957093391567468643e-03 3.180858865380287170e-02 1.986322924494743347e-02 1.817252268665470183e-07 7.648850441910326481e-08 1.832613925216719508e-04 1.539015322923660278e-01 7.659425027668476105e-04 4.611393436789512634e-03 2.076877094805240631e-02 1.986322924494743347e-02 1.817252268665470183e-07 7.648850441910326481e-08 1.832613925216719508e-04
1.780000000000000000e+04 1.338111609220504761e-01 7.137059001252055168e-04 4.686624277383089066e-03 3.120000287890434265e-02 1.961455121636390686e-02 1.397565938532352448e-07 4.401954356580972672e-10 1.764574699336662889e-04 1.537346988916397095e-01 7.780921296216547489e-04 4.357080906629562378e-03 2.027406170964241028e-02 1.961455121636390686e-02 1.397565938532352448e-07 4.401954356580972672e-10 1.764574699336662889e-04
1.800000000000000000e+04 1.335882693529129028e-01 7.211330230347812176e-04 4.422953817993402481e-03 3.053597919642925262e-02 1.937218569219112396e-02 1.066894128598505631e-07 2.946762833744287491e-10 1.653382205404341221e-04 1.536053866147994995e-01 7.843141211196780205e-04 4.103376995772123337e-03 1.970442943274974823e-02 1.937218569219112396e-02 1.066894128598505631e-07 2.946762833744287491e-10 1.653382205404341221e-04
1.820000000000000000e+04 1.333379000425338745e-01 7.280886056832969189e-04 4.267395939677953720e-03 2.974950149655342102e-02 1.915448345243930817e-02 7.648850441910326481e-08 6.728805601596832275e-08 1.533383037894964218e-04 1.534411609172821045e-01 7.902614888735115528e-04 3.984291106462478638e-03 1.899797469377517700e-02 1.915448345243930817e-02 7.648850441910326481e-08 6.728805601596832275e-08 1.533383037894964218e-04
1.840000000000000000e+04 1.331574469804763794e-01 7.219242979772388935e-04 3.977158106863498688e-03 2.899939566850662231e-02 1.893351599574089050e-02 7.596190698677673936e-08 1.178705133497714996e-09 1.375527062918990850e-04 1.533617526292800903e-01 7.802839390933513641e-04 3.692848607897758484e-03 1.831583864986896515e-02 1.893351599574089050e-02 7.596190698677673936e-08 1.178705133497714996e-09 1.375527062918990850e-04
1.860000000000000000e+04 1.329539865255355835e-01 7.161971880123019218e-04 3.768662223592400551e-03 2.814934216439723969e-02 1.873637363314628601e-02 7.335620466619729996e-08 1.455191522836685181e-11 1.225082378368824720e-04 1.532491296529769897e-01 7.710515055805444717e-04 3.502549603581428528e-03 1.752392575144767761e-02 1.873637363314628601e-02 7.335620466619729996e-08 1.455191522836685181e-11 1.225082378368824720e-04
1.880000000000000000e+04 1.327696144580841064e-01 7.114348118193447590e-04 3.569890046492218971e-03 2.723179198801517487e-02 1.855335012078285217e-02 7.232665666379034519e-08 3.012610250152647495e-08 1.072753220796585083e-04 1.531545072793960571e-01 7.622818811796605587e-04 3.320813877508044243e-03 1.665219105780124664e-02 1.855335012078285217e-02 7.232665666379034519e-08 3.012610250152647495e-08 1.072753220796585083e-04
1.900000000000000000e+04 1.326202750205993652e-01 7.238934631459414959e-04 3.410345176234841347e-03 2.614472247660160065e-02 1.840665750205516815e-02 1.323699052591109648e-07 6.435220711864531040e-08 9.147774107987061143e-05 1.531045287847518921e-01 7.711244979873299599e-04 3.196500008925795555e-03 1.558939181268215179e-02 1.840665750205516815e-02 1.323699052591109648e-07 6.435220711864531040e-08 9.147774107987061143e-05
1.920000000000000000e+04 1.327656209468841553e-01 8.096612873487174511e-04 3.295459784567356110e-03 2.435463666915893555e-02 1.837283931672573090e-02 5.661795512423850596e-07 1.245098246727138758e-07 6.620668864343315363e-05 1.533748358488082886e-01 8.548819459974765778e-04 3.112595062702894211e-03 1.374441292136907578e-02 1.837283931672573090e-02 5.661795512423850596e-07 1.245098246727138758e-07 6.620668864343315363e-05
1.940000000000000000e+04 1.322916895151138306e-01 9.087928920052945614e-04 3.193230833858251572e-03 2.221513167023658752e-02 1.874668709933757782e-02 1.515837539045605808e-06 7.648850441910326481e-08 4.316935883252881467e-05 1.526792645454406738e-01 9.770202450454235077e-04 3.041754476726055145e-03 1.151122711598873138e-02 1.874668709933757782e-02 1.515837539045605808e-06 7.648850441910326481e-08 4.316935883252881467e-05
1.960000000000000000e+04 1.316428482532501221e-01 8.517339592799544334e-04 2.911283634603023529e-03 2.126296050846576691e-02 1.876007393002510071e-02 1.216442115037352778e-06 1.355110725853592157e-07 4.260726200300268829e-05 1.518215984106063843e-01 9.080618037842214108e-04 2.738391747698187828e-03 1.067746896296739578e-02 1.876007393002510071e-02 1.216442115037352778e-06 1.355110725853592157e-07 4.260726200300268829e-05
1.980000000000000000e+04 1.311140507459640503e-01 8.094514487311244011e-04 2.676274161785840988e-03 2.053451724350452423e-02 1.862131617963314056e-02 1.047127625497523695e-06 1.513981260359287262e-07 4.246420576237142086e-05 1.512472331523895264e-01 8.608285570517182350e-04 2.502919407561421394e-03 1.012786105275154114e-02 1.862131617963314056e-02 1.047127625497523695e-06 1.513981260359287262e-07 4.246420576237142086e-05
2.000000000000000000e+04 1.306739747524261475e-01 7.822444313205778599e-04 2.492681145668029785e-03 1.983915641903877258e-02 1.843480952084064484e-02 7.908568022685358301e-07 9.665745892561972141e-08 4.083331077708862722e-05 1.508263796567916870e-01 8.308249525725841522e-04 2.326215384528040886e-03 9.629551321268081665e-03 1.843480952084064484e-02 7.908568022685358301e-07 9.665745892561972141e-08 4.083331077708862722e-05
2.020000000000000000e+04 1.303017586469650269e-01 7.631679764017462730e-04 2.334072487428784370e-03 1.914529874920845032e-02 1.822786219418048859e-02 6.726622814312577248e-07 4.563480615615844727e-08 3.843797458102926612e-05 1.504982113838195801e-01 8.091304916888475418e-04 2.174277557060122490e-03 9.142169728875160217e-03 1.822786219418048859e-02 6.726622814312577248e-07 4.563480615615844727e-08 3.843797458102926612e-05
2.040000000000000000e+04 1.299857944250106812e-01 7.496649050153791904e-04 2.180453389883041382e-03 1.844629645347595215e-02 1.800988987088203430e-02 6.288175882218638435e-07 4.645335138775408268e-08 3.581762939575128257e-05 1.502391099929809570e-01 7.926921825855970383e-04 2.019973937422037125e-03 8.659831248223781586e-03 1.800988987088203430e-02 6.288175882218638435e-07 4.645335138775408268e-08 3.581762939575128257e-05
2.060000000000000000e+04 1.297025233507156372e-01 7.386719807982444763e-04 2.044803462922573090e-03 1.773580722510814667e-02 1.779004931449890137e-02 4.813557552552083507e-07 2.156957634724676609e-08 3.273089532740414143e-05 1.500141173601150513e-01 7.773343240842223167e-04 1.882376032881438732e-03 8.174400776624679565e-03 1.779004931449890137e-02 4.813557552552083507e-07 2.156957634724676609e-08 3.273089532740414143e-05
2.080000000000000000e+04 1.294209212064743042e-01 7.382265175692737103e-04 1.930298167280852795e-03 1.698801107704639435e-02 1.757803559303283691e-02 3.334482698846841231e-07 1.992011675611138344e-07 3.059540176764130592e-05 1.497917324304580688e-01 7.749745273031294346e-04 1.776589197106659412e-03 7.663527037948369980e-03 1.757803559303283691e-02 3.334482698846841231e-07 1.992011675611138344e-07 3.059540176764130592e-05
2.100000000000000000e+04 1.291527599096298218e-01 7.380050374194979668e-04 1.823906204663217068e-03 1.623149216175079346e-02 1.737499423325061798e-02 3.328977982164360583e-07 6.053960532881319523e-08 2.833869621099438518e-05 1.495761126279830933e-01 7.711278158240020275e-04 1.691141165792942047e-03 7.151402067393064499e-03 1.737499423325061798e-02 3.328977982164360583e-07 6.053960532881319523e-08 2.833869621099438518e-05
2.120000000000000000e+04 1.289197951555252075e-01 7.351047242991626263e-04 1.710582291707396507e-03 1.547426171600818634e-02 1.716497726738452911e-02 2.847084488166728988e-07 1.885928213596343994e-08 2.580382169981021434e-05 1.493992358446121216e-01 7.635621586814522743e-04 1.586097758263349533e-03 6.648007780313491821e-03 1.716497726738452911e-02 2.847084488166728988e-07 1.885928213596343994e-08 2.580382169981021434e-05
2.140000000000000000e+04 1.287226527929306030e-01 7.305574254132807255e-04 1.586690312251448631e-03 1.472445297986268997e-02 1.694583892822265625e-02 1.992011675611138344e-07 1.573935151100158691e-07 2.340614446438848972e-05 1.492620706558227539e-01 7.548095309175550938e-04 1.460619270801544189e-03 6.160377059131860733e-03 1.694583892822265625e-02 1.992011675611138344e-07 1.573935151100158691e-07 2.340614446438848972e-05
2.160000000000000000e+04 1.285184323787689209e-01 7.274727104231715202e-04 1.490695867687463760e-03 1.395077351480722427e-02 1.673766970634460449e-02 1.224989318870939314e-07 2.535525709390640259e-07 2.143330675608012825e-05 1.491090655326843262e-01 7.471743156202137470e-04 1.374276238493621349e-03 5.662282928824424744e-03 1.673766970634460449e-02 1.224989318870939314e-07 2.535525709390640259e-07 2.143330675608012825e-05
2.180000000000000000e+04 1.283302754163742065e-01 7.215950172394514084e-04 1.387282856740057468e-03 1.318773627281188965e-02 1.653357595205307007e-02 1.076259650290012360e-07 5.238689482212066650e-08 1.926164623000659049e-05 1.489661931991577148e-01 7.346452912315726280e-04 1.279763295315206051e-03 5.187553353607654572e-03 1.653357595205307007e-02 1.076259650290012360e-07 5.238689482212066650e-08 1.926164623000659049e-05
2.200000000000000000e+04 1.281759142875671387e-01 7.141351816244423389e-04 1.293548964895308018e-03 1.243266463279724121e-02 1.631635613739490509e-02 9.636119102651719004e-08 3.711102181114256382e-08 1.703627640381455421e-05 1.488592475652694702e-01 7.215812802314758301e-04 1.181969768367707729e-03 4.736695904284715652e-03 1.631635613739490509e-02 9.636119102651719004e-08 3.711102181114256382e-08 1.703627640381455421e-05
2.220000000000000000e+04 1.279737353324890137e-01 7.140664965845644474e-04 1.217318698763847351e-03 1.164663210511207581e-02 1.612802408635616302e-02 6.053960532881319523e-08 4.165121936239302158e-08 1.596336915099527687e-05 1.486873030662536621e-01 7.155691273510456085e-04 1.121916226111352444e-03 4.271643236279487610e-03 1.612802408635616302e-02 6.053960532881319523e-08 4.165121936239302158e-08 1.596336915099527687e-05
2.240000000000000000e+04 1.277950555086135864e-01 7.127800490707159042e-04 1.147629343904554844e-03 1.087632775306701660e-02 1.593103446066379547e-02 4.223716132401023060e-08 3.784953150898218155e-08 1.466491085011512041e-05 1.485372334718704224e-01 7.084544049575924873e-04 1.058607129380106926e-03 3.836731892079114914e-03 1.593103446066379547e-02 4.223716132401023060e-08 3.784953150898218155e-08 1.466491085011512041e-05
2.260000000000000000e+04 1.275960505008697510e-01 7.150150486268103123e-04 1.095337443985044956e-03 1.009782589972019196e-02 1.574635133147239685e-02 2.270462573505938053e-08 4.010871634818613529e-08 1.388311738992342725e-05 1.483557373285293579e-01 7.045532111078500748e-04 1.019639428704977036e-03 3.410773351788520813e-03 1.574635133147239685e-02 2.270462573505938053e-08 4.010871634818613529e-08 1.388311738992342725e-05
2.280000000000000000e+04 1.274082660675048828e-01 7.163548143580555916e-04 1.040387782268226147e-03 9.331019595265388489e-03 1.555501203984022141e-02 1.398439053446054459e-08 3.565583028830587864e-08 1.300897929468192160e-05 1.481813043355941772e-01 7.001644116826355457e-04 9.699996444396674633e-04 3.013349138200283051e-03 1.555501203984022141e-02 1.398439053446054459e-08 3.565583028830587864e-08 1.300897929468192160e-05
2.300000000000000000e+04 1.272079050540924072e-01 7.179214735515415668e-04 9.956357534974813461e-04 8.560349233448505402e-03 1.536720804870128632e-02 6.805066732340492308e-09 3.352761268615722656e-08 1.244761733687482774e-05 1.479845941066741943e-01 6.958390586078166962e-04 9.307852596975862980e-04 2.634581876918673515e-03 1.536720804870128632e-02 6.805066732340492308e-09 3.352761268615722656e-08 1.244761733687482774e-05
2.320000000000000000e+04 1.269938498735427856e-01 7.170251919887959957e-04 9.653751621954143047e-04 7.773480378091335297e-03 1.517752092331647873e-02 2.185061021009460092e-10 3.101886250078678131e-07 1.252175025001633912e-05 1.477649360895156860e-01 6.899783038534224033e-04 9.038262069225311279e-04 2.271980978548526764e-03 1.517752092331647873e-02 2.185061021009460092e-10 3.101886250078678131e-07 1.252175025001633912e-05
2.340000000000000000e+04 1.267477422952651978e-01 6.974733551032841206e-04 9.498524013906717300e-04 6.953983567655086517e-03 1.500191353261470795e-02 3.637978807091712952e-10 7.861308404244482517e-08 1.307096772507065907e-05 1.474951803684234619e-01 6.588830146938562393e-04 8.910350734367966652e-04 1.929618418216705322e-03 1.500191353261470795e-02 3.637978807091712952e-10 7.861308404244482517e-08 1.307096772507065907e-05
2.360000000000000000e+04 1.265064924955368042e-01 6.406164029613137245e-04 9.589124238118529320e-04 6.085115950554609299e-03 1.481156889349222183e-02 4.456524038687348366e-09 6.115442374721169472e-09 1.387245902151335031e-05 1.472284942865371704e-01 5.843585240654647350e-04 9.040380246005952358e-04 1.608237740583717823e-03 1.481156889349222183e-02 4.456524038687348366e-09 6.115442374721169472e-09 1.387245902151335031e-05
2.380000000000000000e+04 1.262876540422439575e-01 5.731619312427937984e-04 9.679942158982157707e-04 5.259059835225343704e-03 1.458233594894409180e-02 4.022012944915331900e-09 2.934248186647891998e-07 1.336219520453596488e-05 1.469935327768325806e-01 5.053611239418387413e-04 9.196996106766164303e-04 1.337649184279143810e-03 1.458233594894409180e-02 4.022012944915331900e-09 2.934248186647891998e-07 1.336219520453596488e-05
2.400000000000000000e+04 1.260551512241363525e-01 5.224794149398803711e-04 9.464012109674513340e-04 4.582502413541078568e-03 1.434377953410148621e-02 1.760781742632389069e-09 5.590263754129409790e-07 1.172818974737310782e-05 1.467338055372238159e-01 4.550992453005164862e-04 8.892239420674741268e-04 1.137857558205723763e-03 1.434377953410148621e-02 1.760781742632389069e-09 5.590263754129409790e-07 1.172818974737310782e-05
2.420000000000000000e+04 1.257205754518508911e-01 4.857435706071555614e-04 9.004207677207887173e-04 4.000640474259853363e-03 1.416933257132768631e-02 2.313777258677873760e-08 7.028938853181898594e-08 1.159791372629115358e-05 1.463298946619033813e-01 4.193285130895674229e-04 8.550593047402799129e-04 9.798043174669146538e-04 1.416933257132768631e-02 2.313777258677873760e-08 7.028938853181898594e-08 1.159791372629115358e-05
2.440000000000000000e+04 1.253799796104431152e-01 4.520178190432488918e-04 8.501886622980237007e-04 3.502253443002700806e-03 1.400723680853843689e-02 5.322590368450619280e-09 5.762703949585556984e-07 1.251500088983448222e-05 1.459022760391235352e-01 3.883000754285603762e-04 8.185771876014769077e-04 8.807991398498415947e-04 1.400723680853843689e-02 5.322590368450619280e-09 5.762703949585556984e-07 1.251500088983448222e-05
2.460000000000000000e+04 1.250394880771636963e-01 4.195435321889817715e-04 8.079014951363205910e-04 3.061715280637145042e-03 1.385230291634798050e-02 1.965327101061120629e-08 6.386871973518282175e-07 1.325434550381032750e-05 1.454615294933319092e-01 3.604489611461758614e-04 7.854581344872713089e-04 8.242345065809786320e-04 1.385230291634798050e-02 1.965327101061120629e-08 6.386871973518282175e-07 1.325434550381032750e-05
2.480000000000000000e+04 1.247304305434226990e-01 3.862554731313139200e-04 7.406994118355214596e-04 2.685121027752757072e-03 1.368838269263505936e-02 2.199180926254484802e-08 4.899957275483757257e-07 1.336568129772786051e-05 1.450476795434951782e-01 3.334838547743856907e-04 7.142382673919200897e-04 8.122446597553789616e-04 1.368838269263505936e-02 2.199180926254484802e-08 4.899957275483757257e-07 1.336568129772786051e-05
2.500000000000000000e+04 1.243953257799148560e-01 3.554285794962197542e-04 6.913737161085009575e-04 2.357560908421874046e-03 1.355465035885572433e-02 4.937555786455050111e-08 5.618821887765079737e-07 1.427313873136881739e-05 1.445916891098022461e-01 3.087572695221751928e-04 6.735272472724318504e-04 8.298935135826468468e-04 1.355465035885572433e-02 4.937555786455050111e-08 5.618821887765079737e-07 1.427313873136881739e-05
2.520000000000000000e+04 1.240711957216262817e-01 3.257443313486874104e-04 6.376095698215067387e-04 2.087304135784506798e-03 1.342430990189313889e-02 7.335620466619729996e-08 5.704932846128940582e-07 1.498805340816034004e-05 1.441419720649719238e-01 2.858946972992271185e-04 6.249143625609576702e-04 8.797121117822825909e-04 1.342430990189313889e-02 7.335620466619729996e-08 5.704932846128940582e-07 1.498805340816034004e-05
2.540000000000000000e+04 1.237487867474555969e-01 2.981570723932236433e-04 5.842099199071526527e-04 1.871704007498919964e-03 1.330268196761608124e-02 9.784707799553871155e-08 5.879119271412491798e-07 1.572800283611286432e-05 1.436890363693237305e-01 2.653558913152664900e-04 5.764153320342302322e-04 9.567852248437702656e-04 1.330268196761608124e-02 9.784707799553871155e-08 5.879119271412491798e-07 1.572800283611286432e-05
2.560000000000000000e+04 1.234322786331176758e-01 2.730741398409008980e-04 5.257258308120071888e-04 1.709454576484858990e-03 1.318563148379325867e-02 1.175433297362360463e-07 5.590263754129409790e-07 1.634281943552196026e-05 1.432394683361053467e-01 2.473451022524386644e-04 5.207176436670124531e-04 1.057582208886742592e-03 1.318563148379325867e-02 1.175433297362360463e-07 5.590263754129409790e-07 1.634281943552196026e-05
2.580000000000000000e+04 1.231307685375213623e-01 2.504932344891130924e-04 4.531596496235579252e-04 1.598966075107455254e-03 1.306700054556131363e-02 1.088810677174478769e-07 4.507601261138916016e-07 1.655943196965381503e-05 1.428060084581375122e-01 2.318569459021091461e-04 4.467965045478194952e-04 1.177762984298169613e-03 1.306700054556131363e-02 1.088810677174478769e-07 4.507601261138916016e-07 1.655943196965381503e-05
2.600000000000000000e+04 1.228134259581565857e-01 2.319463819731026888e-04 4.084457468707114458e-04 1.535715418867766857e-03 1.296931505203247070e-02 1.265370883629657328e-07 2.771266736090183258e-07 1.719013744150288403e-05 1.423516571521759033e-01 2.191843232139945030e-04 4.064924141857773066e-04 1.313082524575293064e-03 1.296931505203247070e-02 1.265370883629657328e-07 2.771266736090183258e-07 1.719013744150288403e-05
2.620000000000000000e+04 1.225366070866584778e-01 2.153060486307367682e-04 3.428281634114682674e-04 1.519067329354584217e-03 1.285109482705593109e-02 1.772807536326581612e-07 2.946762833744287491e-08 1.669164339546114206e-05 1.419461816549301147e-01 2.087855391437187791e-04 3.374685766175389290e-04 1.459492137655615807e-03 1.285109482705593109e-02 1.772807536326581612e-07 2.946762833744287491e-08 1.669164339546114206e-05
2.640000000000000000e+04 1.222405880689620972e-01 2.020316460402682424e-04 2.970580535475164652e-04 1.544316997751593590e-03 1.275809947401285172e-02 1.979262833629036322e-07 1.060834620147943497e-08 1.685568713583052158e-05 1.415184438228607178e-01 1.999959349632263184e-04 2.945316664408892393e-04 1.616421504877507687e-03 1.275809947401285172e-02 1.979262833629036322e-07 1.060834620147943497e-08 1.685568713583052158e-05
2.660000000000000000e+04 1.219260543584823608e-01 1.914169552037492394e-04 2.634270640555769205e-04 1.608154154382646084e-03 1.268723793327808380e-02 1.987757514143595472e-07 1.874614099506288767e-07 1.825799699872732162e-05 1.410694271326065063e-01 1.919645874295383692e-04 2.676047442946583033e-04 1.782805309630930424e-03 1.268723793327808380e-02 1.987757514143595472e-07 1.874614099506288767e-07 1.825799699872732162e-05
2.680000000000000000e+04 1.216632053256034851e-01 1.816900039557367563e-04 2.182900789193809032e-04 1.703080488368868828e-03 1.258643716573715210e-02 1.258595148101449013e-07 7.232665666379034519e-08 1.776423232513479888e-05 1.406859457492828369e-01 1.856567396316677332e-04 2.219329908257350326e-04 1.952588558197021484e-03 1.258643716573715210e-02 1.258595148101449013e-07 7.232665666379034519e-08 1.776423232513479888e-05
2.700000000000000000e+04 1.213835105299949646e-01 1.739888393785804510e-04 1.881850330391898751e-04 1.825463608838617802e-03 1.250706799328327179e-02 1.265370883629657328e-07 9.547511581331491470e-08 1.812377013266086578e-05 1.402865350246429443e-01 1.799661986296996474e-04 1.949797588167712092e-04 2.129187574610114098e-03 1.250706799328327179e-02 1.265370883629657328e-07 9.547511581331491470e-08 1.812377013266086578e-05
2.720000000000000000e+04 1.211017593741416931e-01 1.676563260843977332e-04 1.602547854417935014e-04 1.969207311049103737e-03 1.243573799729347229e-02 1.536327545181848109e-07 6.532354746013879776e-08 1.878332113847136497e-05 1.398881077766418457e-01 1.747293572407215834e-04 1.689440687187016010e-04 2.311532618477940559e-03 1.243573799729347229e-02 1.536327545181848109e-07 6.532354746013879776e-08 1.878332113847136497e-05
2.740000000000000000e+04 1.208395883440971375e-01 1.621452247491106391e-04 1.376419677399098873e-04 2.127663698047399521e-03 1.235334761440753937e-02 1.720991349429823458e-07 2.328306436538696289e-08 1.894901288324035704e-05 1.395174264907836914e-01 1.704651076579466462e-04 1.471740251872688532e-04 2.497946145012974739e-03 1.235334761440753937e-02 1.720991349429823458e-07 2.328306436538696289e-08 1.894901288324035704e-05
2.760000000000000000e+04 1.205373480916023254e-01 1.589997991686686873e-04 1.525860425317659974e-04 2.302513923496007919e-03 1.230355352163314819e-02 2.593478711787611246e-07 7.648850441910326481e-08 2.065895023406483233e-05 1.391025483608245850e-01 1.667067408561706543e-04 1.670856436248868704e-04 2.695491304621100426e-03 1.230355352163314819e-02 2.593478711787611246e-07 7.648850441910326481e-08 2.065895023406483233e-05
2.780000000000000000e+04 1.202948987483978271e-01 1.537725038360804319e-04 1.049262646120041609e-04 2.478294773027300835e-03 1.221140474081039429e-02 1.874614099506288767e-07 3.012610250152647495e-08 2.033943019341677427e-05 1.387658715248107910e-01 1.632443600101396441e-04 1.162869230029173195e-04 2.890550531446933746e-03 1.221140474081039429e-02 1.874614099506288767e-07 3.012610250152647495e-08 2.033943019341677427e-05
2.800000000000000000e+04 1.200351342558860779e-01 1.503655221313238144e-04 9.844913438428193331e-05 2.660289639607071877e-03 1.213477738201618195e-02 2.130545908585190773e-07 8.740244084037840366e-08 2.112097718054428697e-05 1.384133845567703247e-01 1.596837537363171577e-04 1.107019779738038778e-04 3.091706661507487297e-03 1.213477738201618195e-02 2.130545908585190773e-07 8.740244084037840366e-08 2.112097718054428697e-05
2.820000000000000000e+04 1.198129951953887939e-01 1.450981653761118650e-04 8.314402657561004162e-05 2.821678528562188148e-03 1.205865386873483658e-02 1.658272594795562327e-07 2.690649125725030899e-08 2.068062894977629185e-05 1.381150186061859131e-01 1.551605673739686608e-04 9.483689791522920132e-05 3.270860994234681129e-03 1.205865386873483658e-02 1.658272594795562327e-07 2.690649125725030899e-08 2.068062894977629185e-05
2.840000000000000000e+04 1.195622012019157410e-01 1.403600035700947046e-04 7.736140833003446460e-05 2.989486325532197952e-03 1.200310885906219482e-02 1.979262833629036322e-07 4.895264282822608948e-08 2.219045200035907328e-05 1.377855539321899414e-01 1.500123908044770360e-04 8.928693569032475352e-05 3.457870800048112869e-03 1.200310885906219482e-02 1.979262833629036322e-07 4.895264282822608948e-08 2.219045200035907328e-05
2.860000000000000000e+04 1.193221509456634521e-01 1.348734076600521803e-04 7.214813376776874065e-05 3.157047089189291000e-03 1.194149069488048553e-02 1.862247245298931375e-07 5.238689482212066650e-08 2.300188498338684440e-05 1.374731212854385376e-01 1.444498047931119800e-04 8.412571332883089781e-05 3.645922057330608368e-03 1.194149069488048553e-02 1.862247245298931375e-07 5.238689482212066650e-08 2.300188498338684440e-05
2.880000000000000000e+04 1.191029101610183716e-01 1.285343023482710123e-04 6.639051571255549788e-05 3.320156829431653023e-03 1.187122333794832230e-02 1.874614099506288767e-07 5.414767656475305557e-08 2.173903340008109808e-05 1.371902972459793091e-01 1.378756278427317739e-04 7.782141619827598333e-05 3.830520901829004288e-03 1.187122333794832230e-02 1.874614099506288767e-07 5.414767656475305557e-08 2.173903340008109808e-05
2.900000000000000000e+04 1.189327761530876160e-01 1.192616109619848430e-04 5.956833774689584970e-05 3.444422269240021706e-03 1.181593164801597595e-02 1.780847469490254298e-07 5.326364771462976933e-08 2.229389792773872614e-05 1.369753628969192505e-01 1.281615404877811670e-04 6.967585795791819692e-05 3.972560167312622070e-03 1.181593164801597595e-02 1.780847469490254298e-07 5.326364771462976933e-08 2.229389792773872614e-05
2.920000000000000000e+04 1.187745556235313416e-01 1.091016893042251468e-04 5.822019738843664527e-05 3.567453939467668533e-03 1.175497751682996750e-02 1.477101250202395022e-07 2.946762833744287491e-08 2.163688441214617342e-05 1.367802023887634277e-01 1.175458237412385643e-04 6.692711031064391136e-05 4.113690927624702454e-03 1.175497751682996750e-02 1.477101250202395022e-07 2.946762833744287491e-08 2.163688441214617342e-05
2.940000000000000000e+04 1.185856610536575317e-01 9.987950761569663882e-05 6.438278796849772334e-05 3.695857245475053787e-03 1.171440258622169495e-02 2.078049874398857355e-07 1.063781382981687784e-07 2.429098822176456451e-05 1.365506201982498169e-01 1.068994752131402493e-04 7.568553701275959611e-05 4.260484594851732254e-03 1.171440258622169495e-02 2.078049874398857355e-07 1.063781382981687784e-07 2.429098822176456451e-05
2.960000000000000000e+04 1.184342131018638611e-01 8.949459152063354850e-05 5.705013609258458018e-05 3.815966425463557243e-03 1.165674813091754913e-02 1.689486452960409224e-07 6.053960532881319523e-08 2.415487142570782453e-05 1.363688111305236816e-01 9.611597488401457667e-05 6.573549762833863497e-05 4.398825112730264664e-03 1.165674813091754913e-02 1.689486452960409224e-07 6.053960532881319523e-08 2.415487142570782453e-05
2.980000000000000000e+04 1.182820871472358704e-01 8.003987022675573826e-05 5.974980740575119853e-05 3.935114480555057526e-03 1.160401292145252228e-02 1.562605120852822438e-07 4.811226972378790379e-08 2.388378561590798199e-05 1.361865103244781494e-01 8.607209019828587770e-05 6.780104740755632520e-05 4.536264576017856598e-03 1.160401292145252228e-02 1.562605120852822438e-07 4.811226972378790379e-08 2.388378561590798199e-05
3.000000000000000000e+04 1.181306093931198120e-01 7.129721780074760318e-05 6.463299359893426299e-05 4.053840879350900650e-03 1.155188400298357010e-02 1.540067842142889276e-07 4.322282620705664158e-08 2.515396772651001811e-05 1.360051035881042480e-01 7.670558989048004150e-05 7.264760643010959029e-05 4.673080053180456161e-03 1.155188400298357010e-02 1.540067842142889276e-07 4.322282620705664158e-08 2.515396772651001811e-05
3.020000000000000000e+04 1.179653629660606384e-01 6.346450390992686152e-05 6.588382530026137829e-05 4.171942826360464096e-03 1.151588279753923416e-02 1.693408648861804977e-07 7.439302862621843815e-08 2.625631896080449224e-05 1.358073204755783081e-01 6.815376400481909513e-05 7.536471821367740631e-05 4.809236153960227966e-03 1.151588279753923416e-02 1.693408648861804977e-07 7.439302862621843815e-08 2.625631896080449224e-05
3.040000000000000000e+04 1.178174391388893127e-01 5.616050475509837270e-05 6.996302545303478837e-05 4.285824019461870193e-03 1.147278677672147751e-02 1.600531049916753545e-07 6.828122423030436039e-08 2.686576772248372436e-05 1.356300562620162964e-01 6.040799416950903833e-05 7.927956903586164117e-05 4.940775223076343536e-03 1.147278677672147751e-02 1.600531049916753545e-07 6.828122423030436039e-08 2.686576772248372436e-05
3.060000000000000000e+04 1.176787242293357849e-01 4.966507913195528090e-05 7.366786303464323282e-05 4.397287033498287201e-03 1.142597384750843048e-02 1.577720922796288505e-07 6.728805601596832275e-08 2.749220948317088187e-05 1.354620009660720825e-01 5.346200487110763788e-05 8.338271436514332891e-05 5.069627892225980759e-03 1.142597384750843048e-02 1.577720922796288505e-07 6.728805601596832275e-08 2.749220948317088187e-05
3.080000000000000000e+04 1.175032556056976318e-01 4.554943006951361895e-05 1.181050465675070882e-04 4.510492552071809769e-03 1.140984706580638885e-02 2.445106019877130166e-07 2.632477844599634409e-07 2.885377034544944763e-05 1.352492868900299072e-01 4.858686588704586029e-05 1.390944817103445530e-04 5.200230982154607773e-03 1.140984706580638885e-02 2.445106019877130166e-07 2.632477844599634409e-07 2.885377034544944763e-05
3.100000000000000000e+04 1.174141839146614075e-01 3.915887646144255996e-05 8.848582365317270160e-05 4.612450022250413895e-03 1.133791450411081314e-02 1.351602350041503087e-07 5.151741788722574711e-08 2.782322553684934974e-05 1.351407319307327271e-01 4.238628753228113055e-05 9.724783012643456459e-05 5.318738054484128952e-03 1.133791450411081314e-02 1.351602350041503087e-07 5.151741788722574711e-08 2.782322553684934974e-05
3.120000000000000000e+04 1.172773092985153198e-01 3.478054350125603378e-05 8.671818795846775174e-05 4.717162344604730606e-03 1.130227465182542801e-02 1.433445504517294466e-07 6.630216375924646854e-08 2.875140853575430810e-05 1.349725127220153809e-01 3.766248119063675404e-05 9.650863648857921362e-05 5.439933389425277710e-03 1.130227465182542801e-02 1.433445504517294466e-07 6.630216375924646854e-08 2.875140853575430810e-05
3.140000000000000000e+04 1.171373203396797180e-01 3.117585220024921000e-05 8.851604798110201955e-05 4.819931928068399429e-03 1.127294171601533890e-02 1.662158410908887163e-07 1.088810677174478769e-07 2.945106825791299343e-05 1.348003149032592773e-01 3.375044252607040107e-05 1.011262866086326540e-04 5.558911710977554321e-03 1.127294171601533890e-02 1.662158410908887163e-07 1.088810677174478769e-07 2.945106825791299343e-05
3.160000000000000000e+04 1.170278266072273254e-01 2.810101250361185521e-05 9.258438512915745378e-05 4.918256308883428574e-03 1.122464425861835480e-02 1.451555817766347900e-07 7.232665666379034519e-08 2.986655999848153442e-05 1.346643120050430298e-01 3.058793663512915373e-05 1.030496059684082866e-04 5.672898143529891968e-03 1.122464425861835480e-02 1.451555817766347900e-07 7.232665666379034519e-08 2.986655999848153442e-05
3.180000000000000000e+04 1.169054806232452393e-01 2.554265665821731091e-05 9.395049710292369127e-05 5.015545990318059921e-03 1.118930894881486893e-02 1.495484411861980334e-07 8.627830538898706436e-08 3.037424721696879715e-05 1.345131844282150269e-01 2.786597178783267736e-05 1.054369131452403963e-04 5.785556044429540634e-03 1.118930894881486893e-02 1.495484411861980334e-07 8.627830538898706436e-08 3.037424721696879715e-05
3.200000000000000000e+04 1.167625486850738525e-01 2.389815745118539780e-05 1.036539688357152045e-04 5.112277343869209290e-03 1.117282081395387650e-02 1.829469056247035041e-07 1.604348653927445412e-07 3.169708361383527517e-05 1.343376189470291138e-01 2.606707312224898487e-05 1.205064909299835563e-04 5.897257942706346512e-03 1.117282081395387650e-02 1.829469056247035041e-07 1.604348653927445412e-07 3.169708361383527517e-05
3.220000000000000000e+04 1.166679933667182922e-01 2.188590588048100471e-05 1.003531433525495231e-04 5.203189793974161148e-03 1.112659927457571030e-02 1.422633886249968782e-07 9.430004865862429142e-08 3.080676833633333445e-05 1.342205852270126343e-01 2.407576903351582587e-05 1.120781817007809877e-04 6.002548150718212128e-03 1.112659927457571030e-02 1.422633886249968782e-07 9.430004865862429142e-08 3.080676833633333445e-05
3.240000000000000000e+04 1.165524348616600037e-01 2.066725028271321207e-05 1.035220775520429015e-04 5.294587928801774979e-03 1.109631545841693878e-02 1.386890744470292702e-07 9.430004865862429142e-08 3.134904545731842518e-05 1.340786516666412354e-01 2.283642243128269911e-05 1.154984347522258759e-04 6.107935216277837753e-03 1.109631545841693878e-02 1.386890744470292702e-07 9.430004865862429142e-08 3.134904545731842518e-05
3.260000000000000000e+04 1.164436265826225281e-01 1.967762727872468531e-05 1.053109153872355819e-04 5.384125281125307083e-03 1.106323860585689545e-02 1.429837084288010374e-07 1.088810677174478769e-07 3.152014687657356262e-05 1.339448392391204834e-01 2.183228025387506932e-05 1.177318699774332345e-04 6.211046595126390457e-03 1.106323860585689545e-02 1.429837084288010374e-07 1.088810677174478769e-07 3.152014687657356262e-05
3.280000000000000000e+04 1.163221597671508789e-01 1.913456435431726277e-05 1.070691287168301642e-04 5.473387427628040314e-03 1.104150712490081787e-02 1.604348653927445412e-07 1.411863195244222879e-07 3.229586582165211439e-05 1.337968856096267700e-01 2.131057954102288932e-05 1.217971730511635542e-04 6.313517224043607712e-03 1.104150712490081787e-02 1.604348653927445412e-07 1.411863195244222879e-07 3.229586582165211439e-05
3.300000000000000000e+04 1.162225529551506042e-01 1.877638169389683753e-05 1.093245446099899709e-04 5.556167103350162506e-03 1.101211551576852798e-02 1.506568878539837897e-07 1.299522409681230783e-07 3.236093471059575677e-05 1.336753815412521362e-01 2.101409336319193244e-05 1.231069181812927127e-04 6.408489309251308441e-03 1.101211551576852798e-02 1.506568878539837897e-07 1.299522409681230783e-07 3.236093471059575677e-05
3.320000000000000000e+04 1.161085441708564758e-01 1.879118826764170080e-05 1.153149496531113982e-04 5.640675779432058334e-03 1.099058426916599274e-02 1.776825229171663523e-07 1.681655703578144312e-07 3.338889655424281955e-05 1.335373520851135254e-01 2.107817454088944942e-05 1.325958000961691141e-04 6.505072116851806641e-03 1.099058426916599274e-02 1.776825229171663523e-07 1.681655703578144312e-07 3.338889655424281955e-05
3.340000000000000000e+04 1.160137355327606201e-01 1.879029332485515624e-05 1.139288215199485421e-04 5.722078494727611542e-03 1.096063572913408279e-02 1.570153926877537742e-07 1.484440872445702553e-07 3.319080860819667578e-05 1.334234029054641724e-01 2.118041265930514783e-05 1.291642838623374701e-04 6.598161533474922180e-03 1.096063572913408279e-02 1.570153926877537742e-07 1.484440872445702553e-07 3.319080860819667578e-05
3.360000000000000000e+04 1.159199401736259460e-01 1.901491305034141988e-05 1.153403063653968275e-04 5.801527760922908783e-03 1.093222387135028839e-02 1.532591795694315806e-07 1.426233211532235146e-07 3.326227306388318539e-05 1.333107054233551025e-01 2.151056469301693141e-05 1.295669790124520659e-04 6.688761524856090546e-03 1.093222387135028839e-02 1.532591795694315806e-07 1.426233211532235146e-07 3.326227306388318539e-05
3.380000000000000000e+04 1.158254221081733704e-01 1.940232141350861639e-05 1.172956835944205523e-04 5.880050361156463623e-03 1.090613938868045807e-02 1.408282059855991974e-07 1.341104507446289062e-07 3.346057565067894757e-05 1.331977248191833496e-01 2.201092138420790434e-05 1.308701903326436877e-04 6.778144743293523788e-03 1.090613938868045807e-02 1.408282059855991974e-07 1.341104507446289062e-07 3.346057565067894757e-05
3.400000000000000000e+04 1.157198324799537659e-01 2.003043664444703609e-05 1.204283471452072263e-04 5.958460271358489990e-03 1.088846847414970398e-02 1.669943685556063429e-07 1.760781742632389069e-07 3.411469151615165174e-05 1.330715417861938477e-01 2.276510895171668380e-05 1.367722434224560857e-04 6.867176853120326996e-03 1.088846847414970398e-02 1.669943685556063429e-07 1.760781742632389069e-07 3.411469151615165174e-05
3.420000000000000000e+04 1.156434342265129089e-01 2.061890882032457739e-05 1.233555085491389036e-04 6.032294128090143204e-03 1.085600163787603378e-02 1.278976924368180335e-07 1.231674104928970337e-07 3.364840085851028562e-05 1.329810321331024170e-01 2.350052636757027358e-05 1.356760039925575256e-04 6.950997281819581985e-03 1.085600163787603378e-02 1.278976924368180335e-07 1.231674104928970337e-07 3.364840085851028562e-05
3.440000000000000000e+04 1.155489534139633179e-01 2.126384788425639272e-05 1.216714663314633071e-04 6.106023211032152176e-03 1.083643548190593719e-02 1.394002993038157001e-07 1.484440872445702553e-07 3.424850729061290622e-05 1.328694671392440796e-01 2.428668631182517856e-05 1.352230610791593790e-04 7.034435402601957321e-03 1.083643548190593719e-02 1.394002993038157001e-07 1.484440872445702553e-07 3.424850729061290622e-05
3.460000000000000000e+04 1.154687181115150452e-01 2.206594399467576295e-05 1.260562567040324211e-04 6.178293842822313309e-03 1.080979593098163605e-02 1.334128683083690703e-07 1.245098246727138758e-07 3.356546949362382293e-05 1.327750980854034424e-01 2.524219053157139570e-05 1.379203458782285452e-04 7.116307038813829422e-03 1.080979593098163605e-02 1.334128683083690703e-07 1.245098246727138758e-07 3.356546949362382293e-05
3.480000000000000000e+04 1.153630912303924561e-01 2.288357609359081835e-05 1.251059002242982388e-04 6.250959355384111404e-03 1.079973485320806503e-02 1.623504886083537713e-07 1.809130480978637934e-07 3.507384462864138186e-05 1.326497793197631836e-01 2.620299346745014191e-05 1.407815143465995789e-04 7.198219187557697296e-03 1.079973485320806503e-02 1.623504886083537713e-07 1.809130480978637934e-07 3.507384462864138186e-05
3.500000000000000000e+04 1.152828186750411987e-01 2.368687455600593239e-05 1.249342167284339666e-04 6.319896783679723740e-03 1.077672932296991348e-02 1.581511241965927184e-07 1.776825229171663523e-07 3.514165291562676430e-05 1.325558125972747803e-01 2.716983181016985327e-05 1.395978179061785340e-04 7.276019081473350525e-03 1.077672932296991348e-02 1.581511241965927184e-07 1.776825229171663523e-07 3.514165291562676430e-05
3.520000000000000000e+04 1.151865944266319275e-01 2.470383878971915692e-05 1.313345128437504172e-04 6.388046313077211380e-03 1.076740026473999023e-02 1.685568804532522336e-07 2.328633854631334543e-07 3.605774691095575690e-05 1.324434578418731689e-01 2.832716381817590445e-05 1.486242254031822085e-04 7.352714426815509796e-03 1.076740026473999023e-02 1.685568804532522336e-07 2.328633854631334543e-07 3.605774691095575690e-05
3.540000000000000000e+04 1.151308640837669373e-01 2.529353332647588104e-05 1.261515863006934524e-04 6.453977432101964951e-03 1.072787772864103317e-02 1.510272795712808147e-07 1.825392246246337891e-07 3.535114228725433350e-05 1.323789954185485840e-01 2.910216426244005561e-05 1.396528095938265324e-04 7.427051197737455368e-03 1.072787772864103317e-02 1.510272795712808147e-07 1.825392246246337891e-07 3.535114228725433350e-05
3.560000000000000000e+04 1.150532439351081848e-01 2.629290429467801005e-05 1.286139595322310925e-04 6.518878974020481110e-03 1.071091927587985992e-02 1.337614321528235450e-07 1.528860593680292368e-07 3.511904287734068930e-05 1.322891861200332642e-01 3.029339495697058737e-05 1.397343730786815286e-04 7.500111591070890427e-03 1.071091927587985992e-02 1.337614321528235450e-07 1.528860593680292368e-07 3.511904287734068930e-05
3.580000000000000000e+04 1.149746552109718323e-01 2.724282785493414849e-05 1.290178333874791861e-04 6.582893431186676025e-03 1.069335825741291046e-02 1.306407284573651850e-07 1.697335392236709595e-07 3.557262607500888407e-05 1.321974694728851318e-01 3.140965418424457312e-05 1.400954497512429953e-04 7.571965456008911133e-03 1.069335825741291046e-02 1.306407284573651850e-07 1.697335392236709595e-07 3.557262607500888407e-05
3.600000000000000000e+04 1.149006783962249756e-01 2.800209585984703153e-05 1.293616369366645813e-04 6.645828485488891602e-03 1.067305263131856918e-02 1.327171048615127802e-07 1.604348653927445412e-07 3.566369196050800383e-05 1.321126967668533325e-01 3.231899972888641059e-05 1.404235081281512976e-04 7.642609532922506332e-03 1.067305263131856918e-02 1.327171048615127802e-07 1.604348653927445412e-07 3.566369196050800383e-05
3.620000000000000000e+04 1.148236319422721863e-01 2.886549191316589713e-05 1.297960261581465602e-04 6.708086468279361725e-03 1.065640803426504135e-02 1.369189703837037086e-07 1.941261871252208948e-07 3.601194839575327933e-05 1.320233047008514404e-01 3.332580308779142797e-05 1.411902048857882619e-04 7.712330669164657593e-03 1.065640803426504135e-02 1.369189703837037086e-07 1.941261871252208948e-07 3.601194839575327933e-05
3.640000000000000000e+04 1.147466674447059631e-01 2.977167241624556482e-05 1.301115553360432386e-04 6.767851300537586212e-03 1.064324472099542618e-02 1.466125922888750210e-07 1.941261871252208948e-07 3.654615284176543355e-05 1.319345235824584961e-01 3.436255428823642433e-05 1.420048356521874666e-04 7.779217790812253952e-03 1.064324472099542618e-02 1.466125922888750210e-07 1.941261871252208948e-07 3.654615284176543355e-05
3.660000000000000000e+04 1.146725788712501526e-01 3.066288263653405011e-05 1.316326088272035122e-04 6.826772820204496384e-03 1.062849164009094238e-02 1.491798684583045542e-07 2.148190105799585581e-07 3.679448127513751388e-05 1.318488717079162598e-01 3.535512223606929183e-05 1.443671353626996279e-04 7.845108397305011749e-03 1.062849164009094238e-02 1.491798684583045542e-07 2.148190105799585581e-07 3.679448127513751388e-05
3.680000000000000000e+04 1.146162971854209900e-01 3.145787559333257377e-05 1.320761220995336771e-04 6.884347181767225266e-03 1.060115266591310501e-02 1.480768787587294355e-07 1.858134055510163307e-07 3.598906187107786536e-05 1.317851692438125610e-01 3.635666507761925459e-05 1.433276338502764702e-04 7.909547537565231323e-03 1.060115266591310501e-02 1.480768787587294355e-07 1.858134055510163307e-07 3.598906187107786536e-05
3.700000000000000000e+04 1.145464926958084106e-01 3.240033038309775293e-05 1.318380091106519103e-04 6.936652585864067078e-03 1.059182640165090561e-02 1.491798684583045542e-07 1.941261871252208948e-07 3.719471715157851577e-05 1.317047178745269775e-01 3.744548303075134754e-05 1.427772222086787224e-04 7.968007586896419525e-03 1.059182640165090561e-02 1.491798684583045542e-07 1.941261871252208948e-07 3.719471715157851577e-05
3.720000000000000000e+04 1.144869849085807800e-01 3.314140849397517741e-05 1.332959800492972136e-04 6.990800146013498306e-03 1.057156827300786972e-02 1.355110725853592157e-07 1.975022314582020044e-07 3.661536902654916048e-05 1.316378712654113770e-01 3.831458889180794358e-05 1.437698811059817672e-04 8.028523996472358704e-03 1.057156827300786972e-02 1.355110725853592157e-07 1.975022314582020044e-07 3.661536902654916048e-05
3.740000000000000000e+04 1.144149377942085266e-01 3.398050830583088100e-05 1.348005462205037475e-04 7.043081801384687424e-03 1.056279428303241730e-02 1.451555817766347900e-07 2.060696715489029884e-07 3.730530806933529675e-05 1.315554082393646240e-01 3.917912908946163952e-05 1.470844144932925701e-04 8.086752146482467651e-03 1.056279428303241730e-02 1.451555817766347900e-07 2.060696715489029884e-07 3.730530806933529675e-05
3.760000000000000000e+04 1.143492534756660461e-01 3.486781133688054979e-05 1.374233106616884470e-04 7.093750406056642532e-03 1.055150106549263000e-02 1.638911726331571117e-07 2.478227543178945780e-07 3.754450881388038397e-05 1.314802169799804688e-01 4.011362398159690201e-05 1.507528941147029400e-04 8.143179118633270264e-03 1.055150106549263000e-02 1.638911726331571117e-07 2.478227543178945780e-07 3.754450881388038397e-05
3.780000000000000000e+04 1.142984703183174133e-01 3.555264629540033638e-05 1.358870213152840734e-04 7.143180351704359055e-03 1.053000893443822861e-02 1.458831775380531326e-07 2.384185791015625000e-07 3.724126145243644714e-05 1.314229369163513184e-01 4.098701901966705918e-05 1.477087789680808783e-04 8.198237046599388123e-03 1.053000893443822861e-02 1.458831775380531326e-07 2.384185791015625000e-07 3.724126145243644714e-05
3.800000000000000000e+04 1.142500787973403931e-01 3.635963366832584143e-05 1.361758040729910135e-04 7.190232630819082260e-03 1.051020156592130661e-02 1.379796685796463862e-07 1.958105713129043579e-07 3.689868390210904181e-05 1.313699185848236084e-01 4.204512879368849099e-05 1.462352374801412225e-04 8.250692859292030334e-03 1.051020156592130661e-02 1.379796685796463862e-07 1.958105713129043579e-07 3.689868390210904181e-05
3.820000000000000000e+04 1.141736432909965515e-01 3.738374653039500117e-05 1.436455786461010575e-04 7.237214129418134689e-03 1.051027514040470123e-02 1.666048774495720863e-07 2.671768015716224909e-07 3.779033795581199229e-05 1.312821805477142334e-01 4.282381996745243669e-05 1.583893754286691546e-04 8.302773348987102509e-03 1.051027514040470123e-02 1.666048774495720863e-07 2.671768015716224909e-07 3.779033795581199229e-05
3.840000000000000000e+04 1.141413450241088867e-01 3.780760380323044956e-05 1.368471421301364899e-04 7.280806545168161392e-03 1.048103719949722290e-02 1.337614321528235450e-07 2.219494490418583155e-07 3.724708221852779388e-05 1.312481164932250977e-01 4.363216066849417984e-05 1.478411577409133315e-04 8.351345546543598175e-03 1.048103719949722290e-02 1.337614321528235450e-07 2.219494490418583155e-07 3.724708221852779388e-05
3.860000000000000000e+04 1.140712872147560120e-01 3.873767855111509562e-05 1.459636259824037552e-04 7.325664628297090530e-03 1.047844998538494110e-02 1.677747150097275153e-07 2.913620846811681986e-07 3.785485387197695673e-05 1.311682164669036865e-01 4.433754656929522753e-05 1.608054299140349030e-04 8.400975726544857025e-03 1.047844998538494110e-02 1.677747150097275153e-07 2.913620846811681986e-07 3.785485387197695673e-05
3.880000000000000000e+04 1.140213534235954285e-01 3.963078415836207569e-05 1.579655945533886552e-04 7.368824910372495651e-03 1.046078931540250778e-02 1.907792466226965189e-07 3.725290298461914062e-07 3.822541475528851151e-05 1.311115920543670654e-01 4.511218139668926597e-05 1.755886769387871027e-04 8.448724634945392609e-03 1.046078931540250778e-02 1.907792466226965189e-07 3.725290298461914062e-07 3.822541475528851151e-05
3.900000000000000000e+04 1.139780357480049133e-01 3.995138831669464707e-05 1.411697885487228632e-04 7.409637793898582458e-03 1.044652797281742096e-02 1.488117504777619615e-07 2.593478711787611246e-07 3.762636333703994751e-05 1.310654580593109131e-01 4.589509990182705224e-05 1.539567747386172414e-04 8.493972942233085632e-03 1.044652797281742096e-02 1.488117504777619615e-07 2.593478711787611246e-07 3.762636333703994751e-05
3.920000000000000000e+04 1.139413192868232727e-01 4.056313628097996116e-05 1.401868212269619107e-04 7.449840195477008820e-03 1.042587403208017349e-02 1.265370883629657328e-07 1.958105713129043579e-07 3.712495526997372508e-05 1.310268938541412354e-01 4.685609019361436367e-05 1.505447144154459238e-04 8.538494817912578583e-03 1.042587403208017349e-02 1.265370883629657328e-07 1.958105713129043579e-07 3.712495526997372508e-05
3.940000000000000000e+04 1.138935610651969910e-01 4.120498851989395916e-05 1.411985285812988877e-04 7.489684037864208221e-03 1.041297521442174911e-02 1.306407284573651850e-07 2.078049874398857355e-07 3.715982893481850624e-05 1.309744268655776978e-01 4.761485251947306097e-05 1.515097392257302999e-04 8.582536131143569946e-03 1.041297521442174911e-02 1.306407284573651850e-07 2.078049874398857355e-07 3.715982893481850624e-05
3.960000000000000000e+04 1.138460189104080200e-01 4.181383701507002115e-05 1.417509774910286069e-04 7.528498303145170212e-03 1.040061935782432556e-02 1.265370883629657328e-07 2.148190105799585581e-07 3.722962355823256075e-05 1.309223324060440063e-01 4.830281250178813934e-05 1.522810343885794282e-04 8.625380694866180420e-03 1.040061935782432556e-02 1.265370883629657328e-07 2.148190105799585581e-07 3.722962355823256075e-05
3.980000000000000000e+04 1.138037443161010742e-01 4.246966273058205843e-05 1.440679625375196338e-04 7.566792424768209457e-03 1.038513705134391785e-02 1.272164809051901102e-07 1.891166903078556061e-07 3.710752571350894868e-05 1.308769434690475464e-01 4.914277815259993076e-05 1.542373502161353827e-04 8.667623624205589294e-03 1.038513705134391785e-02 1.272164809051901102e-07 1.891166903078556061e-07 3.710752571350894868e-05
4.000000000000000000e+04 1.137396171689033508e-01 4.308634379412978888e-05 1.466366520617157221e-04 7.604590151458978653e-03 1.038440782576799393e-02 1.596717993379570544e-07 2.711349225137382746e-07 3.786658999160863459e-05 1.308047473430633545e-01 4.932265801471658051e-05 1.604943390702828765e-04 8.709199726581573486e-03 1.038440782576799393e-02 1.596717993379570544e-07 2.711349225137382746e-07 3.786658999160863459e-05
4.020000000000000000e+04 1.136897876858711243e-01 4.366193388705141842e-05 1.468319387640804052e-04 7.641152013093233109e-03 1.037712022662162781e-02 1.611997504369355738e-07 2.811575541272759438e-07 3.820183337666094303e-05 1.307509243488311768e-01 4.999521115678362548e-05 1.606217556400224566e-04 8.749409578740596771e-03 1.037712022662162781e-02 1.611997504369355738e-07 2.811575541272759438e-07 3.820183337666094303e-05
4.040000000000000000e+04 1.136555969715118408e-01 4.410073233884759247e-05 1.448276889277622104e-04 7.677789311856031418e-03 1.035619527101516724e-02 1.433445504517294466e-07 2.632477844599634409e-07 3.776689118240028620e-05 1.307149529457092285e-01 5.066015364718623459e-05 1.575109927216544747e-04 8.789793588221073151e-03 1.035619527101516724e-02 1.433445504517294466e-07 2.632477844599634409e-07 3.776689118240028620e-05
4.060000000000000000e+04 1.136124432086944580e-01 4.464092125999741256e-05 1.447880204068496823e-04 7.711966987699270248e-03 1.034624967724084854e-02 1.480768787587294355e-07 2.574088284745812416e-07 3.774931246880441904e-05 1.306689530611038208e-01 5.124540984979830682e-05 1.574866910232231021e-04 8.827296085655689240e-03 1.034624967724084854e-02 1.480768787587294355e-07 2.574088284745812416e-07 3.774931246880441904e-05
4.080000000000000000e+04 1.135604828596115112e-01 4.526247721514664590e-05 1.478537014918401837e-04 7.745338603854179382e-03 1.034244336187839508e-02 1.666048774495720863e-07 2.954948286060243845e-07 3.876385744661092758e-05 1.306107640266418457e-01 5.185214467928744853e-05 1.618097303435206413e-04 8.863878436386585236e-03 1.034244336187839508e-02 1.666048774495720863e-07 2.954948286060243845e-07 3.876385744661092758e-05
4.100000000000000000e+04 1.135277375578880310e-01 4.563558104564435780e-05 1.462528161937370896e-04 7.781348656862974167e-03 1.032143179327249527e-02 1.437058472220087424e-07 2.791384758893400431e-07 3.789593756664544344e-05 1.305781751871109009e-01 5.236318247625604272e-05 1.593445194885134697e-04 8.903547190129756927e-03 1.032143179327249527e-02 1.437058472220087424e-07 2.791384758893400431e-07 3.789593756664544344e-05
4.120000000000000000e+04 1.134863644838333130e-01 4.614777208189480007e-05 1.471478026360273361e-04 7.814899086952209473e-03 1.030988153070211411e-02 1.466125922888750210e-07 2.751221472863107920e-07 3.779033795581199229e-05 1.305350661277770996e-01 5.288190732244402170e-05 1.607115991646423936e-04 8.940308354794979095e-03 1.030988153070211411e-02 1.466125922888750210e-07 2.751221472863107920e-07 3.779033795581199229e-05
4.140000000000000000e+04 1.134530976414680481e-01 4.648622780223377049e-05 1.470460993004962802e-04 7.842467166483402252e-03 1.029901485890150070e-02 1.422633886249968782e-07 2.671768015716224909e-07 3.777861275011673570e-05 1.304993778467178345e-01 5.333797525963746011e-05 1.601399853825569153e-04 8.970904164016246796e-03 1.029901485890150070e-02 1.422633886249968782e-07 2.671768015716224909e-07 3.777861275011673570e-05
4.160000000000000000e+04 1.133996099233627319e-01 4.718085619970224798e-05 1.558873482281342149e-04 7.873283699154853821e-03 1.029826421290636063e-02 1.673843144089914858e-07 3.406457835808396339e-07 3.896004636771976948e-05 1.304392367601394653e-01 5.372651867219246924e-05 1.722131855785846710e-04 9.004611521959304810e-03 1.029826421290636063e-02 1.673843144089914858e-07 3.406457835808396339e-07 3.896004636771976948e-05
4.180000000000000000e+04 1.133680045604705811e-01 4.750981315737590194e-05 1.514909672550857067e-04 7.904013618826866150e-03 1.028329320251941681e-02 1.551316017867065966e-07 3.038476279471069574e-07 3.812524664681404829e-05 1.304078102111816406e-01 5.418598084361292422e-05 1.665057789068669081e-04 9.038451127707958221e-03 1.028329320251941681e-02 1.551316017867065966e-07 3.038476279471069574e-07 3.812524664681404829e-05
4.200000000000000000e+04 1.133378222584724426e-01 4.786693170899525285e-05 1.478077174397185445e-04 7.933313958346843719e-03 1.026990357786417007e-02 1.351602350041503087e-07 2.554770617280155420e-07 3.793117139139212668e-05 1.303779631853103638e-01 5.506004163180477917e-05 1.603839482413604856e-04 9.070595726370811462e-03 1.026990357786417007e-02 1.351602350041503087e-07 2.554770617280155420e-07 3.793117139139212668e-05
4.220000000000000000e+04 1.132928803563117981e-01 4.840309702558442950e-05 1.516106276540085673e-04 7.964403368532657623e-03 1.026183553040027618e-02 1.627349774935282767e-07 3.362074494361877441e-07 3.779620237764902413e-05 1.303280889987945557e-01 5.514907752512954175e-05 1.665107847657054663e-04 9.104469791054725647e-03 1.026183553040027618e-02 1.627349774935282767e-07 3.362074494361877441e-07 3.779620237764902413e-05
4.240000000000000000e+04 1.132494509220123291e-01 4.873923171544447541e-05 1.534542680019512773e-04 7.994999177753925323e-03 1.025478355586528778e-02 1.573935151100158691e-07 3.209024725947529078e-07 3.854447641060687602e-05 1.302813887596130371e-01 5.559112105402164161e-05 1.689365308266133070e-04 9.137809276580810547e-03 1.025478355586528778e-02 1.573935151100158691e-07 3.209024725947529078e-07 3.854447641060687602e-05
4.260000000000000000e+04 1.132019683718681335e-01 4.968945722794160247e-05 1.736912236083298922e-04 8.025367744266986847e-03 1.024899072945117950e-02 1.887021880975225940e-07 4.255125531926751137e-07 3.886486229021102190e-05 1.302288472652435303e-01 5.591855006059631705e-05 1.940912334248423576e-04 9.170869365334510803e-03 1.024899072945117950e-02 1.887021880975225940e-07 4.255125531926751137e-07 3.886486229021102190e-05
4.280000000000000000e+04 1.131732985377311707e-01 4.983037433703429997e-05 1.630627666600048542e-04 8.053198456764221191e-03 1.023434475064277649e-02 1.788905592547962442e-07 3.702043613884598017e-07 3.888270293828099966e-05 1.302001476287841797e-01 5.634124318021349609e-05 1.812744303606450558e-04 9.201250970363616943e-03 1.023434475064277649e-02 1.788905592547962442e-07 3.702043613884598017e-07 3.888270293828099966e-05
4.300000000000000000e+04 1.131527572870254517e-01 4.986503336112946272e-05 1.512625603936612606e-04 8.081593550741672516e-03 1.021358836442232132e-02 1.469779817853122950e-07 3.080676833633333445e-07 3.788419780903495848e-05 1.301812976598739624e-01 5.694942592526786029e-05 1.658778055571019650e-04 9.232383221387863159e-03 1.021358836442232132e-02 1.469779817853122950e-07 3.080676833633333445e-07 3.788419780903495848e-05
4.320000000000000000e+04 1.131211742758750916e-01 5.025863356422632933e-05 1.514104515081271529e-04 8.107620291411876678e-03 1.020241063088178635e-02 1.440675987396389246e-07 3.059540176764130592e-07 3.780206316150724888e-05 1.301492452621459961e-01 5.728450560127384961e-05 1.663054135860875249e-04 9.260856546461582184e-03 1.020241063088178635e-02 1.440675987396389246e-07 3.059540176764130592e-07 3.780206316150724888e-05
4.340000000000000000e+04 1.130832582712173462e-01 5.067015808890573680e-05 1.544930419186130166e-04 8.132720366120338440e-03 1.019663177430629730e-02 1.419039108441211283e-07 3.317982191219925880e-07 3.821362406597472727e-05 1.301085650920867920e-01 5.754859739681705832e-05 1.704903697827830911e-04 9.288324043154716492e-03 1.019663177430629730e-02 1.419039108441211283e-07 3.317982191219925880e-07 3.821362406597472727e-05
4.360000000000000000e+04 1.130696758627891541e-01 5.112031067255884409e-05 1.526496344013139606e-04 8.156469091773033142e-03 1.017668377608060837e-02 1.214996245835209265e-07 2.328633854631334543e-07 3.767317684832960367e-05 1.300984025001525879e-01 5.874127236893400550e-05 1.655280211707577109e-04 9.314431808888912201e-03 1.017668377608060837e-02 1.214996245835209265e-07 2.328633854631334543e-07 3.767317684832960367e-05
4.380000000000000000e+04 1.130138859152793884e-01 5.143170710653066635e-05 1.571695465827360749e-04 8.184613659977912903e-03 1.017928123474121094e-02 1.638911726331571117e-07 3.632740117609500885e-07 3.814291267190128565e-05 1.300344169139862061e-01 5.823454921483062208e-05 1.739314757287502289e-04 9.344815276563167572e-03 1.017928123474121094e-02 1.638911726331571117e-07 3.632740117609500885e-07 3.814291267190128565e-05
4.400000000000000000e+04 1.129816100001335144e-01 5.177409911993891001e-05 1.566421997267752886e-04 8.210818283259868622e-03 1.016824319958686829e-02 1.570153926877537742e-07 3.609784471336752176e-07 3.809580812230706215e-05 1.300006359815597534e-01 5.864301783731207252e-05 1.732283417368307710e-04 9.373334236443042755e-03 1.016824319958686829e-02 1.570153926877537742e-07 3.609784471336752176e-07 3.809580812230706215e-05
4.420000000000000000e+04 1.129653006792068481e-01 5.199617226026020944e-05 1.523029495729133487e-04 8.234806358814239502e-03 1.014981139451265335e-02 1.289229203393915668e-07 2.852175384759902954e-07 3.707267751451581717e-05 1.299866884946823120e-01 5.944270014879293740e-05 1.660647831158712506e-04 9.399466216564178467e-03 1.014981139451265335e-02 1.289229203393915668e-07 2.852175384759902954e-07 3.707267751451581717e-05
4.440000000000000000e+04 1.129253730177879333e-01 5.239441816229373217e-05 1.520964142400771379e-04 8.260441944003105164e-03 1.014505606144666672e-02 1.255214101547608152e-07 2.954948286060243845e-07 3.752698103198781610e-05 1.299427747726440430e-01 5.966785829514265060e-05 1.667122123762965202e-04 9.427144192159175873e-03 1.014505606144666672e-02 1.255214101547608152e-07 2.954948286060243845e-07 3.752698103198781610e-05
4.460000000000000000e+04 1.128807291388511658e-01 5.280160985421389341e-05 1.595281646586954594e-04 8.287876844406127930e-03 1.013975031673908234e-02 1.585306108609074727e-07 3.748609742615371943e-07 3.842615114990621805e-05 1.298927813768386841e-01 5.968112600385211408e-05 1.770376256899908185e-04 9.456688538193702698e-03 1.013975031673908234e-02 1.585306108609074727e-07 3.748609742615371943e-07 3.842615114990621805e-05
4.480000000000000000e+04 1.128424480557441711e-01 5.325436723069287837e-05 1.590645115356892347e-04 8.312152698636054993e-03 1.013761293143033981e-02 1.662158410908887163e-07 3.795466909650713205e-07 3.813113289652392268e-05 1.298519968986511230e-01 6.002723603160120547e-05 1.765107735991477966e-04 9.483042173087596893e-03 1.013761293143033981e-02 1.662158410908887163e-07 3.795466909650713205e-07 3.813113289652392268e-05
4.500000000000000000e+04 1.128255575895309448e-01 5.341793439583852887e-05 1.541851816000416875e-04 8.337093517184257507e-03 1.011577993631362915e-02 1.394002993038157001e-07 3.428758645895868540e-07 3.783725333050824702e-05 1.298359632492065430e-01 6.061038948246277869e-05 1.699626591289415956e-04 9.510079398751258850e-03 1.011577993631362915e-02 1.394002993038157001e-07 3.428758645895868540e-07 3.783725333050824702e-05
4.500000000000000000e+04 1.128255575895309448e-01 5.341793439583852887e-05 1.541851816000416875e-04 8.337093517184257507e-03 1.011577993631362915e-02 1.394002993038157001e-07 3.428758645895868540e-07 3.783725333050824702e-05 1.298359632492065430e-01 6.061038948246277869e-05 1.699626591289415956e-04 9.510079398751258850e-03 1.011577993631362915e-02 1.394002993038157001e-07 3.428758645895868540e-07 3.783725333050824702e-05
4.501800000000000000e+04 1.128247752785682678e-01 5.343098018784075975e-05 1.539341610623523593e-04 8.336976170539855957e-03 1.011697947978973389e-02 1.401133431500056759e-07 3.384229785297065973e-07 3.762051346711814404e-05 1.298353970050811768e-01 6.053969627828337252e-05 1.697148545645177364e-04 9.509983472526073456e-03 1.011697947978973389e-02 1.401133431500056759e-07 3.384229785297065973e-07 3.762051346711814404e-05
