# step, loss_train, loss_test, metrics_test
0.000000000000000000e+00 1.893279075622558594e+00 1.160578765869140625e+02 5.454506835937500000e+02 9.927986264228820801e-01 2.066406250000000000e+00 4.444444775581359863e-01 1.000000000000000000e+02 4.000000000000000000e+00 1.899446249008178711e+00 1.190148925781250000e+02 5.481800537109375000e+02 9.926365613937377930e-01 2.066406250000000000e+00 4.444444775581359863e-01 1.000000000000000000e+02 4.000000000000000000e+00
5.000000000000000000e+03 1.387370586395263672e+00 3.711936187744140625e+01 5.672359619140625000e+02 9.938425421714782715e-01 1.987335205078125000e+00 2.956776618957519531e-01 1.012476654052734375e+02 3.889601707458496094e+00 1.388461351394653320e+00 3.713698577880859375e+01 5.711058959960937500e+02 9.934204220771789551e-01 1.987335205078125000e+00 2.956776618957519531e-01 1.012476654052734375e+02 3.889601707458496094e+00
1.000000000000000000e+04 9.463135719299316406e+00 1.372288208007812500e+02 1.972990875244140625e+02 8.853588104248046875e-01 1.615728378295898438e+00 9.373421967029571533e-02 1.012747879028320312e+02 3.272480249404907227e+00 9.603121757507324219e+00 1.396483154296875000e+02 1.842816772460937500e+02 8.899309039115905762e-01 1.615728378295898438e+00 9.373421967029571533e-02 1.012747879028320312e+02 3.272480249404907227e+00
1.500000000000000000e+04 3.745889902114868164e+00 3.340470504760742188e+01 9.502574157714843750e+01 2.494618743658065796e-01 3.481240510940551758e+00 3.144738078117370605e-01 1.012715225219726562e+02 2.829072713851928711e+00 3.823754310607910156e+00 3.356998443603515625e+01 7.962844085693359375e+01 2.415896207094192505e-01 3.481240510940551758e+00 3.144738078117370605e-01 1.012715225219726562e+02 2.829072713851928711e+00
2.000000000000000000e+04 2.247022390365600586e+00 1.268247318267822266e+01 6.497892761230468750e+01 2.155101299285888672e-01 6.947906017303466797e+00 4.207215309143066406e-01 1.016871261596679688e+02 8.159130811691284180e-01 2.212343454360961914e+00 1.248348999023437500e+01 4.964198303222656250e+01 2.055177092552185059e-01 6.947906017303466797e+00 4.207215309143066406e-01 1.016871261596679688e+02 8.159130811691284180e-01
2.500000000000000000e+04 3.696642160415649414e+00 3.727166652679443359e+00 5.123730087280273438e+01 3.752312660217285156e-01 1.044628238677978516e+01 4.880821332335472107e-02 1.029679794311523438e+02 1.872760653495788574e-01 3.738952875137329102e+00 4.192104339599609375e+00 3.866119766235351562e+01 3.748200535774230957e-01 1.044628238677978516e+01 4.880821332335472107e-02 1.029679794311523438e+02 1.872760653495788574e-01
3.000000000000000000e+04 2.605239391326904297e+00 3.816577196121215820e+00 4.111149215698242188e+01 2.551908493041992188e-01 1.017901325225830078e+01 6.508880108594894409e-02 1.029705352783203125e+02 2.030899077653884888e-01 2.542766332626342773e+00 3.837835788726806641e+00 2.649929046630859375e+01 2.505335211753845215e-01 1.017901325225830078e+01 6.508880108594894409e-02 1.029705352783203125e+02 2.030899077653884888e-01
3.500000000000000000e+04 2.559926271438598633e+00 2.987958192825317383e+00 3.879394149780273438e+01 2.524082958698272705e-01 1.033808135986328125e+01 1.239243149757385254e-01 1.029953689575195312e+02 3.137027621269226074e-01 2.681735277175903320e+00 4.883042335510253906e+00 2.635904693603515625e+01 2.483414113521575928e-01 1.033808135986328125e+01 1.239243149757385254e-01 1.029953689575195312e+02 3.137027621269226074e-01
4.000000000000000000e+04 3.161309480667114258e+00 8.280292153358459473e-01 2.605779838562011719e+01 2.917184233665466309e-01 1.286622619628906250e+01 2.651882767677307129e-01 1.033883285522460938e+02 1.475292801856994629e+00 3.242573022842407227e+00 2.487696170806884766e+00 1.618576240539550781e+01 2.899437546730041504e-01 1.286622619628906250e+01 2.651882767677307129e-01 1.033883285522460938e+02 1.475292801856994629e+00
4.500000000000000000e+04 1.894148111343383789e+00 7.492432403564453125e+01 3.143322448730468750e+02 9.343692660331726074e-01 1.172525405883789062e+01 3.401004672050476074e-01 1.027616882324218750e+02 1.576583385467529297e+00 1.718176245689392090e+00 7.805200958251953125e+01 3.110228271484375000e+02 9.455891251564025879e-01 1.172525405883789062e+01 3.401004672050476074e-01 1.027616882324218750e+02 1.576583385467529297e+00
5.000000000000000000e+04 1.890192389488220215e+00 7.491952514648437500e+01 3.140979003906250000e+02 9.338322281837463379e-01 1.172507572174072266e+01 3.404101133346557617e-01 1.027616882324218750e+02 1.575220346450805664e+00 1.714173436164855957e+00 7.804694366455078125e+01 3.107791442871093750e+02 9.450456500053405762e-01 1.172507572174072266e+01 3.404101133346557617e-01 1.027616882324218750e+02 1.575220346450805664e+00
5.500000000000000000e+04 1.831683754920959473e+00 7.472615051269531250e+01 3.109590454101562500e+02 9.263345599174499512e-01 1.172235584259033203e+01 3.442125022411346436e-01 1.027616882324218750e+02 1.561601281166076660e+00 1.654971599578857422e+00 7.784075164794921875e+01 3.075187377929687500e+02 9.374676346778869629e-01 1.172235584259033203e+01 3.442125022411346436e-01 1.027616882324218750e+02 1.561601281166076660e+00
6.000000000000000000e+04 2.306236028671264648e+00 1.003130149841308594e+01 2.471607971191406250e+02 5.233659148216247559e-01 1.168849945068359375e+01 3.589254319667816162e-01 1.027629852294921875e+02 1.584143519401550293e+00 2.039808750152587891e+00 1.004695701599121094e+01 2.415065612792968750e+02 5.276889204978942871e-01 1.168849945068359375e+01 3.589254319667816162e-01 1.027629852294921875e+02 1.584143519401550293e+00
6.500000000000000000e+04 6.979263305664062500e+00 5.139811515808105469e+00 9.600324249267578125e+01 1.970810592174530029e-01 1.141362380981445312e+01 2.993816733360290527e-01 1.026897201538085938e+02 1.402005672454833984e+00 6.557191848754882812e+00 4.887172698974609375e+00 8.659430694580078125e+01 1.887902766466140747e-01 1.141362380981445312e+01 2.993816733360290527e-01 1.026897201538085938e+02 1.402005672454833984e+00
7.000000000000000000e+04 4.910243034362792969e+00 1.112149000167846680e+00 7.542238616943359375e+01 1.192798539996147156e-01 7.966776371002197266e+00 2.658657729625701904e-01 1.017683258056640625e+02 1.184622645378112793e+00 4.754486083984375000e+00 1.017344355583190918e+00 6.242961883544921875e+01 1.078237518668174744e-01 7.966776371002197266e+00 2.658657729625701904e-01 1.017683258056640625e+02 1.184622645378112793e+00
7.500000000000000000e+04 4.102706909179687500e+00 2.768255472183227539e+00 4.314567947387695312e+01 6.242782995104789734e-02 5.373691394925117493e-02 4.443932771682739258e-01 9.826809692382812500e+01 2.501649856567382812e+00 4.332458019256591797e+00 2.628938198089599609e+00 2.819038581848144531e+01 5.478397011756896973e-02 5.373691394925117493e-02 4.443932771682739258e-01 9.826809692382812500e+01 2.501649856567382812e+00
8.000000000000000000e+04 1.386499643325805664e+00 1.051593780517578125e+00 2.051705551147460938e+01 3.044783324003219604e-02 1.821140408515930176e+00 4.425633549690246582e-01 8.713343048095703125e+01 2.884775638580322266e+00 1.471021175384521484e+00 1.120374917984008789e+00 8.852372169494628906e+00 2.976652793586254120e-02 1.821140408515930176e+00 4.425633549690246582e-01 8.713343048095703125e+01 2.884775638580322266e+00
8.500000000000000000e+04 6.182023137807846069e-02 1.168010979890823364e-01 1.444765186309814453e+01 1.768274307250976562e-01 1.355736494064331055e+00 5.084425210952758789e-03 2.472276306152343750e+01 1.337451696395874023e+00 2.953884191811084747e-02 1.106262505054473877e-01 2.853092670440673828e+00 1.762300431728363037e-01 1.355736494064331055e+00 5.084425210952758789e-03 2.472276306152343750e+01 1.337451696395874023e+00
9.000000000000000000e+04 4.975350201129913330e-01 1.679807528853416443e-02 1.143225288391113281e+01 3.986435234546661377e-01 9.685966372489929199e-01 1.719899475574493408e-02 1.486675739288330078e-01 1.127865910530090332e+00 1.641530394554138184e-01 1.474443636834621429e-02 1.222251534461975098e+00 3.327297270298004150e-01 9.685966372489929199e-01 1.719899475574493408e-02 1.486675739288330078e-01 1.127865910530090332e+00
9.500000000000000000e+04 1.202966272830963135e-01 6.910784635692834854e-03 1.069381475448608398e+00 1.291376471519470215e+00 5.418046936392784119e-02 1.908026868477463722e-03 1.400890648365020752e-01 7.663490772247314453e-01 1.082805469632148743e-01 6.588471122086048126e-03 6.610737442970275879e-01 2.675132453441619873e-01 5.418046936392784119e-02 1.908026868477463722e-03 1.400890648365020752e-01 7.663490772247314453e-01
9.500000000000000000e+04 1.202966272830963135e-01 6.910784635692834854e-03 1.069381475448608398e+00 1.291376471519470215e+00 5.418046936392784119e-02 1.908026868477463722e-03 1.400890648365020752e-01 7.663490772247314453e-01 1.082805469632148743e-01 6.588471122086048126e-03 6.610737442970275879e-01 2.675132453441619873e-01 5.418046936392784119e-02 1.908026868477463722e-03 1.400890648365020752e-01 7.663490772247314453e-01
9.642700000000000000e+04 7.626399397850036621e-03 1.701346132904291153e-03 1.256946623325347900e-01 2.147354632616043091e-01 6.617943872697651386e-04 2.141068580385763198e-05 8.071899414062500000e-03 5.204038694500923157e-03 6.999034434556961060e-03 1.767929759807884693e-03 1.271683126688003540e-01 1.820008605718612671e-01 6.617943872697651386e-04 2.141068580385763198e-05 8.071899414062500000e-03 5.204038694500923157e-03
