# step, loss_train, loss_test, metrics_test
0.000000000000000000e+00 5.259109973907470703e+00 1.442114715576171875e+02 1.832719360351562500e+03 4.309142589569091797e+00 1.322499990463256836e+00 3.600000000000000000e+01 4.579600219726562500e+02 1.000000000000000000e+00 5.258360385894775391e+00 1.442169647216796875e+02 1.832727905273437500e+03 4.288767814636230469e+00 1.322499990463256836e+00 3.600000000000000000e+01 4.579600219726562500e+02 1.000000000000000000e+00
2.000000000000000000e+03 4.624070739746093750e+01 7.527452392578125000e+02 3.949459228515625000e+02 4.000000000000000000e+00 2.951167602539062500e+02 4.319515991210937500e+01 5.935480012800000000e+10 2.590003490447998047e+00 4.624070739746093750e+01 7.527452392578125000e+02 3.949459228515625000e+02 4.000000000000000000e+00 2.951167602539062500e+02 4.319515991210937500e+01 5.935480012800000000e+10 2.590003490447998047e+00
4.000000000000000000e+03 4.606962585449218750e+01 7.521728515625000000e+02 3.949359436035156250e+02 4.000000000000000000e+00 2.221842956542968750e+02 3.247196960449218750e+01 4.467992576000000000e+10 3.054601907730102539e+00 4.606962203979492188e+01 7.521727905273437500e+02 3.949359130859375000e+02 4.000000000000000000e+00 2.221842956542968750e+02 3.247196960449218750e+01 4.467992576000000000e+10 3.054601907730102539e+00
6.000000000000000000e+03 4.588093566894531250e+01 7.513337402343750000e+02 3.952195739746093750e+02 4.000000000000000000e+00 1.675278320312500000e+02 2.440788269042968750e+01 3.363335987200000000e+10 3.668900966644287109e+00 4.588093566894531250e+01 7.513336181640625000e+02 3.952195434570312500e+02 4.000000000000000000e+00 1.675278320312500000e+02 2.440788269042968750e+01 3.363335987200000000e+10 3.668900966644287109e+00
8.000000000000000000e+03 4.567114639282226562e+01 7.501542358398437500e+02 3.958853759765625000e+02 4.000000000000000000e+00 1.267340698242187500e+02 1.834595489501953125e+01 2.531758899200000000e+10 4.481587409973144531e+00 4.567114639282226562e+01 7.501541748046875000e+02 3.958853759765625000e+02 4.000000000000000000e+00 1.267340698242187500e+02 1.834595489501953125e+01 2.531758899200000000e+10 4.481587409973144531e+00
1.000000000000000000e+04 4.543434524536132812e+01 7.485192260742187500e+02 3.970712585449218750e+02 4.000000000000000000e+00 9.650710296630859375e+01 1.379167461395263672e+01 1.905810432000000000e+10 5.548230648040771484e+00 4.543434143066406250e+01 7.485192871093750000e+02 3.970712280273437500e+02 4.000000000000000000e+00 9.650710296630859375e+01 1.379167461395263672e+01 1.905810432000000000e+10 5.548230648040771484e+00
1.200000000000000000e+04 4.517389297485351562e+01 7.464318847656250000e+02 3.987919311523437500e+02 4.000000000000000000e+00 7.439279937744140625e+01 1.037244987487792969e+01 1.434615500800000000e+10 6.917306423187255859e+00 4.517388916015625000e+01 7.464320068359375000e+02 3.987919006347656250e+02 4.000000000000000000e+00 7.439279937744140625e+01 1.037244987487792969e+01 1.434615500800000000e+10 6.917306423187255859e+00
1.400000000000000000e+04 4.490086364746093750e+01 7.439978027343750000e+02 4.009556274414062500e+02 4.000000000000000000e+00 5.852670288085937500e+01 7.807277679443359375e+00 1.079923200000000000e+10 8.598654747009277344e+00 4.490086364746093750e+01 7.439976806640625000e+02 4.009555969238281250e+02 4.000000000000000000e+00 5.852670288085937500e+01 7.807277679443359375e+00 1.079923200000000000e+10 8.598654747009277344e+00
1.600000000000000000e+04 4.464289855957031250e+01 7.415606079101562500e+02 4.032056579589843750e+02 4.000000000000000000e+00 4.743288421630859375e+01 5.883571624755859375e+00 8.129317376000000000e+09 1.052535820007324219e+01 4.464289855957031250e+01 7.415606689453125000e+02 4.032056579589843750e+02 4.000000000000000000e+00 4.743288421630859375e+01 5.883571624755859375e+00 8.129317376000000000e+09 1.052535820007324219e+01
1.800000000000000000e+04 4.442853164672851562e+01 7.395012207031250000e+02 4.051314086914062500e+02 4.000000000000000000e+00 3.987923812866210938e+01 4.440418243408203125e+00 6.119494144000000000e+09 1.254458427429199219e+01 4.442852783203125000e+01 7.395012207031250000e+02 4.051313781738281250e+02 4.000000000000000000e+00 3.987923812866210938e+01 4.440418243408203125e+00 6.119494144000000000e+09 1.254458427429199219e+01
2.000000000000000000e+04 4.427184295654296875e+01 7.380321044921875000e+02 4.064908142089843750e+02 4.000000000000000000e+00 3.482688140869140625e+01 3.356461048126220703e+00 4.606352896000000000e+09 1.447377967834472656e+01 4.427183914184570312e+01 7.380321044921875000e+02 4.064908142089843750e+02 4.000000000000000000e+00 3.482688140869140625e+01 3.356461048126220703e+00 4.606352896000000000e+09 1.447377967834472656e+01
2.200000000000000000e+04 4.416780090332031250e+01 7.371179199218750000e+02 4.073052978515625000e+02 4.000000000000000000e+00 3.146591758728027344e+01 2.540954113006591797e+00 3.467619840000000000e+09 1.617349433898925781e+01 4.416780090332031250e+01 7.371178588867187500e+02 4.073052978515625000e+02 4.000000000000000000e+00 3.146591758728027344e+01 2.540954113006591797e+00 3.467619840000000000e+09 1.617349433898925781e+01
2.400000000000000000e+04 4.410237121582031250e+01 7.366027832031250000e+02 4.077303466796875000e+02 4.000000000000000000e+00 2.921655273437500000e+01 1.926371932029724121e+00 2.610305024000000000e+09 1.758241462707519531e+01 4.410237121582031250e+01 7.366027832031250000e+02 4.077303466796875000e+02 4.000000000000000000e+00 2.921655273437500000e+01 1.926371932029724121e+00 2.610305024000000000e+09 1.758241462707519531e+01
2.600000000000000000e+04 4.405995559692382812e+01 7.363046264648437500e+02 4.079536437988281250e+02 4.000000000000000000e+00 2.769208335876464844e+01 1.462531089782714844e+00 1.964826240000000000e+09 1.870185279846191406e+01 4.405995941162109375e+01 7.363046264648437500e+02 4.079536437988281250e+02 4.000000000000000000e+00 2.769208335876464844e+01 1.462531089782714844e+00 1.964826240000000000e+09 1.870185279846191406e+01
2.800000000000000000e+04 4.403212356567382812e+01 7.361336669921875000e+02 4.080644226074218750e+02 4.000000000000000000e+00 2.664667320251464844e+01 1.112044930458068848e+00 1.479072768000000000e+09 1.956565284729003906e+01 4.403212738037109375e+01 7.361336669921875000e+02 4.080644226074218750e+02 4.000000000000000000e+00 2.664667320251464844e+01 1.112044930458068848e+00 1.479072768000000000e+09 1.956565284729003906e+01
3.000000000000000000e+04 4.401414108276367188e+01 7.360448608398437500e+02 4.081040344238281250e+02 4.000000000000000000e+00 2.591863632202148438e+01 8.468722105026245117e-01 1.113446400000000000e+09 2.022292900085449219e+01 4.401414108276367188e+01 7.360447998046875000e+02 4.081040039062500000e+02 4.000000000000000000e+00 2.591863632202148438e+01 8.468722105026245117e-01 1.113446400000000000e+09 2.022292900085449219e+01
3.200000000000000000e+04 4.400254440307617188e+01 7.360047607421875000e+02 4.081044311523437500e+02 4.000000000000000000e+00 2.540942573547363281e+01 6.460900306701660156e-01 8.381347200000000000e+08 2.071479225158691406e+01 4.400254058837890625e+01 7.360047607421875000e+02 4.081044006347656250e+02 4.000000000000000000e+00 2.540942573547363281e+01 6.460900306701660156e-01 8.381347200000000000e+08 2.071479225158691406e+01
3.400000000000000000e+04 4.399223327636718750e+01 7.359514770507812500e+02 4.081303405761718750e+02 4.000000000000000000e+00 2.505222129821777344e+01 4.938799738883972168e-01 6.309391360000000000e+08 2.107689285278320312e+01 4.399222946166992188e+01 7.359515380859375000e+02 4.081303710937500000e+02 4.000000000000000000e+00 2.505222129821777344e+01 4.938799738883972168e-01 6.309391360000000000e+08 2.107689285278320312e+01
3.600000000000000000e+04 4.398988723754882812e+01 7.359899291992187500e+02 4.080625610351562500e+02 4.000000000000000000e+00 2.479821968078613281e+01 3.783719539642333984e-01 4.749548160000000000e+08 2.134813499450683594e+01 4.398989105224609375e+01 7.359898681640625000e+02 4.080625610351562500e+02 4.000000000000000000e+00 2.479821968078613281e+01 3.783719539642333984e-01 4.749548160000000000e+08 2.134813499450683594e+01
3.800000000000000000e+04 4.398260116577148438e+01 7.359406738281250000e+02 4.080978088378906250e+02 4.000000000000000000e+00 2.461655044555664062e+01 2.906002104282379150e-01 3.574988160000000000e+08 2.154567718505859375e+01 4.398260498046875000e+01 7.359407348632812500e+02 4.080978088378906250e+02 4.000000000000000000e+00 2.461655044555664062e+01 2.906002104282379150e-01 3.574988160000000000e+08 2.154567718505859375e+01
4.000000000000000000e+04 4.397881317138671875e+01 7.359297485351562500e+02 4.080948486328125000e+02 4.000000000000000000e+00 2.448192977905273438e+01 2.238346040248870850e-01 2.690718080000000000e+08 2.169720840454101562e+01 4.397881317138671875e+01 7.359297485351562500e+02 4.080949096679687500e+02 4.000000000000000000e+00 2.448192977905273438e+01 2.238346040248870850e-01 2.690718080000000000e+08 2.169720840454101562e+01
4.200000000000000000e+04 4.397851943969726562e+01 7.359590454101562500e+02 4.080506591796875000e+02 4.000000000000000000e+00 2.438847923278808594e+01 1.729654669761657715e-01 2.025568800000000000e+08 2.180725669860839844e+01 4.397851943969726562e+01 7.359591064453125000e+02 4.080506591796875000e+02 4.000000000000000000e+00 2.438847923278808594e+01 1.729654669761657715e-01 2.025568800000000000e+08 2.180725669860839844e+01
4.400000000000000000e+04 4.397792434692382812e+01 7.359746704101562500e+02 4.080244750976562500e+02 4.000000000000000000e+00 2.433059501647949219e+01 1.341335028409957886e-01 1.525084640000000000e+08 2.187847709655761719e+01 4.397792816162109375e+01 7.359747314453125000e+02 4.080245056152343750e+02 4.000000000000000000e+00 2.433059501647949219e+01 1.341335028409957886e-01 1.525084640000000000e+08 2.187847709655761719e+01
4.500000000000000000e+04 4.397698593139648438e+01 7.359709472656250000e+02 4.080249328613281250e+02 4.000000000000000000e+00 2.430817604064941406e+01 1.182775273919105530e-01 1.324441760000000000e+08 2.190632247924804688e+01 4.397698974609375000e+01 7.359710693359375000e+02 4.080249328613281250e+02 4.000000000000000000e+00 2.430817604064941406e+01 1.182775273919105530e-01 1.324441760000000000e+08 2.190632247924804688e+01
4.500000000000000000e+04 4.397698593139648438e+01 7.359709472656250000e+02 4.080249328613281250e+02 4.000000000000000000e+00 2.430817604064941406e+01 1.182775273919105530e-01 1.324441760000000000e+08 2.190632247924804688e+01 4.397698974609375000e+01 7.359710693359375000e+02 4.080249328613281250e+02 4.000000000000000000e+00 2.430817604064941406e+01 1.182775273919105530e-01 1.324441760000000000e+08 2.190632247924804688e+01
4.504300000000000000e+04 8.696985626220703125e+01 1.334245483398437500e+03 3.800769805908203125e+01 4.000000000000000000e+00 3.601870727539062500e+01 3.616720903664827347e-03 4.785323108080774546e-04 3.148587989807128906e+01 8.696984863281250000e+01 1.334245361328125000e+03 3.800770187377929688e+01 4.000000000000000000e+00 3.601870727539062500e+01 3.616720903664827347e-03 4.785323108080774546e-04 3.148587989807128906e+01
4.504300000000000000e+04 8.696985626220703125e+01 1.334245483398437500e+03 3.800769805908203125e+01 4.000000000000000000e+00 3.601870727539062500e+01 3.616720903664827347e-03 4.785323108080774546e-04 3.148587989807128906e+01 8.696984863281250000e+01 1.334245361328125000e+03 3.800770187377929688e+01 4.000000000000000000e+00 3.601870727539062500e+01 3.616720903664827347e-03 4.785323108080774546e-04 3.148587989807128906e+01
4.506800000000000000e+04 4.385137557983398438e+01 7.357022094726562500e+02 4.077870788574218750e+02 4.000000000000000000e+00 2.470855712890625000e+01 1.491798670031130314e-03 3.228896821383386850e-04 2.262196350097656250e+01 4.385137557983398438e+01 7.357022094726562500e+02 4.077870788574218750e+02 4.000000000000000000e+00 2.470855712890625000e+01 1.491798670031130314e-03 3.228896821383386850e-04 2.262196350097656250e+01
