# step, loss_train, loss_test, metrics_test
0.000000000000000000e+00 2.116298079490661621e-01 7.182485423982143402e-04 1.599339097738265991e-01 1.642526388168334961e-01 1.322499990463256836e+00 4.444445017725229263e-03 1.000000000000000000e+00 4.000000283122062683e-02 2.116219550371170044e-01 7.173393387347459793e-04 1.599426269531250000e-01 1.641693860292434692e-01 1.322499990463256836e+00 4.444445017725229263e-03 1.000000000000000000e+00 4.000000283122062683e-02
2.000000000000000000e+03 2.168525159358978271e-01 7.302080630324780941e-04 1.587414145469665527e-01 1.592669188976287842e-01 6.608940958976745605e-01 1.518401084467768669e-03 4.884373545646667480e-01 2.035796642303466797e-02 2.168523371219635010e-01 7.311832741834223270e-04 1.587340980768203735e-01 1.592149585485458374e-01 6.608940958976745605e-01 1.518401084467768669e-03 4.884373545646667480e-01 2.035796642303466797e-02
4.000000000000000000e+03 2.273752540349960327e-01 7.510967552661895752e-04 1.563884615898132324e-01 1.561657786369323730e-01 3.244559466838836670e-01 4.036409955006092787e-04 2.337191104888916016e-01 1.197970658540725708e-02 2.273218482732772827e-01 7.530367583967745304e-04 1.563842296600341797e-01 1.561364233493804932e-01 3.244559466838836670e-01 4.036409955006092787e-04 2.337191104888916016e-01 1.197970658540725708e-02
6.000000000000000000e+03 2.365943938493728638e-01 7.650256738997995853e-04 1.543085128068923950e-01 1.543788015842437744e-01 1.557025015354156494e-01 5.450137541629374027e-05 1.086029857397079468e-01 8.446172811090946198e-03 2.364836186170578003e-01 7.674824446439743042e-04 1.543123871088027954e-01 1.543669402599334717e-01 1.557025015354156494e-01 5.450137541629374027e-05 1.086029857397079468e-01 8.446172811090946198e-03
8.000000000000000000e+03 2.426291704177856445e-01 7.694291416555643082e-04 1.528955847024917603e-01 1.535209864377975464e-01 7.343209534883499146e-02 6.855188985355198383e-07 4.908685386180877686e-02 7.118282373994588852e-03 2.424723356962203979e-01 7.721342844888567924e-04 1.529083251953125000e-01 1.535234749317169189e-01 7.343209534883499146e-02 6.855188985355198383e-07 4.908685386180877686e-02 7.118282373994588852e-03
1.000000000000000000e+04 2.456293851137161255e-01 7.667074678465723991e-04 1.521195024251937866e-01 1.532824188470840454e-01 3.437340632081031799e-02 3.378086694283410907e-05 2.169859036803245544e-02 6.836606189608573914e-03 2.454412281513214111e-01 7.694978266954421997e-04 1.521402299404144287e-01 1.532972306013107300e-01 3.437340632081031799e-02 3.378086694283410907e-05 2.169859036803245544e-02 6.836606189608573914e-03
1.200000000000000000e+04 2.464458048343658447e-01 7.600834360346198082e-04 1.518105119466781616e-01 1.534256041049957275e-01 1.615483127534389496e-02 7.352959801210090518e-05 9.437768720090389252e-03 7.048698142170906067e-03 2.462386637926101685e-01 7.628660532645881176e-04 1.518378704786300659e-01 1.534516662359237671e-01 1.615483127534389496e-02 7.352959801210090518e-05 9.437768720090389252e-03 7.048698142170906067e-03
1.400000000000000000e+04 2.459423691034317017e-01 7.520104409195482731e-04 1.517948657274246216e-01 1.537844091653823853e-01 7.715063169598579407e-03 9.774456702871248126e-05 4.060297738760709763e-03 7.461888715624809265e-03 2.457245141267776489e-01 7.547367713414132595e-04 1.518277525901794434e-01 1.538210809230804443e-01 7.715063169598579407e-03 9.774456702871248126e-05 4.060297738760709763e-03 7.461888715624809265e-03
1.600000000000000000e+04 2.447697073221206665e-01 7.438891334459185600e-04 1.519385874271392822e-01 1.542428731918334961e-01 3.789579262956976891e-03 1.060963550116866827e-04 1.734712393954396248e-03 7.912403903901576996e-03 2.445455938577651978e-01 7.465401431545615196e-04 1.519762277603149414e-01 1.542899459600448608e-01 3.789579262956976891e-03 1.060963550116866827e-04 1.734712393954396248e-03 7.912403903901576996e-03
1.800000000000000000e+04 2.433339506387710571e-01 7.363494951277971268e-04 1.521548926830291748e-01 1.547316014766693115e-01 1.937849330715835094e-03 1.040573552018031478e-04 7.381021277979016304e-04 8.314446546137332916e-03 2.431055456399917603e-01 7.389232050627470016e-04 1.521967798471450806e-01 1.547890454530715942e-01 1.937849330715835094e-03 1.040573552018031478e-04 7.381021277979016304e-04 8.314446546137332916e-03
2.000000000000000000e+04 2.418647259473800659e-01 7.295787218026816845e-04 1.523921787738800049e-01 1.552077531814575195e-01 1.043536118231713772e-03 9.676630725152790546e-05 3.133749996777623892e-04 8.630472235381603241e-03 2.416322529315948486e-01 7.320839213207364082e-04 1.524380892515182495e-01 1.552757322788238525e-01 1.043536118231713772e-03 9.676630725152790546e-05 3.133749996777623892e-04 8.630472235381603241e-03
2.200000000000000000e+04 2.404791563749313354e-01 7.235460798256099224e-04 1.526219844818115234e-01 1.556458771228790283e-01 5.978347617201507092e-04 8.758297190070152283e-05 1.329267397522926331e-04 8.852145634591579437e-03 2.402419298887252808e-01 7.259967969730496407e-04 1.526719331741333008e-01 1.557245701551437378e-01 5.978347617201507092e-04 8.758297190070152283e-05 1.329267397522926331e-04 8.852145634591579437e-03
2.400000000000000000e+04 2.392294853925704956e-01 7.181364926509559155e-04 1.528296917676925659e-01 1.560309529304504395e-01 3.668054123409092426e-04 7.839215686544775963e-05 5.637423601001501083e-05 8.986656554043292999e-03 2.389861494302749634e-01 7.205507135950028896e-04 1.528838276863098145e-01 1.561206281185150146e-01 3.668054123409092426e-04 7.839215686544775963e-05 5.637423601001501083e-05 8.986656554043292999e-03
2.600000000000000000e+04 2.381327450275421143e-01 7.131869788281619549e-04 1.530089527368545532e-01 1.563545167446136475e-01 2.416881179669871926e-04 7.011536217760294676e-05 2.387796121183782816e-05 9.047981351613998413e-03 2.378817200660705566e-01 7.155847852118313313e-04 1.530675292015075684e-01 1.564554721117019653e-01 2.416881179669871926e-04 7.011536217760294676e-05 2.387796121183782816e-05 9.047981351613998413e-03
2.800000000000000000e+04 2.371938079595565796e-01 7.085371180437505245e-04 1.531559973955154419e-01 1.566091775894165039e-01 1.708557247184216976e-04 6.305664282990619540e-05 1.012584380077896640e-05 9.050354361534118652e-03 2.369332313537597656e-01 7.109413272701203823e-04 1.532194316387176514e-01 1.567217409610748291e-01 1.708557247184216976e-04 6.305664282990619540e-05 1.012584380077896640e-05 9.050354361534118652e-03
3.000000000000000000e+04 2.364035397768020630e-01 7.040601340122520924e-04 1.532706618309020996e-01 1.567927449941635132e-01 1.288287166971713305e-04 5.724432048737071455e-05 4.305693437345325947e-06 9.008546359837055206e-03 2.361314445734024048e-01 7.064946694299578667e-04 1.533394306898117065e-01 1.569172739982604980e-01 1.288287166971713305e-04 5.724432048737071455e-05 4.305693437345325947e-06 9.008546359837055206e-03
3.200000000000000000e+04 2.357527017593383789e-01 6.996408337727189064e-04 1.533530801534652710e-01 1.569035202264785767e-01 1.027725011226721108e-04 5.253500785329379141e-05 1.811373749660560861e-06 8.934157900512218475e-03 2.354670912027359009e-01 7.021310157142579556e-04 1.534277796745300293e-01 1.570403575897216797e-01 1.027725011226721108e-04 5.253500785329379141e-05 1.811373749660560861e-06 8.934157900512218475e-03
3.400000000000000000e+04 2.352324873208999634e-01 6.951414979994297028e-04 1.534029841423034668e-01 1.569402962923049927e-01 8.601381705375388265e-05 4.880294363829307258e-05 7.683327112317783758e-07 8.836187422275543213e-03 2.349314093589782715e-01 6.977145676501095295e-04 1.534842103719711304e-01 1.570898443460464478e-01 8.601381705375388265e-05 4.880294363829307258e-05 7.683327112317783758e-07 8.836187422275543213e-03
3.600000000000000000e+04 2.348338514566421509e-01 6.904531037434935570e-04 1.534206420183181763e-01 1.569019258022308350e-01 7.488343544537201524e-05 4.593413905240595341e-05 3.048999133170582354e-07 8.722572587430477142e-03 2.345152348279953003e-01 6.931382231414318085e-04 1.535091847181320190e-01 1.570646017789840698e-01 7.488343544537201524e-05 4.593413905240595341e-05 3.048999133170582354e-07 8.722572587430477142e-03
3.800000000000000000e+04 2.345588207244873047e-01 6.854470120742917061e-04 1.534032076597213745e-01 1.567838788032531738e-01 6.694787589367479086e-05 4.383107443572953343e-05 1.430738763019689941e-07 8.596133440732955933e-03 2.342205792665481567e-01 6.882767193019390106e-04 1.534998565912246704e-01 1.569600999355316162e-01 6.694787589367479086e-05 4.383107443572953343e-05 1.430738763019689941e-07 8.596133440732955933e-03
4.000000000000000000e+04 2.343975007534027100e-01 6.800069240853190422e-04 1.533509939908981323e-01 1.565869450569152832e-01 6.211839354364201427e-05 4.250043275533244014e-05 5.821584636578336358e-08 8.461885154247283936e-03 2.340376228094100952e-01 6.830153288319706917e-04 1.534566432237625122e-01 1.567771136760711670e-01 6.211839354364201427e-05 4.250043275533244014e-05 5.821584636578336358e-08 8.461885154247283936e-03
4.000000000000000000e+04 2.343975007534027100e-01 6.800069240853190422e-04 1.533509939908981323e-01 1.565869450569152832e-01 6.211839354364201427e-05 4.250043275533244014e-05 5.821584636578336358e-08 8.461885154247283936e-03 2.340376228094100952e-01 6.830153288319706917e-04 1.534566432237625122e-01 1.567771136760711670e-01 6.211839354364201427e-05 4.250043275533244014e-05 5.821584636578336358e-08 8.461885154247283936e-03
4.001700000000000000e+04 2.343975007534027100e-01 6.800069240853190422e-04 1.533509939908981323e-01 1.565869450569152832e-01 6.211839354364201427e-05 4.250043275533244014e-05 5.821584636578336358e-08 8.461885154247283936e-03 2.340376228094100952e-01 6.830153288319706917e-04 1.534566432237625122e-01 1.567771136760711670e-01 6.211839354364201427e-05 4.250043275533244014e-05 5.821584636578336358e-08 8.461885154247283936e-03
