# step, loss_train, loss_test, metrics_test
0.000000000000000000e+00 5.296585559844970703e+00 1.440413818359375000e+02 1.833587524414062500e+03 4.172859668731689453e+00 1.322499990463256836e+00 3.600000000000000000e+01 4.579599914550781250e+02 1.000000000000000000e+00 5.296921253204345703e+00 1.440427856445312500e+02 1.833616088867187500e+03 4.158933162689208984e+00 1.322499990463256836e+00 3.600000000000000000e+01 4.579599914550781250e+02 1.000000000000000000e+00
2.000000000000000000e+03 5.867353916168212891e+00 1.595121917724609375e+02 1.749132690429687500e+03 4.524440765380859375e+00 2.004218816757202148e+00 2.871178054809570312e+01 3.840442199707031250e+02 1.280245304107666016e+00 5.877917289733886719e+00 1.597086181640625000e+02 1.747911499023437500e+03 4.480690479278564453e+00 2.004218816757202148e+00 2.871178054809570312e+01 3.840442199707031250e+02 1.280245304107666016e+00
4.000000000000000000e+03 3.707362365722656250e+01 6.756006469726562500e+02 3.918568420410156250e+02 5.678733348846435547e+00 1.019530868530273438e+01 1.658806991577148438e+01 2.722373352050781250e+02 1.116630744934082031e+01 3.762651062011718750e+01 6.831370849609375000e+02 3.778710327148437500e+02 5.400724887847900391e+00 1.019530868530273438e+01 1.658806991577148438e+01 2.722373352050781250e+02 1.116630744934082031e+01
6.000000000000000000e+03 3.333650207519531250e+01 5.673376464843750000e+02 3.603613586425781250e+02 5.899863243103027344e+00 5.260500907897949219e+00 4.940598487854003906e+00 1.862235107421875000e+02 1.505248451232910156e+01 3.398430633544921875e+01 5.752084350585937500e+02 3.407220764160156250e+02 5.683223247528076172e+00 5.260500907897949219e+00 4.940598487854003906e+00 1.862235107421875000e+02 1.505248451232910156e+01
8.000000000000000000e+03 3.030632209777832031e+01 3.698268432617187500e+02 2.708666381835937500e+02 6.254909038543701172e+00 4.461065769195556641e+00 8.602218329906463623e-02 1.185756759643554688e+02 2.817845344543457031e+01 3.103003501892089844e+01 3.758914184570312500e+02 2.483607330322265625e+02 5.967764377593994141e+00 4.461065769195556641e+00 8.602218329906463623e-02 1.185756759643554688e+02 2.817845344543457031e+01
1.000000000000000000e+04 3.143396186828613281e+01 1.509222564697265625e+02 1.361758270263671875e+02 7.778196811676025391e+00 4.649469375610351562e+00 3.060998201370239258e+00 6.470625305175781250e+01 4.067288970947265625e+01 3.227637863159179688e+01 1.531568450927734375e+02 1.147206878662109375e+02 7.306191444396972656e+00 4.649469375610351562e+00 3.060998201370239258e+00 6.470625305175781250e+01 4.067288970947265625e+01
1.200000000000000000e+04 3.259685516357421875e+01 4.098089981079101562e+01 5.954610824584960938e+01 9.392620086669921875e+00 4.669730663299560547e+00 8.947149276733398438e+00 3.362049102783203125e+01 4.729604721069335938e+01 3.350423049926757812e+01 4.097024917602539062e+01 4.262981796264648438e+01 8.775904655456542969e+00 4.669730663299560547e+00 8.947149276733398438e+00 3.362049102783203125e+01 4.729604721069335938e+01
1.400000000000000000e+04 3.089586448669433594e+01 1.117430496215820312e+01 3.147882461547851562e+01 1.085944271087646484e+01 4.294253349304199219e+00 1.109720897674560547e+01 1.846569252014160156e+01 4.763731384277343750e+01 3.178658294677734375e+01 1.095622920989990234e+01 1.866455841064453125e+01 9.989953041076660156e+00 4.294253349304199219e+00 1.109720897674560547e+01 1.846569252014160156e+01 4.763731384277343750e+01
1.600000000000000000e+04 2.805797958374023438e+01 4.519496917724609375e+00 2.188796997070312500e+01 1.232597732543945312e+01 3.821478366851806641e+00 1.046653079986572266e+01 1.042348575592041016e+01 4.304048919677734375e+01 2.889526748657226562e+01 4.377709388732910156e+00 1.121345901489257812e+01 1.113501930236816406e+01 3.821478366851806641e+00 1.046653079986572266e+01 1.042348575592041016e+01 4.304048919677734375e+01
1.800000000000000000e+04 2.520499801635742188e+01 2.696170806884765625e+00 1.763741302490234375e+01 1.364832115173339844e+01 3.378342390060424805e+00 8.880522727966308594e+00 5.818474292755126953e+00 3.787926101684570312e+01 2.598030853271484375e+01 2.609843969345092773e+00 8.207770347595214844e+00 1.212368583679199219e+01 3.378342390060424805e+00 8.880522727966308594e+00 5.818474292755126953e+00 3.787926101684570312e+01
2.000000000000000000e+04 2.271379089355468750e+01 1.988118648529052734e+00 1.498888015747070312e+01 1.479508399963378906e+01 2.999613285064697266e+00 7.250219345092773438e+00 3.111480474472045898e+00 3.363739776611328125e+01 2.343056106567382812e+01 1.936538696289062500e+00 6.505381584167480469e+00 1.294054031372070312e+01 2.999613285064697266e+00 7.250219345092773438e+00 3.111480474472045898e+00 3.363739776611328125e+01
2.200000000000000000e+04 2.063184356689453125e+01 1.630818128585815430e+00 1.303058338165283203e+01 1.579860591888427734e+01 2.676637649536132812e+00 5.839315891265869141e+00 1.534497976303100586e+00 3.033875656127929688e+01 2.129666137695312500e+01 1.600928783416748047e+00 5.351670265197753906e+00 1.362247848510742188e+01 2.676637649536132812e+00 5.839315891265869141e+00 1.534497976303100586e+00 3.033875656127929688e+01
2.400000000000000000e+04 1.889911270141601562e+01 1.413768291473388672e+00 1.148024940490722656e+01 1.668988418579101562e+01 2.398596048355102539e+00 4.674795150756835938e+00 6.543791890144348145e-01 2.776163291931152344e+01 1.951822853088378906e+01 1.397728919982910156e+00 4.507866382598876953e+00 1.420431613922119141e+01 2.398596048355102539e+00 4.674795150756835938e+00 6.543791890144348145e-01 2.776163291931152344e+01
2.600000000000000000e+04 1.744664192199707031e+01 1.262985944747924805e+00 1.021353244781494141e+01 1.748721885681152344e+01 2.160447359085083008e+00 3.731080770492553711e+00 2.073791623115539551e-01 2.571384811401367188e+01 1.802540969848632812e+01 1.255723118782043457e+00 3.867431640625000000e+00 1.470862674713134766e+01 2.160447359085083008e+00 3.731080770492553711e+00 2.073791623115539551e-01 2.571384811401367188e+01
2.800000000000000000e+04 1.621552085876464844e+01 1.148320436477661133e+00 9.161967277526855469e+00 1.820068168640136719e+01 1.958665728569030762e+00 2.973563671112060547e+00 2.684770524501800537e-02 2.405968666076660156e+01 1.675847244262695312e+01 1.146284222602844238e+00 3.371922492980957031e+00 1.514946937561035156e+01 1.958665728569030762e+00 2.973563671112060547e+00 2.684770524501800537e-02 2.405968666076660156e+01
3.000000000000000000e+04 1.515950584411621094e+01 1.055998921394348145e+00 8.282171249389648438e+00 1.883711814880371094e+01 1.789077162742614746e+00 2.369676351547241211e+00 5.898732692003250122e-03 2.270191955566406250e+01 1.567050457000732422e+01 1.056635856628417969e+00 2.984206438064575195e+00 1.553680038452148438e+01 1.789077162742614746e+00 2.369676351547241211e+00 5.898732692003250122e-03 2.270191955566406250e+01
3.200000000000000000e+04 1.424254322052001953e+01 9.786733388900756836e-01 7.542841911315917969e+00 1.940261840820312500e+01 1.647108078002929688e+00 1.890597462654113770e+00 7.581268250942230225e-02 2.157201957702636719e+01 1.472488594055175781e+01 9.801610112190246582e-01 2.678925514221191406e+00 1.587830448150634766e+01 1.647108078002929688e+00 1.890597462654113770e+00 7.581268250942230225e-02 2.157201957702636719e+01
3.400000000000000000e+04 1.343725872039794922e+01 9.123274087905883789e-01 6.919389724731445312e+00 1.990323257446289062e+01 1.528343319892883301e+00 1.511700272560119629e+00 1.925612241029739380e-01 2.061935997009277344e+01 1.389377975463867188e+01 9.134423732757568359e-01 2.436940908432006836e+00 1.618060111999511719e+01 1.528343319892883301e+00 1.511700272560119629e+00 1.925612241029739380e-01 2.061935997009277344e+01
3.600000000000000000e+04 1.272223186492919922e+01 8.544929027557373047e-01 6.392184734344482422e+00 2.034457015991210938e+01 1.428622603416442871e+00 1.212528228759765625e+00 3.283879756927490234e-01 1.980743789672851562e+01 1.315533542633056641e+01 8.544785380363464355e-01 2.244297742843627930e+00 1.644902420043945312e+01 1.428622603416442871e+00 1.212528228759765625e+00 3.283879756927490234e-01 1.980743789672851562e+01
3.800000000000000000e+04 1.208188152313232422e+01 8.030348420143127441e-01 5.944903850555419922e+00 2.073269081115722656e+01 1.344553589820861816e+00 9.765292406082153320e-01 4.662787616252899170e-01 1.910721015930175781e+01 1.249365425109863281e+01 8.014257550239562988e-01 2.089766025543212891e+00 1.668866157531738281e+01 1.344553589820861816e+00 9.765292406082153320e-01 4.662787616252899170e-01 1.910721015930175781e+01
4.000000000000000000e+04 1.150320053100585938e+01 7.572449445724487305e-01 5.563297271728515625e+00 2.107307815551757812e+01 1.273132562637329102e+00 7.902182936668395996e-01 5.961332321166992188e-01 1.849785232543945312e+01 1.189540958404541016e+01 7.538970112800598145e-01 1.964576363563537598e+00 1.690341758728027344e+01 1.273132562637329102e+00 7.902182936668395996e-01 5.961332321166992188e-01 1.849785232543945312e+01
4.200000000000000000e+04 1.097644233703613281e+01 7.160398960113525391e-01 5.236507415771484375e+00 2.137102699279785156e+01 1.212061762809753418e+00 6.429570317268371582e-01 7.124033570289611816e-01 1.796225166320800781e+01 1.135063266754150391e+01 7.109172344207763672e-01 1.862512230873107910e+00 1.709688758850097656e+01 1.212061762809753418e+00 6.429570317268371582e-01 7.124033570289611816e-01 1.796225166320800781e+01
4.400000000000000000e+04 1.049385166168212891e+01 6.785133481025695801e-01 4.954715251922607422e+00 2.163145256042480469e+01 1.159540891647338867e+00 5.262431502342224121e-01 8.127998113632202148e-01 1.748707962036132812e+01 1.085136032104492188e+01 6.717067360877990723e-01 1.778113842010498047e+00 1.727204513549804688e+01 1.159540891647338867e+00 5.262431502342224121e-01 8.127998113632202148e-01 1.748707962036132812e+01
4.500000000000000000e+04 1.026697540283203125e+01 6.610511541366577148e-01 4.828505992889404297e+00 2.174883842468261719e+01 1.135903835296630859e+00 4.771943688392639160e-01 8.566578030586242676e-01 1.726894378662109375e+01 1.061658668518066406e+01 6.534677147865295410e-01 1.741494536399841309e+00 1.735347366333007812e+01 1.135903835296630859e+00 4.771943688392639160e-01 8.566578030586242676e-01 1.726894378662109375e+01
4.500000000000000000e+04 1.026697540283203125e+01 6.610511541366577148e-01 4.828505992889404297e+00 2.174883842468261719e+01 1.135903835296630859e+00 4.771943688392639160e-01 8.566578030586242676e-01 1.726894378662109375e+01 1.061658668518066406e+01 6.534677147865295410e-01 1.741494536399841309e+00 1.735347366333007812e+01 1.135903835296630859e+00 4.771943688392639160e-01 8.566578030586242676e-01 1.726894378662109375e+01
4.600000000000000000e+04 1.073504805564880371e+00 6.179416924715042114e-02 1.951121389865875244e-01 7.710628986358642578e+00 5.434824824333190918e-01 3.679021319840103388e-04 2.990404330193996429e-02 1.665588855743408203e+00 1.073504805564880371e+00 6.179416924715042114e-02 1.951121389865875244e-01 7.710628986358642578e+00 5.434824824333190918e-01 3.679021319840103388e-04 2.990404330193996429e-02 1.665588855743408203e+00
4.700000000000000000e+04 1.050160288810729980e+00 8.109643310308456421e-02 6.575698405504226685e-02 6.734518527984619141e+00 6.439258158206939697e-02 7.853288552723824978e-04 6.727874279022216797e-03 1.099230885505676270e+00 1.050160288810729980e+00 8.109643310308456421e-02 6.575698405504226685e-02 6.734518527984619141e+00 6.439258158206939697e-02 7.853288552723824978e-04 6.727874279022216797e-03 1.099230885505676270e+00
4.786300000000000000e+04 5.614248514175415039e-01 1.394029557704925537e-01 6.328466534614562988e-02 4.769543647766113281e+00 4.551567602902650833e-03 7.693225052207708359e-04 2.375439507886767387e-03 1.045157790184020996e+00 2.210275977849960327e-01 1.353594511747360229e-01 6.062755733728408813e-02 4.882102966308593750e+00 4.551567602902650833e-03 7.693225052207708359e-04 2.375439507886767387e-03 1.045157790184020996e+00
4.786300000000000000e+04 5.614248514175415039e-01 1.394029557704925537e-01 6.328466534614562988e-02 4.769543647766113281e+00 4.551567602902650833e-03 7.693225052207708359e-04 2.375439507886767387e-03 1.045157790184020996e+00 2.210275977849960327e-01 1.353594511747360229e-01 6.062755733728408813e-02 4.882102966308593750e+00 4.551567602902650833e-03 7.693225052207708359e-04 2.375439507886767387e-03 1.045157790184020996e+00
4.787900000000000000e+04 5.614248514175415039e-01 1.394029557704925537e-01 6.328466534614562988e-02 4.769543647766113281e+00 4.551567602902650833e-03 7.693225052207708359e-04 2.375439507886767387e-03 1.045157790184020996e+00 2.210275977849960327e-01 1.353594511747360229e-01 6.062755733728408813e-02 4.882102966308593750e+00 4.551567602902650833e-03 7.693225052207708359e-04 2.375439507886767387e-03 1.045157790184020996e+00
