# step, loss_train, loss_test, metrics_test
0.000000000000000000e+00 1.326689234701916575e-04 9.207473993301391602e-01 2.934545707702636719e+01 5.387694388628005981e-02 1.322499990463256836e+00 3.600000000000000000e+01 4.579599914550781250e+02 2.500000000000000000e+01 1.460171479266136885e-04 1.019062757492065430e+00 2.942246818542480469e+01 5.952686443924903870e-02 1.322499990463256836e+00 3.600000000000000000e+01 4.579599914550781250e+02 2.500000000000000000e+01
2.000000000000000000e+02 3.884977996349334717e-01 3.639049768447875977e+00 1.117185878753662109e+01 5.510737746953964233e-02 1.520340800285339355e+00 3.531491088867187500e+01 4.507080993652343750e+02 2.436696434020996094e+01 4.279586672782897949e-01 4.030179023742675781e+00 9.276355743408203125e+00 6.000597774982452393e-02 1.520340800285339355e+00 3.531491088867187500e+01 4.507080993652343750e+02 2.436696434020996094e+01
4.000000000000000000e+02 6.550324559211730957e-01 5.241360187530517578e+00 7.967163085937500000e+00 5.571571364998817444e-02 1.684512734413146973e+00 3.442369461059570312e+01 4.434995422363281250e+02 2.372947120666503906e+01 7.227020263671875000e-01 5.820684909820556641e+00 5.662939548492431641e+00 6.027889624238014221e-02 1.684512734413146973e+00 3.442369461059570312e+01 4.434995422363281250e+02 2.372947120666503906e+01
6.000000000000000000e+02 6.668894886970520020e-01 5.288688182830810547e+00 7.812162876129150391e+00 5.570922419428825378e-02 1.882736802101135254e+00 3.325645065307617188e+01 4.348097839355468750e+02 2.283032226562500000e+01 7.345082163810729980e-01 5.857319831848144531e+00 5.414798736572265625e+00 6.044494733214378357e-02 1.882736802101135254e+00 3.325645065307617188e+01 4.348097839355468750e+02 2.283032226562500000e+01
8.000000000000000000e+02 6.632047295570373535e-01 5.337244510650634766e+00 7.902727127075195312e+00 5.534460023045539856e-02 2.130987405776977539e+00 3.159719848632812500e+01 4.238709411621093750e+02 2.153586578369140625e+01 7.305042743682861328e-01 5.907895565032958984e+00 5.328932285308837891e+00 6.088360771536827087e-02 2.130987405776977539e+00 3.159719848632812500e+01 4.238709411621093750e+02 2.153586578369140625e+01
1.000000000000000000e+03 6.587936282157897949e-01 5.365657329559326172e+00 8.335045814514160156e+00 5.579636245965957642e-02 2.437598228454589844e+00 2.933230590820312500e+01 4.099023132324218750e+02 1.972083282470703125e+01 7.267051935195922852e-01 5.944820404052734375e+00 5.437529087066650391e+00 6.205823272466659546e-02 2.437598228454589844e+00 2.933230590820312500e+01 4.099023132324218750e+02 1.972083282470703125e+01
1.200000000000000000e+03 6.480152010917663574e-01 5.398554325103759766e+00 9.136171340942382812e+00 5.818333476781845093e-02 2.766721725463867188e+00 2.638831138610839844e+01 3.922393493652343750e+02 1.733394813537597656e+01 7.131661772727966309e-01 5.956605911254882812e+00 5.727912425994873047e+00 6.418046355247497559e-02 2.766721725463867188e+00 2.638831138610839844e+01 3.922393493652343750e+02 1.733394813537597656e+01
1.400000000000000000e+03 6.348912119865417480e-01 5.377123832702636719e+00 1.037814712524414062e+01 6.229246407747268677e-02 2.985034942626953125e+00 2.275319099426269531e+01 3.705592346191406250e+02 1.447452545166015625e+01 6.924618482589721680e-01 5.887436389923095703e+00 6.313049793243408203e+00 6.745330989360809326e-02 2.985034942626953125e+00 2.275319099426269531e+01 3.705592346191406250e+02 1.447452545166015625e+01
1.600000000000000000e+03 6.135193109512329102e-01 5.257848262786865234e+00 1.167859554290771484e+01 6.558915972709655762e-02 2.906962633132934570e+00 1.859720420837402344e+01 3.451174011230468750e+02 1.138002300262451172e+01 6.674766540527343750e-01 5.713121414184570312e+00 7.122961997985839844e+00 7.124079763889312744e-02 2.906962633132934570e+00 1.859720420837402344e+01 3.451174011230468750e+02 1.138002300262451172e+01
1.800000000000000000e+03 6.010599136352539062e-01 5.260549545288085938e+00 1.225745105743408203e+01 6.988709419965744019e-02 2.465182065963745117e+00 1.434402847290039062e+01 3.169978027343750000e+02 8.310009956359863281e+00 6.583940386772155762e-01 5.723218917846679688e+00 7.770389556884765625e+00 7.707084715366363525e-02 2.465182065963745117e+00 1.434402847290039062e+01 3.169978027343750000e+02 8.310009956359863281e+00
2.000000000000000000e+03 5.862828493118286133e-01 5.171551704406738281e+00 1.189803695678710938e+01 7.571922987699508667e-02 1.778301596641540527e+00 1.047727108001708984e+01 2.879995727539062500e+02 5.494379520416259766e+00 6.383436322212219238e-01 5.642391204833984375e+00 8.596782684326171875e+00 8.476812392473220825e-02 1.778301596641540527e+00 1.047727108001708984e+01 2.879995727539062500e+02 5.494379520416259766e+00
2.200000000000000000e+03 5.872675776481628418e-01 5.094306945800781250e+00 1.058705806732177734e+01 8.301243931055068970e-02 1.075971961021423340e+00 7.284748554229736328e+00 2.600922851562500000e+02 3.163920164108276367e+00 6.231800317764282227e-01 5.594445705413818359e+00 9.153964996337890625e+00 9.369416534900665283e-02 1.075971961021423340e+00 7.284748554229736328e+00 2.600922851562500000e+02 3.163920164108276367e+00
2.400000000000000000e+03 6.115151643753051758e-01 5.230447292327880859e+00 8.990358352661132812e+00 9.055659174919128418e-02 5.515517592430114746e-01 4.850909233093261719e+00 2.348246917724609375e+02 1.525123000144958496e+00 6.245096325874328613e-01 5.751204967498779297e+00 9.248412132263183594e+00 1.025090292096138000e-01 5.515517592430114746e-01 4.850909233093261719e+00 2.348246917724609375e+02 1.525123000144958496e+00
2.600000000000000000e+03 6.171125769615173340e-01 5.285849571228027344e+00 8.315814971923828125e+00 9.697812050580978394e-02 2.663992643356323242e-01 3.112170219421386719e+00 2.129519805908203125e+02 6.060720086097717285e-01 6.093726754188537598e-01 5.767447471618652344e+00 9.426285743713378906e+00 1.097681596875190735e-01 2.663992643356323242e-01 3.112170219421386719e+00 2.129519805908203125e+02 6.060720086097717285e-01
2.800000000000000000e+03 6.397051215171813965e-01 5.638415336608886719e+00 8.086863517761230469e+00 1.014325767755508423e-01 1.584220379590988159e-01 1.931083083152770996e+00 1.944242401123046875e+02 2.159028649330139160e-01 6.260196566581726074e-01 6.100319385528564453e+00 9.311969757080078125e+00 1.148163005709648132e-01 1.584220379590988159e-01 1.931083083152770996e+00 1.944242401123046875e+02 2.159028649330139160e-01
3.000000000000000000e+03 6.028408408164978027e-01 5.452144145965576172e+00 8.635984420776367188e+00 1.037071421742439270e-01 1.368125081062316895e-01 1.159278154373168945e+00 1.786981201171875000e+02 9.000239521265029907e-02 5.890459418296813965e-01 5.878302097320556641e+00 9.859878540039062500e+00 1.175898015499114990e-01 1.368125081062316895e-01 1.159278154373168945e+00 1.786981201171875000e+02 9.000239521265029907e-02
3.200000000000000000e+03 6.145185828208923340e-01 5.734189033508300781e+00 8.578537940979003906e+00 1.044961139559745789e-01 1.433388590812683105e-01 6.718482971191406250e-01 1.651605682373046875e+02 5.714531615376472473e-02 6.077088117599487305e-01 6.177354812622070312e+00 9.796786308288574219e+00 1.187114343047142029e-01 1.433388590812683105e-01 6.718482971191406250e-01 1.651605682373046875e+02 5.714531615376472473e-02
3.400000000000000000e+03 6.345913410186767578e-01 6.060497760772705078e+00 8.435241699218750000e+00 1.046313047409057617e-01 1.518402993679046631e-01 3.733502328395843506e-01 1.532647094726562500e+02 5.281252786517143250e-02 6.343061923980712891e-01 6.520204544067382812e+00 9.665541648864746094e+00 1.189551353454589844e-01 1.518402993679046631e-01 3.733502328395843506e-01 1.532647094726562500e+02 5.281252786517143250e-02
3.600000000000000000e+03 6.074981093406677246e-01 5.861267089843750000e+00 8.795017242431640625e+00 1.045787259936332703e-01 1.556785106658935547e-01 1.981724351644515991e-01 1.426670684814453125e+02 5.901055037975311279e-02 6.079804301261901855e-01 6.286257266998291016e+00 1.008164882659912109e+01 1.188366860151290894e-01 1.556785106658935547e-01 1.981724351644515991e-01 1.426670684814453125e+02 5.901055037975311279e-02
3.800000000000000000e+03 5.854164958000183105e-01 5.683394432067871094e+00 9.114907264709472656e+00 1.045686453580856323e-01 1.557976305484771729e-01 1.002744138240814209e-01 1.330994567871093750e+02 6.960334628820419312e-02 5.857717394828796387e-01 6.071219444274902344e+00 1.044915485382080078e+01 1.186619028449058533e-01 1.557976305484771729e-01 1.002744138240814209e-01 1.330994567871093750e+02 6.960334628820419312e-02
4.000000000000000000e+03 6.199188828468322754e-01 6.056740283966064453e+00 8.823472023010253906e+00 1.046239286661148071e-01 1.539870500564575195e-01 4.867030680179595947e-02 1.243865356445312500e+02 8.183979243040084839e-02 6.243115663528442383e-01 6.455307006835937500e+00 1.014543914794921875e+01 1.185008585453033447e-01 1.539870500564575195e-01 4.867030680179595947e-02 1.243865356445312500e+02 8.183979243040084839e-02
4.200000000000000000e+03 5.986278653144836426e-01 5.846638202667236328e+00 9.118355751037597656e+00 1.046409457921981812e-01 1.515543013811111450e-01 2.295882068574428558e-02 1.163669128417968750e+02 9.387383610010147095e-02 6.015534400939941406e-01 6.202753067016601562e+00 1.047963619232177734e+01 1.182733848690986633e-01 1.515543013811111450e-01 2.295882068574428558e-02 1.163669128417968750e+02 9.387383610010147095e-02
4.400000000000000000e+03 5.938179492950439453e-01 5.800723075866699219e+00 9.225843429565429688e+00 1.045861095190048218e-01 1.492215394973754883e-01 1.086039934307336807e-02 1.089365463256835938e+02 1.045221984386444092e-01 5.963861346244812012e-01 6.129106521606445312e+00 1.060905551910400391e+01 1.179688051342964172e-01 1.492215394973754883e-01 1.086039934307336807e-02 1.089365463256835938e+02 1.045221984386444092e-01
4.600000000000000000e+03 5.710307955741882324e-01 5.573251247406005859e+00 9.517084121704101562e+00 1.044104024767875671e-01 1.474654376506805420e-01 5.415318533778190613e-03 1.020104904174804688e+02 1.131813451647758484e-01 5.715578198432922363e-01 5.859475135803222656e+00 1.093828868865966797e+01 1.175545901060104370e-01 1.474654376506805420e-01 5.415318533778190613e-03 1.020104904174804688e+02 1.131813451647758484e-01
4.800000000000000000e+03 5.505511760711669922e-01 5.368081569671630859e+00 9.782422065734863281e+00 1.041205748915672302e-01 1.464913785457611084e-01 3.034219844266772270e-03 9.553131866455078125e+01 1.199485436081886292e-01 5.493545532226562500e-01 5.617828369140625000e+00 1.123808383941650391e+01 1.170484274625778198e-01 1.464913785457611084e-01 3.034219844266772270e-03 9.553131866455078125e+01 1.199485436081886292e-01
5.000000000000000000e+03 5.573791265487670898e-01 5.441977024078369141e+00 9.709260940551757812e+00 1.037924215197563171e-01 1.463733315467834473e-01 2.003349829465150833e-03 8.944725799560546875e+01 1.251189857721328735e-01 5.571116209030151367e-01 5.684764385223388672e+00 1.116732692718505859e+01 1.165342032909393311e-01 1.463733315467834473e-01 2.003349829465150833e-03 8.944725799560546875e+01 1.251189857721328735e-01
5.200000000000000000e+03 5.455957651138305664e-01 5.330748081207275391e+00 9.848088264465332031e+00 1.034629344940185547e-01 1.469567269086837769e-01 1.564528327435255051e-03 8.372113037109375000e+01 1.291229724884033203e-01 5.447065234184265137e-01 5.552533149719238281e+00 1.132737350463867188e+01 1.160460561513900757e-01 1.469567269086837769e-01 1.564528327435255051e-03 8.372113037109375000e+01 1.291229724884033203e-01
5.400000000000000000e+03 5.633201599121093750e-01 5.517139911651611328e+00 9.632903099060058594e+00 1.031668186187744141e-01 1.480095982551574707e-01 1.387707772664725780e-03 7.832206726074218750e+01 1.324101537466049194e-01 5.646432042121887207e-01 5.748417854309082031e+00 1.109964847564697266e+01 1.156150922179222107e-01 1.480095982551574707e-01 1.387707772664725780e-03 7.832206726074218750e+01 1.324101537466049194e-01
5.600000000000000000e+03 5.652578473091125488e-01 5.543309211730957031e+00 9.601148605346679688e+00 1.029123142361640930e-01 1.493768990039825439e-01 1.323317526839673519e-03 7.322372436523437500e+01 1.352794617414474487e-01 5.674130916595458984e-01 5.770970344543457031e+00 1.107147693634033203e+01 1.152445897459983826e-01 1.493768990039825439e-01 1.323317526839673519e-03 7.322372436523437500e+01 1.352794617414474487e-01
5.800000000000000000e+03 5.553643107414245605e-01 5.448780536651611328e+00 9.699851036071777344e+00 1.027083843946456909e-01 1.509530693292617798e-01 1.299041206948459148e-03 6.840292358398437500e+01 1.379371583461761475e-01 5.573199987411499023e-01 5.663035869598388672e+00 1.118459987640380859e+01 1.149408221244812012e-01 1.509530693292617798e-01 1.299041206948459148e-03 6.840292358398437500e+01 1.379371583461761475e-01
6.000000000000000000e+03 5.683305263519287109e-01 5.580529689788818359e+00 9.542103767395019531e+00 1.025525256991386414e-01 1.526118665933609009e-01 1.280989963561296463e-03 6.384393692016601562e+01 1.405663490295410156e-01 5.721371173858642578e-01 5.802960872650146484e+00 1.101788330078125000e+01 1.146980077028274536e-01 1.526118665933609009e-01 1.280989963561296463e-03 6.384393692016601562e+01 1.405663490295410156e-01
6.200000000000000000e+03 5.983063578605651855e-01 5.883303642272949219e+00 9.216017723083496094e+00 1.024577617645263672e-01 1.543951332569122314e-01 1.253795460797846317e-03 5.952769088745117188e+01 1.431409865617752075e-01 6.055581569671630859e-01 6.130937576293945312e+00 1.066711997985839844e+01 1.145303919911384583e-01 1.543951332569122314e-01 1.253795460797846317e-03 5.952769088745117188e+01 1.431409865617752075e-01
6.400000000000000000e+03 5.744687318801879883e-01 5.638545513153076172e+00 9.445018768310546875e+00 1.023903191089630127e-01 1.562195718288421631e-01 1.213666982948780060e-03 5.544112777709960938e+01 1.457440704107284546e-01 5.802790522575378418e-01 5.861299991607666016e+00 1.091956996917724609e+01 1.143988966941833496e-01 1.562195718288421631e-01 1.213666982948780060e-03 5.544112777709960938e+01 1.457440704107284546e-01
6.600000000000000000e+03 5.089725255966186523e-01 4.976610183715820312e+00 1.019368839263916016e+01 1.023690551519393921e-01 1.581753045320510864e-01 1.161903375759720802e-03 5.157183837890625000e+01 1.482751220464706421e-01 5.092794299125671387e-01 5.133447170257568359e+00 1.174079227447509766e+01 1.143253594636917114e-01 1.581753045320510864e-01 1.161903375759720802e-03 5.157183837890625000e+01 1.482751220464706421e-01
6.800000000000000000e+03 5.518089532852172852e-01 5.397002220153808594e+00 9.654891014099121094e+00 1.023987010121345520e-01 1.601014733314514160e-01 1.102035865187644958e-03 4.790982055664062500e+01 1.508957445621490479e-01 5.568576455116271973e-01 5.592971324920654297e+00 1.115454578399658203e+01 1.143135055899620056e-01 1.601014733314514160e-01 1.102035865187644958e-03 4.790982055664062500e+01 1.508957445621490479e-01
7.000000000000000000e+03 5.177787542343139648e-01 5.046249389648437500e+00 1.003851604461669922e+01 1.024641543626785278e-01 1.621406525373458862e-01 1.036124769598245621e-03 4.444465255737304688e+01 1.534347087144851685e-01 5.202713012695312500e-01 5.206971645355224609e+00 1.157621574401855469e+01 1.143476068973541260e-01 1.621406525373458862e-01 1.036124769598245621e-03 4.444465255737304688e+01 1.534347087144851685e-01
7.200000000000000000e+03 5.975591540336608887e-01 5.834615707397460938e+00 9.130211830139160156e+00 1.025970131158828735e-01 1.642327904701232910e-01 9.672862943261861801e-04 4.116833877563476562e+01 1.559398621320724487e-01 6.081425547599792480e-01 6.069356918334960938e+00 1.058767318725585938e+01 1.144630163908004761e-01 1.642327904701232910e-01 9.672862943261861801e-04 4.116833877563476562e+01 1.559398621320724487e-01
7.400000000000000000e+03 5.637783408164978027e-01 5.479078292846679688e+00 9.454916954040527344e+00 1.027431935071945190e-01 1.663217097520828247e-01 8.968396577984094620e-04 3.807321929931640625e+01 1.584527790546417236e-01 5.720165371894836426e-01 5.680716514587402344e+00 1.094151496887207031e+01 1.145977228879928589e-01 1.663217097520828247e-01 8.968396577984094620e-04 3.807321929931640625e+01 1.584527790546417236e-01
7.600000000000000000e+03 5.367750525474548340e-01 5.191935062408447266e+00 9.735739707946777344e+00 1.029416769742965698e-01 1.684809774160385132e-01 8.263398776762187481e-04 3.515112686157226562e+01 1.608905196189880371e-01 5.431627631187438965e-01 5.365832328796386719e+00 1.124898433685302734e+01 1.147965639829635620e-01 1.684809774160385132e-01 8.263398776762187481e-04 3.515112686157226562e+01 1.608905196189880371e-01
7.800000000000000000e+03 5.394219756126403809e-01 5.199546337127685547e+00 9.678867340087890625e+00 1.031951904296875000e-01 1.706584542989730835e-01 7.568092551082372665e-04 3.239936828613281250e+01 1.632559150457382202e-01 5.467507243156433105e-01 5.374298095703125000e+00 1.118740272521972656e+01 1.150625348091125488e-01 1.706584542989730835e-01 7.568092551082372665e-04 3.239936828613281250e+01 1.632559150457382202e-01
8.000000000000000000e+03 5.363093018531799316e-01 5.147349357604980469e+00 9.689167022705078125e+00 1.035033240914344788e-01 1.728328019380569458e-01 6.886309129185974598e-04 2.980825805664062500e+01 1.655535846948623657e-01 5.440360307693481445e-01 5.317332744598388672e+00 1.119883346557617188e+01 1.153946146368980408e-01 1.728328019380569458e-01 6.886309129185974598e-04 2.980825805664062500e+01 1.655535846948623657e-01
8.200000000000000000e+03 5.379588007926940918e-01 5.139511108398437500e+00 9.643088340759277344e+00 1.038799583911895752e-01 1.749622970819473267e-01 6.220042705535888672e-04 2.737089347839355469e+01 1.677637845277786255e-01 5.465348958969116211e-01 5.309078216552734375e+00 1.114822387695312500e+01 1.158081814646720886e-01 1.749622970819473267e-01 6.220042705535888672e-04 2.737089347839355469e+01 1.677637845277786255e-01
8.400000000000000000e+03 5.397164821624755859e-01 5.129065036773681641e+00 9.594572067260742188e+00 1.043515577912330627e-01 1.769853085279464722e-01 5.568297347053885460e-04 2.508089637756347656e+01 1.698262840509414673e-01 5.491518974304199219e-01 5.297842979431152344e+00 1.109447288513183594e+01 1.163332387804985046e-01 1.769853085279464722e-01 5.568297347053885460e-04 2.508089637756347656e+01 1.698262840509414673e-01
8.600000000000000000e+03 5.409443974494934082e-01 5.107519626617431641e+00 9.545989990234375000e+00 1.049622818827629089e-01 1.788385361433029175e-01 4.910045536234974861e-04 2.293157386779785156e+01 1.715535968542098999e-01 5.511466264724731445e-01 5.273681640625000000e+00 1.104035663604736328e+01 1.170225739479064941e-01 1.788385361433029175e-01 4.910045536234974861e-04 2.293157386779785156e+01 1.715535968542098999e-01
8.800000000000000000e+03 5.451220273971557617e-01 5.105857372283935547e+00 9.446909904479980469e+00 1.054168418049812317e-01 1.813535243272781372e-01 4.158896335866302252e-04 2.091368865966796875e+01 1.721141785383224487e-01 5.561420917510986328e-01 5.270176887512207031e+00 1.093389415740966797e+01 1.175620481371879578e-01 1.813535243272781372e-01 4.158896335866302252e-04 2.091368865966796875e+01 1.721141785383224487e-01
9.000000000000000000e+03 5.471116900444030762e-01 5.084552288055419922e+00 9.383035659790039062e+00 1.055191680788993835e-01 1.858882308006286621e-01 3.438341955188661814e-04 1.901627540588378906e+01 1.711170077323913574e-01 5.589322447776794434e-01 5.249495983123779297e+00 1.086708164215087891e+01 1.177283301949501038e-01 1.858882308006286621e-01 3.438341955188661814e-04 1.901627540588378906e+01 1.711170077323913574e-01
9.200000000000000000e+03 5.480473041534423828e-01 5.056529521942138672e+00 9.340867996215820312e+00 1.058205589652061462e-01 1.901381760835647583e-01 2.900452818721532822e-04 1.723620986938476562e+01 1.711134463548660278e-01 5.607583522796630859e-01 5.222812652587890625e+00 1.082024669647216797e+01 1.181049719452857971e-01 1.901381760835647583e-01 2.900452818721532822e-04 1.723620986938476562e+01 1.711134463548660278e-01
9.400000000000000000e+03 5.487268567085266113e-01 5.025495529174804688e+00 9.304754257202148438e+00 1.063004806637763977e-01 1.935664862394332886e-01 2.446027938276529312e-04 1.557208347320556641e+01 1.723488718271255493e-01 5.622994303703308105e-01 5.191994667053222656e+00 1.077811050415039062e+01 1.186681240797042847e-01 1.935664862394332886e-01 2.446027938276529312e-04 1.557208347320556641e+01 1.723488718271255493e-01
9.600000000000000000e+03 5.522795915603637695e-01 5.020606517791748047e+00 9.237172126770019531e+00 1.068955436348915100e-01 1.965197771787643433e-01 2.034239441854879260e-04 1.402128887176513672e+01 1.741438508033752441e-01 5.669227838516235352e-01 5.188877105712890625e+00 1.070100307464599609e+01 1.193545907735824585e-01 1.965197771787643433e-01 2.034239441854879260e-04 1.402128887176513672e+01 1.741438508033752441e-01
9.800000000000000000e+03 5.537045598030090332e-01 4.993041515350341797e+00 9.194898605346679688e+00 1.075756847858428955e-01 1.992230415344238281e-01 1.657676912145689130e-04 1.258056545257568359e+01 1.760985851287841797e-01 5.691968202590942383e-01 5.160515308380126953e+00 1.065131568908691406e+01 1.201348900794982910e-01 1.992230415344238281e-01 1.657676912145689130e-04 1.258056545257568359e+01 1.760985851287841797e-01
1.000000000000000000e+04 5.569136738777160645e-01 4.980734348297119141e+00 9.132921218872070312e+00 1.083265766501426697e-01 2.017659991979598999e-01 1.316010166192427278e-04 1.124627208709716797e+01 1.780396699905395508e-01 5.734057426452636719e-01 5.148614406585693359e+00 1.057982635498046875e+01 1.209942996501922607e-01 2.017659991979598999e-01 1.316010166192427278e-04 1.124627208709716797e+01 1.780396699905395508e-01
1.020000000000000000e+04 5.604447722434997559e-01 4.969573974609375000e+00 9.067845344543457031e+00 1.091401353478431702e-01 2.041904479265213013e-01 1.011522836051881313e-04 1.001429748535156250e+01 1.798801571130752563e-01 5.779736042022705078e-01 5.137945652008056641e+00 1.050465679168701172e+01 1.219242513179779053e-01 2.041904479265213013e-01 1.011522836051881313e-04 1.001429748535156250e+01 1.798801571130752563e-01
1.040000000000000000e+04 5.637589693069458008e-01 4.954422950744628906e+00 9.005767822265625000e+00 1.100112423300743103e-01 2.065109461545944214e-01 7.465459930244833231e-05 8.880340576171875000e+00 1.815736144781112671e-01 5.823301076889038086e-01 5.123033523559570312e+00 1.043241500854492188e+01 1.229184940457344055e-01 2.065109461545944214e-01 7.465459930244833231e-05 8.880340576171875000e+00 1.815736144781112671e-01
1.060000000000000000e+04 5.663509368896484375e-01 4.930620193481445312e+00 8.952208518981933594e+00 1.109367087483406067e-01 2.087303847074508667e-01 5.222871914156712592e-05 7.840038299560546875e+00 1.830921620130538940e-01 5.859332084655761719e-01 5.098840236663818359e+00 1.036914634704589844e+01 1.239728182554244995e-01 2.087303847074508667e-01 5.222871914156712592e-05 7.840038299560546875e+00 1.830921620130538940e-01
1.080000000000000000e+04 5.697106719017028809e-01 4.912614345550537109e+00 8.890253067016601562e+00 1.119144186377525330e-01 2.108397036790847778e-01 3.393667793716304004e-05 6.888992786407470703e+00 1.844162791967391968e-01 5.904107093811035156e-01 5.081139087677001953e+00 1.029638385772705078e+01 1.250836551189422607e-01 2.108397036790847778e-01 3.393667793716304004e-05 6.888992786407470703e+00 1.844162791967391968e-01
1.100000000000000000e+04 5.733149647712707520e-01 4.895443916320800781e+00 8.825797080993652344e+00 1.129431873559951782e-01 2.128219604492187500e-01 1.976717976504005492e-05 6.022745609283447266e+00 1.855352073907852173e-01 5.952056050300598145e-01 5.064567089080810547e+00 1.022054195404052734e+01 1.262481063604354858e-01 2.128219604492187500e-01 1.976717976504005492e-05 6.022745609283447266e+00 1.855352073907852173e-01
1.120000000000000000e+04 5.778653025627136230e-01 4.885947227478027344e+00 8.750848770141601562e+00 1.140234023332595825e-01 2.146514058113098145e-01 9.591763955540955067e-06 5.236952304840087891e+00 1.864392012357711792e-01 6.010845899581909180e-01 5.056539058685302734e+00 1.013292694091796875e+01 1.274646818637847900e-01 2.146514058113098145e-01 9.591763955540955067e-06 5.236952304840087891e+00 1.864392012357711792e-01
1.140000000000000000e+04 5.850256681442260742e-01 4.899760246276855469e+00 8.647277832031250000e+00 1.151570156216621399e-01 2.162844538688659668e-01 3.190624738635960966e-06 4.527281284332275391e+00 1.871238201856613159e-01 6.098644733428955078e-01 5.074065685272216797e+00 1.001368618011474609e+01 1.287329047918319702e-01 2.162844538688659668e-01 3.190624738635960966e-06 4.527281284332275391e+00 1.871238201856613159e-01
1.160000000000000000e+04 5.804918408393859863e-01 4.802017211914062500e+00 8.673140525817871094e+00 1.163486316800117493e-01 2.176831960678100586e-01 2.711349225137382746e-07 3.889416456222534180e+00 1.875782757997512817e-01 6.060404777526855469e-01 4.970469951629638672e+00 1.003577041625976562e+01 1.300548613071441650e-01 2.176831960678100586e-01 2.711349225137382746e-07 3.889416456222534180e+00 1.875782757997512817e-01
1.180000000000000000e+04 6.263932585716247559e-01 5.177959918975830078e+00 8.162704467773437500e+00 1.176132187247276306e-01 2.187127470970153809e-01 4.813557552552083507e-07 3.318921327590942383e+00 1.878443807363510132e-01 6.569083333015441895e-01 5.381049633026123047e+00 9.471394538879394531e+00 1.314426511526107788e-01 2.187127470970153809e-01 4.813557552552083507e-07 3.318921327590942383e+00 1.878443807363510132e-01
1.200000000000000000e+04 6.422828435897827148e-01 5.269624710083007812e+00 7.977838039398193359e+00 1.189621761441230774e-01 2.193850427865982056e-01 3.412395926716271788e-06 2.811830282211303711e+00 1.878646165132522583e-01 6.753668785095214844e-01 5.482934474945068359e+00 9.262543678283691406e+00 1.329046636819839478e-01 2.193850427865982056e-01 3.412395926716271788e-06 2.811830282211303711e+00 1.878646165132522583e-01
1.220000000000000000e+04 6.394230723381042480e-01 5.179998874664306641e+00 7.976378440856933594e+00 1.204055026173591614e-01 2.194723337888717651e-01 8.627830538898706436e-06 2.363907337188720703e+00 1.877241134643554688e-01 6.737851500511169434e-01 5.389369010925292969e+00 9.252935409545898438e+00 1.344434320926666260e-01 2.194723337888717651e-01 8.627830538898706436e-06 2.363907337188720703e+00 1.877241134643554688e-01
1.240000000000000000e+04 6.246739029884338379e-01 4.978629589080810547e+00 8.094828605651855469e+00 1.219791695475578308e-01 2.188752889633178711e-01 1.568642619531601667e-05 1.971230149269104004e+00 1.873990744352340698e-01 6.595461964607238770e-01 5.175202846527099609e+00 9.374275207519531250e+00 1.360902339220046997e-01 2.188752889633178711e-01 1.568642619531601667e-05 1.971230149269104004e+00 1.873990744352340698e-01
1.260000000000000000e+04 6.357027292251586914e-01 5.014404773712158203e+00 7.954545497894287109e+00 1.237196698784828186e-01 2.173815220594406128e-01 2.410334127489477396e-05 1.629371285438537598e+00 1.869707852602005005e-01 6.733616590499877930e-01 5.218271255493164062e+00 9.212227821350097656e+00 1.378714144229888916e-01 2.173815220594406128e-01 2.410334127489477396e-05 1.629371285438537598e+00 1.869707852602005005e-01
1.280000000000000000e+04 6.164253950119018555e-01 4.767938137054443359e+00 8.126563072204589844e+00 1.256581991910934448e-01 2.148654311895370483e-01 3.336685767862945795e-05 1.334251284599304199e+00 1.864321976900100708e-01 6.546679139137268066e-01 4.956362247467041016e+00 9.392040252685546875e+00 1.398021876811981201e-01 2.148654311895370483e-01 3.336685767862945795e-05 1.334251284599304199e+00 1.864321976900100708e-01
1.300000000000000000e+04 6.254747509956359863e-01 4.780705928802490234e+00 7.999948024749755859e+00 1.278227865695953369e-01 2.111040800809860229e-01 4.291283039492554963e-05 1.081835985183715820e+00 1.858158707618713379e-01 6.668238639831542969e-01 4.976207733154296875e+00 9.244304656982421875e+00 1.418834626674652100e-01 2.111040800809860229e-01 4.291283039492554963e-05 1.081835985183715820e+00 1.858158707618713379e-01
1.320000000000000000e+04 6.517831683158874512e-01 4.950273513793945312e+00 7.691286087036132812e+00 1.302333027124404907e-01 2.059617787599563599e-01 5.199464794714003801e-05 8.682172894477844238e-01 1.850626915693283081e-01 6.977456808090209961e-01 5.166173934936523438e+00 8.897618293762207031e+00 1.440930962562561035e-01 2.059617787599563599e-01 5.199464794714003801e-05 8.682172894477844238e-01 1.850626915693283081e-01
1.340000000000000000e+04 6.525067687034606934e-01 4.888818264007568359e+00 7.637257099151611328e+00 1.329046040773391724e-01 1.992363929748535156e-01 5.964985393802635372e-05 6.895775794982910156e-01 1.840360015630722046e-01 7.011505365371704102e-01 5.106868743896484375e+00 8.830430030822753906e+00 1.463781595230102539e-01 1.992363929748535156e-01 5.964985393802635372e-05 6.895775794982910156e-01 1.840360015630722046e-01
1.360000000000000000e+04 6.461128592491149902e-01 4.766564369201660156e+00 7.649241924285888672e+00 1.358707100152969360e-01 1.904199868440628052e-01 6.490945816040039062e-05 5.422998666763305664e-01 1.825603991746902466e-01 6.969453692436218262e-01 4.983145236968994141e+00 8.835210800170898438e+00 1.486677378416061401e-01 1.904199868440628052e-01 6.490945816040039062e-05 5.422998666763305664e-01 1.825603991746902466e-01
1.380000000000000000e+04 6.517199277877807617e-01 4.760014533996582031e+00 7.525856018066406250e+00 1.392421722412109375e-01 1.789497584104537964e-01 6.660303188255056739e-05 4.228194653987884521e-01 1.804967075586318970e-01 7.055708169937133789e-01 4.986032485961914062e+00 8.691356658935546875e+00 1.509211212396621704e-01 1.789497584104537964e-01 6.660303188255056739e-05 4.228194653987884521e-01 1.804967075586318970e-01
1.400000000000000000e+04 6.662377715110778809e-01 4.837869167327880859e+00 7.303125381469726562e+00 1.431889533996582031e-01 1.640744209289550781e-01 6.379252590704709291e-05 3.276495039463043213e-01 1.778264641761779785e-01 7.233344316482543945e-01 5.081915855407714844e+00 8.438100814819335938e+00 1.530887484550476074e-01 1.640744209289550781e-01 6.379252590704709291e-05 3.276495039463043213e-01 1.778264641761779785e-01
1.420000000000000000e+04 6.926787495613098145e-01 5.022582530975341797e+00 6.965401172637939453e+00 1.480092108249664307e-01 1.450760215520858765e-01 5.593116293312050402e-05 2.533240318298339844e-01 1.746882945299148560e-01 7.528446912765502930e-01 5.295619964599609375e+00 8.057903289794921875e+00 1.551642864942550659e-01 1.450760215520858765e-01 5.593116293312050402e-05 2.533240318298339844e-01 1.746882945299148560e-01
1.440000000000000000e+04 6.565293669700622559e-01 4.635023593902587891e+00 7.261303424835205078e+00 1.540888100862503052e-01 1.217392086982727051e-01 4.327594433561898768e-05 1.964069008827209473e-01 1.714524775743484497e-01 7.130470275878906250e-01 4.897558212280273438e+00 8.368846893310546875e+00 1.571524590253829956e-01 1.217392086982727051e-01 4.327594433561898768e-05 1.964069008827209473e-01 1.714524775743484497e-01
1.460000000000000000e+04 6.709867119789123535e-01 4.672326564788818359e+00 7.073418617248535156e+00 1.617589592933654785e-01 9.541633725166320801e-02 2.777294685074593872e-05 1.532666534185409546e-01 1.686767190694808960e-01 7.239378094673156738e-01 4.959897994995117188e+00 8.150954246520996094e+00 1.591113507747650146e-01 9.541633725166320801e-02 2.777294685074593872e-05 1.532666534185409546e-01 1.686767190694808960e-01
1.480000000000000000e+04 7.077509164810180664e-01 4.879948616027832031e+00 6.696137428283691406e+00 1.707315593957901001e-01 6.996694952249526978e-02 1.324046024819836020e-05 1.199131980538368225e-01 1.669522970914840698e-01 7.541995048522949219e-01 5.204565525054931641e+00 7.727699756622314453e+00 1.610497981309890747e-01 6.996694952249526978e-02 1.324046024819836020e-05 1.199131980538368225e-01 1.669522970914840698e-01
1.500000000000000000e+04 7.337517142295837402e-01 4.988560199737548828e+00 6.446250915527343750e+00 1.797965615987777710e-01 4.986540973186492920e-02 3.755325451493263245e-06 9.260680526494979858e-02 1.665048450231552124e-01 7.703561186790466309e-01 5.339449405670166016e+00 7.444708347320556641e+00 1.629670113325119019e-01 4.986540973186492920e-02 3.755325451493263245e-06 9.260680526494979858e-02 1.665048450231552124e-01
1.520000000000000000e+04 7.142722010612487793e-01 4.716067314147949219e+00 6.622813701629638672e+00 1.876331120729446411e-01 3.684391826391220093e-02 1.697335392236709595e-07 6.933690607547760010e-02 1.671818941831588745e-01 7.390547394752502441e-01 5.062100410461425781e+00 7.628595352172851562e+00 1.649129837751388550e-01 3.684391826391220093e-02 1.697335392236709595e-07 6.933690607547760010e-02 1.671818941831588745e-01
1.540000000000000000e+04 7.351568937301635742e-01 4.835846900939941406e+00 6.376125812530517578e+00 1.939515620470046997e-01 2.926194109022617340e-02 7.212204309325898066e-07 4.998433962464332581e-02 1.684402227401733398e-01 7.539737224578857422e-01 5.200207710266113281e+00 7.350098133087158203e+00 1.670281738042831421e-01 2.926194109022617340e-02 7.212204309325898066e-07 4.998433962464332581e-02 1.684402227401733398e-01
1.560000000000000000e+04 7.439383268356323242e-01 4.877905368804931641e+00 6.225434780120849609e+00 1.992515623569488525e-01 2.483230829238891602e-02 3.747936716536059976e-06 3.489637747406959534e-02 1.699213981628417969e-01 7.586681842803955078e-01 5.252517223358154297e+00 7.176552772521972656e+00 1.693937480449676514e-01 2.483230829238891602e-02 3.747936716536059976e-06 3.489637747406959534e-02 1.699213981628417969e-01
1.580000000000000000e+04 7.267339229583740234e-01 4.707730293273925781e+00 6.314366340637207031e+00 2.040827274322509766e-01 2.199368365108966827e-02 8.510579391440842301e-06 2.381929941475391388e-02 1.713774651288986206e-01 7.374914288520812988e-01 5.077675819396972656e+00 7.264179706573486328e+00 1.720458418130874634e-01 2.199368365108966827e-02 8.510579391440842301e-06 2.381929941475391388e-02 1.713774651288986206e-01
1.600000000000000000e+04 7.357714176177978516e-01 4.782139301300048828e+00 6.134468555450439453e+00 2.088298946619033813e-01 1.999810151755809784e-02 1.477101250202395022e-05 1.603487133979797363e-02 1.727164536714553833e-01 7.454141378402709961e-01 5.163256645202636719e+00 7.057587146759033203e+00 1.750538945198059082e-01 1.999810151755809784e-02 1.477101250202395022e-05 1.603487133979797363e-02 1.727164536714553833e-01
1.620000000000000000e+04 7.551146149635314941e-01 4.951907634735107422e+00 5.857447624206542969e+00 2.135408371686935425e-01 1.848732121288776398e-02 2.200664312113076448e-05 1.071193069219589233e-02 1.738828867673873901e-01 7.651814222335815430e-01 5.350435733795166016e+00 6.744150161743164062e+00 1.783372908830642700e-01 1.848732121288776398e-02 2.200664312113076448e-05 1.071193069219589233e-02 1.738828867673873901e-01
1.640000000000000000e+04 7.320022583007812500e-01 4.762867450714111328e+00 5.974514484405517578e+00 2.183434218168258667e-01 1.741461455821990967e-02 3.036899397557135671e-05 7.167889270931482315e-03 1.748541593551635742e-01 7.401520013809204102e-01 5.154534816741943359e+00 6.861990928649902344e+00 1.819302439689636230e-01 1.741461455821990967e-02 3.036899397557135671e-05 7.167889270931482315e-03 1.748541593551635742e-01
1.660000000000000000e+04 7.363262772560119629e-01 4.819918632507324219e+00 5.826126098632812500e+00 2.232382893562316895e-01 1.659267395734786987e-02 3.896004636771976948e-05 4.822295159101486206e-03 1.755934953689575195e-01 7.449056506156921387e-01 5.220893383026123047e+00 6.689541816711425781e+00 1.858376115560531616e-01 1.659267395734786987e-02 3.896004636771976948e-05 4.822295159101486206e-03 1.755934953689575195e-01
1.680000000000000000e+04 7.325986027717590332e-01 4.812329769134521484e+00 5.753426074981689453e+00 2.281117141246795654e-01 1.601272076368331909e-02 4.735142283607274294e-05 3.291885368525981903e-03 1.760533601045608521e-01 7.414716482162475586e-01 5.218311309814453125e+00 6.599799633026123047e+00 1.898316890001296997e-01 1.601272076368331909e-02 4.735142283607274294e-05 3.291885368525981903e-03 1.760533601045608521e-01
1.700000000000000000e+04 7.286241054534912109e-01 4.806320190429687500e+00 5.682737827301025391e+00 2.330644130706787109e-01 1.558726280927658081e-02 5.530528505914844573e-05 2.302567707374691963e-03 1.763780564069747925e-01 7.380632162094116211e-01 5.217136859893798828e+00 6.512430191040039062e+00 1.941393613815307617e-01 1.558726280927658081e-02 5.530528505914844573e-05 2.302567707374691963e-03 1.763780564069747925e-01
1.720000000000000000e+04 7.294099926948547363e-01 4.847197055816650391e+00 5.564480304718017578e+00 2.379754036664962769e-01 1.527875941246747971e-02 6.235350156202912331e-05 1.662469469010829926e-03 1.765442937612533569e-01 7.399218678474426270e-01 5.265695095062255859e+00 6.373518466949462891e+00 1.985228210687637329e-01 1.527875941246747971e-02 6.235350156202912331e-05 1.662469469010829926e-03 1.765442937612533569e-01
1.740000000000000000e+04 7.327716946601867676e-01 4.910602092742919922e+00 5.425951957702636719e+00 2.427771538496017456e-01 1.504881959408521652e-02 6.842092261649668217e-05 1.249544206075370312e-03 1.766376644372940063e-01 7.446885704994201660e-01 5.338087558746337891e+00 6.212858200073242188e+00 2.029106169939041138e-01 1.504881959408521652e-02 6.842092261649668217e-05 1.249544206075370312e-03 1.766376644372940063e-01
1.760000000000000000e+04 7.114016413688659668e-01 4.756334781646728516e+00 5.529746532440185547e+00 2.470376938581466675e-01 1.491033006459474564e-02 7.288536289706826210e-05 9.820538107305765152e-04 1.765955835580825806e-01 7.231443524360656738e-01 5.178078651428222656e+00 6.316739559173583984e+00 2.069107443094253540e-01 1.491033006459474564e-02 7.288536289706826210e-05 9.820538107305765152e-04 1.765955835580825806e-01
1.780000000000000000e+04 7.107487320899963379e-01 4.788506984710693359e+00 5.432139396667480469e+00 2.513378262519836426e-01 1.490046363323926926e-02 7.677894609514623880e-05 8.032289333641529083e-04 1.764016598463058472e-01 7.237719893455505371e-01 5.216590404510498047e+00 6.201952934265136719e+00 2.109611183404922485e-01 1.490046363323926926e-02 7.677894609514623880e-05 8.032289333641529083e-04 1.764016598463058472e-01
1.800000000000000000e+04 7.181962728500366211e-01 4.893342018127441406e+00 5.259031772613525391e+00 2.553866207599639893e-01 1.489376928657293320e-02 7.960387301864102483e-05 6.858059205114841461e-04 1.762350797653198242e-01 7.330589294433593750e-01 5.332448959350585938e+00 6.005505561828613281e+00 2.147895991802215576e-01 1.489376928657293320e-02 7.960387301864102483e-05 6.858059205114841461e-04 1.762350797653198242e-01
1.820000000000000000e+04 7.086387276649475098e-01 4.841807842254638672e+00 5.259818553924560547e+00 2.591002285480499268e-01 1.487015280872583389e-02 8.144377352437004447e-05 6.105693755671381950e-04 1.761466115713119507e-01 7.241578698158264160e-01 5.281276702880859375e+00 5.998624801635742188e+00 2.182831615209579468e-01 1.487015280872583389e-02 8.144377352437004447e-05 6.105693755671381950e-04 1.761466115713119507e-01
1.840000000000000000e+04 6.887556910514831543e-01 4.701750755310058594e+00 5.366106986999511719e+00 2.618187963962554932e-01 1.490156818181276321e-02 8.190054359147325158e-05 5.601879092864692211e-04 1.759777516126632690e-01 7.041143178939819336e-01 5.135026931762695312e+00 6.107370376586914062e+00 2.207613438367843628e-01 1.490156818181276321e-02 8.190054359147325158e-05 5.601879092864692211e-04 1.759777516126632690e-01
1.860000000000000000e+04 7.184493541717529297e-01 5.004721164703369141e+00 4.986173629760742188e+00 2.647898793220520020e-01 1.504829246550798416e-02 8.216832065954804420e-05 5.216012941673398018e-04 1.756810396909713745e-01 7.371701002120971680e-01 5.462069034576416016e+00 5.688130378723144531e+00 2.236201465129852295e-01 1.504829246550798416e-02 8.216832065954804420e-05 5.216012941673398018e-04 1.756810396909713745e-01
1.880000000000000000e+04 7.125190496444702148e-01 4.981178283691406250e+00 4.964631557464599609e+00 2.673764228820800781e-01 1.512419711798429489e-02 8.132332004606723785e-05 4.992806934751570225e-04 1.755311638116836548e-01 7.320813536643981934e-01 5.440460205078125000e+00 5.658539295196533203e+00 2.260769307613372803e-01 1.512419711798429489e-02 8.132332004606723785e-05 4.992806934751570225e-04 1.755311638116836548e-01
1.900000000000000000e+04 6.876279115676879883e-01 4.785086154937744141e+00 5.133748531341552734e+00 2.696909010410308838e-01 1.515679061412811279e-02 7.954431930556893349e-05 4.878398904111236334e-04 1.755123734474182129e-01 7.064748406410217285e-01 5.233548641204833984e+00 5.837093353271484375e+00 2.282415777444839478e-01 1.515679061412811279e-02 7.954431930556893349e-05 4.878398904111236334e-04 1.755123734474182129e-01
1.920000000000000000e+04 6.634063124656677246e-01 4.591035366058349609e+00 5.315535545349121094e+00 2.716030776500701904e-01 1.512883137911558151e-02 7.683745207032188773e-05 4.823786148335784674e-04 1.755467206239700317e-01 6.815308928489685059e-01 5.028649806976318359e+00 6.029141902923583984e+00 2.299879789352416992e-01 1.512883137911558151e-02 7.683745207032188773e-05 4.823786148335784674e-04 1.755467206239700317e-01
1.940000000000000000e+04 6.843367815017700195e-01 4.812493324279785156e+00 5.023709297180175781e+00 2.723892033100128174e-01 1.525401417165994644e-02 7.322771853068843484e-05 4.744521284010261297e-04 1.753202527761459351e-01 7.048983573913574219e-01 5.267941951751708984e+00 5.709047317504882812e+00 2.304767370223999023e-01 1.525401417165994644e-02 7.322771853068843484e-05 4.744521284010261297e-04 1.753202527761459351e-01
1.960000000000000000e+04 6.832438707351684570e-01 4.828856468200683594e+00 4.968842506408691406e+00 2.736178934574127197e-01 1.549076195806264877e-02 6.978447345318272710e-05 4.691491776611655951e-04 1.749315410852432251e-01 7.047277092933654785e-01 5.287854671478271484e+00 5.645701885223388672e+00 2.314668893814086914e-01 1.549076195806264877e-02 6.978447345318272710e-05 4.691491776611655951e-04 1.749315410852432251e-01
1.980000000000000000e+04 6.870250105857849121e-01 4.886290550231933594e+00 4.870390892028808594e+00 2.746766507625579834e-01 1.559539046138525009e-02 6.577285239472985268e-05 4.719626158475875854e-04 1.745998263359069824e-01 7.097115516662597656e-01 5.351528167724609375e+00 5.535622596740722656e+00 2.322704493999481201e-01 1.559539046138525009e-02 6.577285239472985268e-05 4.719626158475875854e-04 1.745998263359069824e-01
2.000000000000000000e+04 6.776697039604187012e-01 4.826056957244873047e+00 4.902395725250244141e+00 2.754559814929962158e-01 1.565973833203315735e-02 6.231585575733333826e-05 4.747014027088880539e-04 1.742437630891799927e-01 7.003779411315917969e-01 5.288598537445068359e+00 5.567839145660400391e+00 2.329091429710388184e-01 1.565973833203315735e-02 6.231585575733333826e-05 4.747014027088880539e-04 1.742437630891799927e-01
2.020000000000000000e+04 6.728196740150451660e-01 4.800447463989257812e+00 4.897390365600585938e+00 2.759688496589660645e-01 1.578511856496334076e-02 5.879850868950597942e-05 4.708031192421913147e-04 1.739946454763412476e-01 6.958214044570922852e-01 5.262415885925292969e+00 5.560274600982666016e+00 2.333151698112487793e-01 1.578511856496334076e-02 5.879850868950597942e-05 4.708031192421913147e-04 1.739946454763412476e-01
2.040000000000000000e+04 6.690847873687744141e-01 4.785910129547119141e+00 4.881828784942626953e+00 2.761844396591186523e-01 1.603073626756668091e-02 5.533365765586495399e-05 4.609229508787393570e-04 1.737965941429138184e-01 6.924362182617187500e-01 5.248006820678710938e+00 5.541366100311279297e+00 2.335049062967300415e-01 1.603073626756668091e-02 5.533365765586495399e-05 4.609229508787393570e-04 1.737965941429138184e-01
2.060000000000000000e+04 6.734522581100463867e-01 4.845695495605468750e+00 4.784857273101806641e+00 2.761698961257934570e-01 1.633329316973686218e-02 5.203591717872768641e-05 4.504995886236429214e-04 1.736165434122085571e-01 6.977300047874450684e-01 5.313182353973388672e+00 5.434423923492431641e+00 2.335247099399566650e-01 1.633329316973686218e-02 5.203591717872768641e-05 4.504995886236429214e-04 1.736165434122085571e-01
2.080000000000000000e+04 6.724784970283508301e-01 4.853508472442626953e+00 4.745977878570556641e+00 2.759537994861602783e-01 1.665707677602767944e-02 4.877285755355842412e-05 4.413967544678598642e-04 1.734258532524108887e-01 6.972702145576477051e-01 5.322641372680664062e+00 5.390430450439453125e+00 2.333846688270568848e-01 1.665707677602767944e-02 4.877285755355842412e-05 4.413967544678598642e-04 1.734258532524108887e-01
2.100000000000000000e+04 6.657104492187500000e-01 4.811402320861816406e+00 4.762623310089111328e+00 2.755734026432037354e-01 1.700877770781517029e-02 4.552532845991663635e-05 4.309602954890578985e-04 1.731820851564407349e-01 6.905171275138854980e-01 5.278478622436523438e+00 5.406706333160400391e+00 2.331337779760360718e-01 1.700877770781517029e-02 4.552532845991663635e-05 4.309602954890578985e-04 1.731820851564407349e-01
2.120000000000000000e+04 6.560780405998229980e-01 4.733758926391601562e+00 4.818092823028564453e+00 2.750854194164276123e-01 1.731844060122966766e-02 4.206740413792431355e-05 4.226068267598748207e-04 1.729745864868164062e-01 6.807103753089904785e-01 5.196223735809326172e+00 5.464940071105957031e+00 2.328386157751083374e-01 1.731844060122966766e-02 4.206740413792431355e-05 4.226068267598748207e-04 1.729745864868164062e-01
2.140000000000000000e+04 6.609479188919067383e-01 4.794380664825439453e+00 4.717666625976562500e+00 2.742539048194885254e-01 1.769899390637874603e-02 3.890054358635097742e-05 4.113897448405623436e-04 1.725579947233200073e-01 6.863760352134704590e-01 5.261988639831542969e+00 5.355095386505126953e+00 2.322308421134948730e-01 1.769899390637874603e-02 3.890054358635097742e-05 4.113897448405623436e-04 1.725579947233200073e-01
2.160000000000000000e+04 6.470527052879333496e-01 4.672087192535400391e+00 4.817584037780761719e+00 2.731887996196746826e-01 1.813235320150852203e-02 3.517558070598170161e-05 4.032291471958160400e-04 1.720603704452514648e-01 6.719664931297302246e-01 5.131929874420166016e+00 5.461854934692382812e+00 2.315414398908615112e-01 1.813235320150852203e-02 3.517558070598170161e-05 4.032291471958160400e-04 1.720603704452514648e-01
2.180000000000000000e+04 6.584292650222778320e-01 4.769248485565185547e+00 4.656725883483886719e+00 2.727884650230407715e-01 1.843523047864437103e-02 3.104542702203616500e-05 4.045324167236685753e-04 1.717171669006347656e-01 6.846659779548645020e-01 5.236941337585449219e+00 5.288125991821289062e+00 2.317160069942474365e-01 1.843523047864437103e-02 3.104542702203616500e-05 4.045324167236685753e-04 1.717171669006347656e-01
2.200000000000000000e+04 6.619598865509033203e-01 4.703165531158447266e+00 4.609140872955322266e+00 2.739035189151763916e-01 1.778305321931838989e-02 2.325413515791296959e-05 4.513906606007367373e-04 1.727303415536880493e-01 6.888735890388488770e-01 5.167508602142333984e+00 5.241060733795166016e+00 2.344381362199783325e-01 1.778305321931838989e-02 2.325413515791296959e-05 4.513906606007367373e-04 1.727303415536880493e-01
2.220000000000000000e+04 9.596531987190246582e-01 1.297527790069580078e+00 4.056873321533203125e+00 2.292294055223464966e-01 1.345305424183607101e-02 2.943554136436432600e-05 6.518711452372372150e-04 2.018047720193862915e-01 1.013309121131896973e+00 1.510292649269104004e+00 4.768927097320556641e+00 1.886506974697113037e-01 1.345305424183607101e-02 2.943554136436432600e-05 6.518711452372372150e-04 2.018047720193862915e-01
2.240000000000000000e+04 1.192277312278747559e+00 7.210832834243774414e-01 3.273856163024902344e+00 2.793189287185668945e-01 1.127891708165407181e-02 1.165644789580255747e-05 8.626710041426122189e-04 1.937410682439804077e-01 1.256423592567443848e+00 8.643893599510192871e-01 3.873285770416259766e+00 2.460124939680099487e-01 1.127891708165407181e-02 1.165644789580255747e-05 8.626710041426122189e-04 1.937410682439804077e-01
2.260000000000000000e+04 1.204436779022216797e+00 7.614766359329223633e-01 3.056207180023193359e+00 2.896419465541839600e-01 9.792641736567020416e-03 9.284144653065595776e-06 1.226458465680480003e-03 1.914133429527282715e-01 1.263876199722290039e+00 9.083659648895263672e-01 3.583563327789306641e+00 2.560073435306549072e-01 9.792641736567020416e-03 9.284144653065595776e-06 1.226458465680480003e-03 1.914133429527282715e-01
2.280000000000000000e+04 1.112329840660095215e+00 6.766288876533508301e-01 3.073346138000488281e+00 2.914487421512603760e-01 9.224302135407924652e-03 8.650255040265619755e-06 1.479007769376039505e-03 1.893141716718673706e-01 1.166140556335449219e+00 8.068702816963195801e-01 3.611322641372680664e+00 2.572380304336547852e-01 9.224302135407924652e-03 8.650255040265619755e-06 1.479007769376039505e-03 1.893141716718673706e-01
2.300000000000000000e+04 1.104550123214721680e+00 6.577712297439575195e-01 2.997791290283203125e+00 2.902820408344268799e-01 9.192454628646373749e-03 8.117382094496861100e-06 1.598852686583995819e-03 1.872133463621139526e-01 1.158018231391906738e+00 7.834666371345520020e-01 3.519335269927978516e+00 2.558317482471466064e-01 9.192454628646373749e-03 8.117382094496861100e-06 1.598852686583995819e-03 1.872133463621139526e-01
2.320000000000000000e+04 1.176859021186828613e+00 6.927492618560791016e-01 2.819325685501098633e+00 2.879906892776489258e-01 9.443931281566619873e-03 7.491416909033432603e-06 1.632123719900846481e-03 1.852559596300125122e-01 1.234514594078063965e+00 8.243291378021240234e-01 3.295185327529907227e+00 2.535396516323089600e-01 9.443931281566619873e-03 7.491416909033432603e-06 1.632123719900846481e-03 1.852559596300125122e-01
2.340000000000000000e+04 1.106619715690612793e+00 6.340693831443786621e-01 2.841342210769653320e+00 2.851996421813964844e-01 9.848471730947494507e-03 6.793279226258164272e-06 1.619664486497640610e-03 1.834804266691207886e-01 1.161610841751098633e+00 7.543284893035888672e-01 3.335153818130493164e+00 2.508255243301391602e-01 9.848471730947494507e-03 6.793279226258164272e-06 1.619664486497640610e-03 1.834804266691207886e-01
2.360000000000000000e+04 1.100478887557983398e+00 6.206653118133544922e-01 2.788636445999145508e+00 2.826834917068481445e-01 1.032654382288455963e-02 6.077448688301956281e-06 1.583332195878028870e-03 1.820506006479263306e-01 1.156157493591308594e+00 7.376065850257873535e-01 3.272359609603881836e+00 2.483801394701004028e-01 1.032654382288455963e-02 6.077448688301956281e-06 1.583332195878028870e-03 1.820506006479263306e-01
2.380000000000000000e+04 1.170055627822875977e+00 6.530227661132812500e-01 2.634865760803222656e+00 2.807178795337677002e-01 1.076955255120992661e-02 4.709272616310045123e-06 1.541115925647318363e-03 1.808664053678512573e-01 1.230391979217529297e+00 7.756077051162719727e-01 3.076920270919799805e+00 2.462484985589981079e-01 1.076955255120992661e-02 4.709272616310045123e-06 1.541115925647318363e-03 1.808664053678512573e-01
2.400000000000000000e+04 1.105499625205993652e+00 6.036830544471740723e-01 2.662228345870971680e+00 2.785235345363616943e-01 1.115279365330934525e-02 3.685426236188504845e-06 1.511458889581263065e-03 1.798874586820602417e-01 1.163527965545654297e+00 7.163982391357421875e-01 3.117416381835937500e+00 2.437608689069747925e-01 1.115279365330934525e-02 3.685426236188504845e-06 1.511458889581263065e-03 1.798874586820602417e-01
2.420000000000000000e+04 1.100355744361877441e+00 5.921726226806640625e-01 2.621793985366821289e+00 2.763426601886749268e-01 1.149959117174148560e-02 2.802862809403450228e-06 1.483852975070476532e-03 1.790462881326675415e-01 1.159091472625732422e+00 7.021225690841674805e-01 3.066282272338867188e+00 2.412562221288681030e-01 1.149959117174148560e-02 2.802862809403450228e-06 1.483852975070476532e-03 1.790462881326675415e-01
2.440000000000000000e+04 1.167769670486450195e+00 6.204966902732849121e-01 2.485212802886962891e+00 2.742364704608917236e-01 1.181937847286462784e-02 2.040909748757258058e-06 1.455045887269079685e-03 1.783246845006942749e-01 1.231166601181030273e+00 7.358106374740600586e-01 2.893347740173339844e+00 2.388146221637725830e-01 1.181937847286462784e-02 2.040909748757258058e-06 1.455045887269079685e-03 1.783246845006942749e-01
2.460000000000000000e+04 1.104389667510986328e+00 5.758253931999206543e-01 2.521019697189331055e+00 2.720227837562561035e-01 1.212091464549303055e-02 1.446206624677870423e-06 1.425224938429892063e-03 1.776985973119735718e-01 1.165314674377441406e+00 6.822894811630249023e-01 2.942223310470581055e+00 2.362027168273925781e-01 1.212091464549303055e-02 1.446206624677870423e-06 1.425224938429892063e-03 1.776985973119735718e-01
2.480000000000000000e+04 1.100172519683837891e+00 5.655120015144348145e-01 2.487744331359863281e+00 2.699174284934997559e-01 1.240215450525283813e-02 9.508823950454825535e-07 1.395000144839286804e-03 1.771791726350784302e-01 1.161801934242248535e+00 6.697263121604919434e-01 2.899876356124877930e+00 2.337034940719604492e-01 1.240215450525283813e-02 9.508823950454825535e-07 1.395000144839286804e-03 1.771791726350784302e-01
2.500000000000000000e+04 1.166508436203002930e+00 5.919211506843566895e-01 2.360839128494262695e+00 2.679268419742584229e-01 1.266409922391176224e-02 5.762703949585556984e-07 1.364535652101039886e-03 1.767274588346481323e-01 1.232759118080139160e+00 7.015125751495361328e-01 2.740137338638305664e+00 2.313162237405776978e-01 1.266409922391176224e-02 5.762703949585556984e-07 1.364535652101039886e-03 1.767274588346481323e-01
2.520000000000000000e+04 1.104785561561584473e+00 5.504929423332214355e-01 2.400854349136352539e+00 2.658821940422058105e-01 1.291005592793226242e-02 3.144523361697793007e-07 1.335522509180009365e-03 1.763411909341812134e-01 1.168430209159851074e+00 6.519914865493774414e-01 2.792844295501708984e+00 2.288248091936111450e-01 1.291005592793226242e-02 3.144523361697793007e-07 1.335522509180009365e-03 1.763411909341812134e-01
2.540000000000000000e+04 1.100094914436340332e+00 5.412123203277587891e-01 2.374180316925048828e+00 2.639564573764801025e-01 1.313697267323732376e-02 1.372720817016670480e-07 1.307648490183055401e-03 1.759969443082809448e-01 1.164317131042480469e+00 6.408483982086181641e-01 2.758489131927490234e+00 2.264372706413269043e-01 1.313697267323732376e-02 1.372720817016670480e-07 1.307648490183055401e-03 1.759969443082809448e-01
2.560000000000000000e+04 1.166197657585144043e+00 5.662086009979248047e-01 2.253883838653564453e+00 2.621859908103942871e-01 1.334762480109930038e-02 3.897093847626820207e-08 1.282389857806265354e-03 1.756850033998489380e-01 1.235032796859741211e+00 6.712024211883544922e-01 2.608114004135131836e+00 2.241938561201095581e-01 1.334762480109930038e-02 3.897093847626820207e-08 1.282389857806265354e-03 1.756850033998489380e-01
2.580000000000000000e+04 1.104011654853820801e+00 5.270797014236450195e-01 2.299258708953857422e+00 2.603936791419982910e-01 1.354685146361589432e-02 1.419039108441211283e-09 1.258865813724696636e-03 1.754061132669448853e-01 1.170025944709777832e+00 6.244460940361022949e-01 2.666414737701416016e+00 2.218785434961318970e-01 1.354685146361589432e-02 1.419039108441211283e-09 1.258865813724696636e-03 1.754061132669448853e-01
2.600000000000000000e+04 1.099759697914123535e+00 5.179978013038635254e-01 2.276680231094360352e+00 2.587354183197021484e-01 1.372922211885452271e-02 1.223816070705652237e-08 1.237571705132722855e-03 1.751490086317062378e-01 1.166241288185119629e+00 6.136624813079833984e-01 2.637367486953735352e+00 2.196978330612182617e-01 1.372922211885452271e-02 1.223816070705652237e-08 1.237571705132722855e-03 1.751490086317062378e-01
2.620000000000000000e+04 1.166122317314147949e+00 5.418768525123596191e-01 2.160420417785644531e+00 2.572231590747833252e-01 1.389397680759429932e-02 5.867696017958223820e-08 1.219787867739796638e-03 1.748984307050704956e-01 1.237203836441040039e+00 6.428791880607604980e-01 2.493077754974365234e+00 2.176630347967147827e-01 1.389397680759429932e-02 5.867696017958223820e-08 1.219787867739796638e-03 1.748984307050704956e-01
2.640000000000000000e+04 1.104362487792968750e+00 5.043732523918151855e-01 2.208981275558471680e+00 2.557011842727661133e-01 1.404436770826578140e-02 1.327171048615127802e-07 1.207826542668044567e-03 1.746636033058166504e-01 1.172463417053222656e+00 5.980684757232666016e-01 2.554358243942260742e+00 2.155797183513641357e-01 1.404436770826578140e-02 1.327171048615127802e-07 1.207826542668044567e-03 1.746636033058166504e-01
2.660000000000000000e+04 1.099773883819580078e+00 4.956965148448944092e-01 2.190587520599365234e+00 2.543155848979949951e-01 1.417478173971176147e-02 2.278286501677939668e-07 1.200149417854845524e-03 1.744161695241928101e-01 1.168193936347961426e+00 5.878133177757263184e-01 2.530380487442016602e+00 2.136246263980865479e-01 1.417478173971176147e-02 2.278286501677939668e-07 1.200149417854845524e-03 1.744161695241928101e-01
2.680000000000000000e+04 1.166637539863586426e+00 5.183593630790710449e-01 2.077279806137084961e+00 2.530783414840698242e-01 1.428709831088781357e-02 3.290572294645244256e-07 1.197375822812318802e-03 1.741470545530319214e-01 1.239671349525451660e+00 6.157267689704895020e-01 2.390683650970458984e+00 2.118219882249832153e-01 1.428709831088781357e-02 3.290572294645244256e-07 1.197375822812318802e-03 1.741470545530319214e-01
2.700000000000000000e+04 1.104955077171325684e+00 4.824499189853668213e-01 2.128729104995727539e+00 2.518236041069030762e-01 1.438215374946594238e-02 4.386768068798119202e-07 1.201868057250976562e-03 1.738633960485458374e-01 1.174798727035522461e+00 5.727729201316833496e-01 2.454634189605712891e+00 2.099588066339492798e-01 1.438215374946594238e-02 4.386768068798119202e-07 1.201868057250976562e-03 1.738633960485458374e-01
2.720000000000000000e+04 1.100597620010375977e+00 4.742054045200347900e-01 2.112879753112792969e+00 2.507041096687316895e-01 1.445762347429990768e-02 5.476758815348148346e-07 1.213002484291791916e-03 1.735446304082870483e-01 1.170641660690307617e+00 5.630591511726379395e-01 2.433723688125610352e+00 2.082332968711853027e-01 1.445762347429990768e-02 5.476758815348148346e-07 1.213002484291791916e-03 1.735446304082870483e-01
2.740000000000000000e+04 1.167865276336669922e+00 4.960612356662750244e-01 2.002134561538696289e+00 2.497095167636871338e-01 1.451308932155370712e-02 6.486336587840924039e-07 1.231004833243787289e-03 1.731701642274856567e-01 1.242507457733154297e+00 5.901027917861938477e-01 2.297955036163330078e+00 2.066278457641601562e-01 1.451308932155370712e-02 6.486336587840924039e-07 1.231004833243787289e-03 1.731701642274856567e-01
2.760000000000000000e+04 1.105244994163513184e+00 4.611442387104034424e-01 2.057749032974243164e+00 2.486915886402130127e-01 1.455197762697935104e-02 7.498456398025155067e-07 1.257377443835139275e-03 1.727596968412399292e-01 1.176418662071228027e+00 5.482361316680908203e-01 2.365996599197387695e+00 2.049619853496551514e-01 1.455197762697935104e-02 7.498456398025155067e-07 1.257377443835139275e-03 1.727596968412399292e-01
2.780000000000000000e+04 1.102266907691955566e+00 4.533180296421051025e-01 2.041903495788574219e+00 2.478019148111343384e-01 1.457015890628099442e-02 8.408117082581156865e-07 1.291284570470452309e-03 1.722764223814010620e-01 1.173577308654785156e+00 5.390651822090148926e-01 2.345341682434082031e+00 2.034228891134262085e-01 1.457015890628099442e-02 8.408117082581156865e-07 1.291284570470452309e-03 1.722764223814010620e-01
2.800000000000000000e+04 1.169106841087341309e+00 4.738790094852447510e-01 1.934228539466857910e+00 2.470382004976272583e-01 1.456872094422578812e-02 9.113146006711758673e-07 1.332457177340984344e-03 1.717124432325363159e-01 1.244888663291931152e+00 5.646058917045593262e-01 2.214072227478027344e+00 2.020127475261688232e-01 1.456872094422578812e-02 9.113146006711758673e-07 1.332457177340984344e-03 1.717124432325363159e-01
2.820000000000000000e+04 1.107784032821655273e+00 4.409155547618865967e-01 1.989770293235778809e+00 2.462269216775894165e-01 1.454999297857284546e-02 9.874966053757816553e-07 1.382915885187685490e-03 1.710830777883529663e-01 1.179994583129882812e+00 5.250141024589538574e-01 2.281394004821777344e+00 2.005189061164855957e-01 1.454999297857284546e-02 9.874966053757816553e-07 1.382915885187685490e-03 1.710830777883529663e-01
2.840000000000000000e+04 1.104050159454345703e+00 4.329082071781158447e-01 1.977715730667114258e+00 2.455289363861083984e-01 1.451039034873247147e-02 1.049080310622230172e-06 1.441834494471549988e-03 1.703497767448425293e-01 1.176174283027648926e+00 5.155715346336364746e-01 2.265209913253784180e+00 1.991365551948547363e-01 1.451039034873247147e-02 1.049080310622230172e-06 1.441834494471549988e-03 1.703497767448425293e-01
2.860000000000000000e+04 1.171779394149780273e+00 4.530668854713439941e-01 1.871407032012939453e+00 2.449491769075393677e-01 1.445091515779495239e-02 1.084539690054953098e-06 1.507457345724105835e-03 1.694970875978469849e-01 1.248280048370361328e+00 5.406764745712280273e-01 2.136305332183837891e+00 1.978761702775955200e-01 1.445091515779495239e-02 1.084539690054953098e-06 1.507457345724105835e-03 1.694970875978469849e-01
2.880000000000000000e+04 1.109756946563720703e+00 4.208424687385559082e-01 1.929115295410156250e+00 2.443141192197799683e-01 1.437580678611993790e-02 1.127666337197297253e-06 1.583635807037353516e-03 1.685380935668945312e-01 1.182400226593017578e+00 5.019040703773498535e-01 2.205883979797363281e+00 1.965312808752059937e-01 1.437580678611993790e-02 1.127666337197297253e-06 1.583635807037353516e-03 1.685380935668945312e-01
2.900000000000000000e+04 1.106445789337158203e+00 4.133009910583496094e-01 1.917917013168334961e+00 2.437640279531478882e-01 1.428590249270200729e-02 1.143928102464997210e-06 1.666048890911042690e-03 1.674401164054870605e-01 1.178853034973144531e+00 4.929873347282409668e-01 2.191032409667968750e+00 1.952771693468093872e-01 1.428590249270200729e-02 1.143928102464997210e-06 1.666048890911042690e-03 1.674401164054870605e-01
2.920000000000000000e+04 1.174184560775756836e+00 4.329723715782165527e-01 1.812581896781921387e+00 2.433194965124130249e-01 1.419034134596586227e-02 1.128679286921396852e-06 1.747680362313985825e-03 1.661796867847442627e-01 1.250855684280395508e+00 5.175253152847290039e-01 2.064297199249267578e+00 1.941439807415008545e-01 1.419034134596586227e-02 1.128679286921396852e-06 1.747680362313985825e-03 1.661796867847442627e-01
2.940000000000000000e+04 1.113067626953125000e+00 4.018581807613372803e-01 1.870733141899108887e+00 2.427815496921539307e-01 1.410215068608522415e-02 1.115546410801471211e-06 1.821482903324067593e-03 1.647935211658477783e-01 1.185712337493896484e+00 4.799990057945251465e-01 2.134362697601318359e+00 1.928988993167877197e-01 1.410215068608522415e-02 1.115546410801471211e-06 1.821482903324067593e-03 1.647935211658477783e-01
2.960000000000000000e+04 1.109668731689453125e+00 3.945831060409545898e-01 1.860932111740112305e+00 2.423216998577117920e-01 1.402075681835412979e-02 1.072654413292184472e-06 1.879406976513564587e-03 1.632759571075439453e-01 1.181912183761596680e+00 4.713521599769592285e-01 2.121740102767944336e+00 1.917510926723480225e-01 1.402075681835412979e-02 1.072654413292184472e-06 1.879406976513564587e-03 1.632759571075439453e-01
2.980000000000000000e+04 1.176988363265991211e+00 4.133556783199310303e-01 1.757680773735046387e+00 2.419256120920181274e-01 1.394877582788467407e-02 1.008455910778138787e-06 1.918303896673023701e-03 1.616526544094085693e-01 1.253394126892089844e+00 4.947933256626129150e-01 1.998678565025329590e+00 1.906858384609222412e-01 1.394877582788467407e-02 1.008455910778138787e-06 1.918303896673023701e-03 1.616526544094085693e-01
3.000000000000000000e+04 1.115793824195861816e+00 3.834028244018554688e-01 1.816966772079467773e+00 2.414356768131256104e-01 1.388990227133035660e-02 9.630102795199491084e-07 1.938237692229449749e-03 1.599783301353454590e-01 1.188053846359252930e+00 4.585625529289245605e-01 2.070343971252441406e+00 1.895213723182678223e-01 1.388990227133035660e-02 9.630102795199491084e-07 1.938237692229449749e-03 1.599783301353454590e-01
3.020000000000000000e+04 1.111748933792114258e+00 3.767228126525878906e-01 1.808936834335327148e+00 2.409875988960266113e-01 1.384326908737421036e-02 8.968063411884941161e-07 1.938069821335375309e-03 1.582709997892379761e-01 1.183579444885253906e+00 4.505313932895660400e-01 2.060488700866699219e+00 1.884290277957916260e-01 1.384326908737421036e-02 8.968063411884941161e-07 1.938069821335375309e-03 1.582709997892379761e-01
3.040000000000000000e+04 1.179476976394653320e+00 3.952404260635375977e-01 1.705310940742492676e+00 2.406100332736968994e-01 1.380637753754854202e-02 8.225479177781380713e-07 1.919139525853097439e-03 1.565358340740203857e-01 1.255585670471191406e+00 4.736987352371215820e-01 1.938392639160156250e+00 1.874340176582336426e-01 1.380637753754854202e-02 8.225479177781380713e-07 1.919139525853097439e-03 1.565358340740203857e-01
3.060000000000000000e+04 1.116988301277160645e+00 3.661364614963531494e-01 1.767771601676940918e+00 2.401363104581832886e-01 1.378246396780014038e-02 7.597882358822971582e-07 1.887021935544908047e-03 1.548274904489517212e-01 1.188901305198669434e+00 4.383413791656494141e-01 2.013895988464355469e+00 1.863428354263305664e-01 1.378246396780014038e-02 7.597882358822971582e-07 1.887021935544908047e-03 1.548274904489517212e-01
3.080000000000000000e+04 1.113381981849670410e+00 3.598187267780303955e-01 1.759518861770629883e+00 2.397051304578781128e-01 1.376601029187440872e-02 6.995187504799105227e-07 1.843200414441525936e-03 1.531206965446472168e-01 1.184986591339111328e+00 4.307210445404052734e-01 2.004629373550415039e+00 1.853130906820297241e-01 1.376601029187440872e-02 6.995187504799105227e-07 1.843200414441525936e-03 1.531206965446472168e-01
3.100000000000000000e+04 1.181619167327880859e+00 3.783574998378753662e-01 1.656204462051391602e+00 2.393699586391448975e-01 1.375490706413984299e-02 6.167758783703902736e-07 1.791649498045444489e-03 1.514211297035217285e-01 1.257761359214782715e+00 4.538713693618774414e-01 1.883966565132141113e+00 1.844092309474945068e-01 1.375490706413984299e-02 6.167758783703902736e-07 1.791649498045444489e-03 1.514211297035217285e-01
3.120000000000000000e+04 1.118747472763061523e+00 3.505974113941192627e-01 1.718475580215454102e+00 2.389501929283142090e-01 1.374872867017984390e-02 5.604533726000227034e-07 1.738761202432215214e-03 1.497587263584136963e-01 1.190825223922729492e+00 4.200552999973297119e-01 1.959517002105712891e+00 1.834106594324111938e-01 1.374872867017984390e-02 5.604533726000227034e-07 1.738761202432215214e-03 1.497587263584136963e-01
3.140000000000000000e+04 1.114723682403564453e+00 3.448406755924224854e-01 1.711041569709777832e+00 2.385926842689514160e-01 1.374297123402357101e-02 4.953508323524147272e-07 1.687761978246271610e-03 1.481000036001205444e-01 1.186656951904296875e+00 4.130600094795227051e-01 1.951780200004577637e+00 1.824873685836791992e-01 1.374297123402357101e-02 4.953508323524147272e-07 1.687761978246271610e-03 1.481000036001205444e-01
3.160000000000000000e+04 1.181510210037231445e+00 3.625356853008270264e-01 1.609919190406799316e+00 2.383296042680740356e-01 1.373626291751861572e-02 4.367839210317470133e-07 1.641538110561668873e-03 1.464464962482452393e-01 1.258092761039733887e+00 4.351432323455810547e-01 1.834759473800659180e+00 1.816702485084533691e-01 1.373626291751861572e-02 4.367839210317470133e-07 1.641538110561668873e-03 1.464464962482452393e-01
3.180000000000000000e+04 1.117781400680541992e+00 3.359578549861907959e-01 1.674844980239868164e+00 2.379590421915054321e-01 1.373165380209684372e-02 3.854447641060687602e-07 1.606182660907506943e-03 1.448102444410324097e-01 1.190451145172119141e+00 4.026274085044860840e-01 1.913375496864318848e+00 1.807280778884887695e-01 1.373165380209684372e-02 3.854447641060687602e-07 1.606182660907506943e-03 1.448102444410324097e-01
3.200000000000000000e+04 1.114769220352172852e+00 3.303493559360504150e-01 1.665999889373779297e+00 2.376541495323181152e-01 1.372525561600923538e-02 3.317982191219925880e-07 1.582118100486695766e-03 1.431550532579421997e-01 1.187590837478637695e+00 3.958077132701873779e-01 1.904808044433593750e+00 1.798599660396575928e-01 1.372525561600923538e-02 3.317982191219925880e-07 1.582118100486695766e-03 1.431550532579421997e-01
3.220000000000000000e+04 1.181037425994873047e+00 3.484434187412261963e-01 1.565725922584533691e+00 2.374403923749923706e-01 1.371687743812799454e-02 2.746221525740111247e-07 1.571665867231786251e-03 1.414792388677597046e-01 1.258801221847534180e+00 4.183201491832733154e-01 1.789739251136779785e+00 1.792052090167999268e-01 1.371687743812799454e-02 2.746221525740111247e-07 1.571665867231786251e-03 1.414792388677597046e-01
3.240000000000000000e+04 1.116917729377746582e+00 3.224293589591979980e-01 1.631320118904113770e+00 2.371300905942916870e-01 1.370755303651094437e-02 2.388844677625456825e-07 1.580146257765591145e-03 1.398050785064697266e-01 1.190937161445617676e+00 3.864269256591796875e-01 1.869370698928833008e+00 1.785690486431121826e-01 1.370755303651094437e-02 2.388844677625456825e-07 1.580146257765591145e-03 1.398050785064697266e-01
3.260000000000000000e+04 1.111706256866455078e+00 3.172593414783477783e-01 1.626319885253906250e+00 2.368700653314590454e-01 1.369541417807340622e-02 2.043416316155344248e-07 1.604654244147241116e-03 1.380934119224548340e-01 1.185988187789916992e+00 3.800024390220642090e-01 1.865613460540771484e+00 1.780027151107788086e-01 1.369541417807340622e-02 2.043416316155344248e-07 1.604654244147241116e-03 1.380934119224548340e-01
3.280000000000000000e+04 1.179488658905029297e+00 3.351149559020996094e-01 1.524204611778259277e+00 2.366758286952972412e-01 1.368057355284690857e-02 1.709142907202476636e-07 1.650979625992476940e-03 1.363359242677688599e-01 1.259054899215698242e+00 4.022884070873260498e-01 1.749454021453857422e+00 1.775234192609786987e-01 1.368057355284690857e-02 1.709142907202476636e-07 1.650979625992476940e-03 1.363359242677688599e-01
3.300000000000000000e+04 1.114047288894653320e+00 3.095375001430511475e-01 1.591555953025817871e+00 2.363817244768142700e-01 1.366613153368234634e-02 1.525133939139777794e-07 1.720991334877908230e-03 1.345697492361068726e-01 1.189997792243957520e+00 3.708781301975250244e-01 1.831205725669860840e+00 1.769490391016006470e-01 1.366613153368234634e-02 1.525133939139777794e-07 1.720991334877908230e-03 1.345697492361068726e-01
3.320000000000000000e+04 1.109130144119262695e+00 3.048106729984283447e-01 1.585952281951904297e+00 2.361336052417755127e-01 1.365047227591276169e-02 1.316768702963599935e-07 1.811402733437716961e-03 1.327553242444992065e-01 1.185595035552978516e+00 3.650008440017700195e-01 1.827089667320251465e+00 1.764412671327590942e-01 1.365047227591276169e-02 1.316768702963599935e-07 1.811402733437716961e-03 1.327553242444992065e-01
3.340000000000000000e+04 1.175925493240356445e+00 3.218368887901306152e-01 1.484905004501342773e+00 2.359475791454315186e-01 1.363081391900777817e-02 1.185262590297497809e-07 1.925829797983169556e-03 1.308852285146713257e-01 1.257823467254638672e+00 3.863139450550079346e-01 1.712799668312072754e+00 1.760053187608718872e-01 1.363081391900777817e-02 1.185262590297497809e-07 1.925829797983169556e-03 1.308852285146713257e-01
3.360000000000000000e+04 1.110918641090393066e+00 2.972415983676910400e-01 1.552753806114196777e+00 2.356789708137512207e-01 1.361072342842817307e-02 1.101434463635087013e-07 2.065374981611967087e-03 1.289989501237869263e-01 1.189387798309326172e+00 3.560807406902313232e-01 1.794585227966308594e+00 1.754854023456573486e-01 1.361072342842817307e-02 1.101434463635087013e-07 2.065374981611967087e-03 1.289989501237869263e-01
3.380000000000000000e+04 1.105388760566711426e+00 2.923474609851837158e-01 1.548822879791259766e+00 2.354695349931716919e-01 1.358575746417045593e-02 1.082526068785227835e-07 2.228849567472934723e-03 1.270468086004257202e-01 1.184444308280944824e+00 3.500326275825500488e-01 1.792164564132690430e+00 1.750181764364242554e-01 1.358575746417045593e-02 1.082526068785227835e-07 2.228849567472934723e-03 1.270468086004257202e-01
3.400000000000000000e+04 1.172917246818542480e+00 3.093507885932922363e-01 1.447098255157470703e+00 2.353728860616683960e-01 1.355537306517362595e-02 1.045200406224466860e-07 2.415393479168415070e-03 1.250316351652145386e-01 1.257630705833435059e+00 3.713742792606353760e-01 1.677090406417846680e+00 1.746575534343719482e-01 1.355537306517362595e-02 1.045200406224466860e-07 2.415393479168415070e-03 1.250316351652145386e-01
3.420000000000000000e+04 1.107194304466247559e+00 2.850234210491180420e-01 1.516373157501220703e+00 2.352139502763748169e-01 1.352033484727144241e-02 1.114131009671837091e-07 2.628760412335395813e-03 1.229780539870262146e-01 1.188470363616943359e+00 3.414628505706787109e-01 1.759806990623474121e+00 1.741997897624969482e-01 1.352033484727144241e-02 1.114131009671837091e-07 2.628760412335395813e-03 1.229780539870262146e-01
3.440000000000000000e+04 1.102176308631896973e+00 2.803488373756408691e-01 1.511922478675842285e+00 2.351579815149307251e-01 1.347792614251375198e-02 1.201735813083359972e-07 2.864616224542260170e-03 1.208526119589805603e-01 1.184137225151062012e+00 3.357124030590057373e-01 1.756402611732482910e+00 1.738957911729812622e-01 1.347792614251375198e-02 1.201735813083359972e-07 2.864616224542260170e-03 1.208526119589805603e-01
3.460000000000000000e+04 1.170196056365966797e+00 2.959523499011993408e-01 1.411390900611877441e+00 2.353224158287048340e-01 1.343102287501096725e-02 1.422633886249968782e-07 3.095728112384676933e-03 1.188709214329719543e-01 1.257986783981323242e+00 3.554963767528533936e-01 1.641814589500427246e+00 1.737460941076278687e-01 1.343102287501096725e-02 1.422633886249968782e-07 3.095728112384676933e-03 1.188709214329719543e-01
3.480000000000000000e+04 1.100549221038818359e+00 2.718504071235656738e-01 1.487863659858703613e+00 2.356512695550918579e-01 1.334927696734666824e-02 1.558837539050728083e-07 3.361632116138935089e-03 1.167211458086967468e-01 1.184587001800537109e+00 3.257230520248413086e-01 1.731014728546142578e+00 1.736251711845397949e-01 1.334927696734666824e-02 1.558837539050728083e-07 3.361632116138935089e-03 1.167211458086967468e-01
3.500000000000000000e+04 1.104340076446533203e+00 2.667630016803741455e-01 1.468444108963012695e+00 2.360464781522750854e-01 1.325092464685440063e-02 2.017632141360081732e-07 3.662460483610630035e-03 1.144418790936470032e-01 1.189517498016357422e+00 3.199508190155029297e-01 1.710697770118713379e+00 1.734912097454071045e-01 1.325092464685440063e-02 2.017632141360081732e-07 3.662460483610630035e-03 1.144418790936470032e-01
3.520000000000000000e+04 1.168824076652526855e+00 2.829786241054534912e-01 1.376653909683227539e+00 2.364475876092910767e-01 1.314960047602653503e-02 2.117360509146237746e-07 3.982675727456808090e-03 1.121052503585815430e-01 1.259542942047119141e+00 3.401022255420684814e-01 1.605756282806396484e+00 1.733182966709136963e-01 1.314960047602653503e-02 2.117360509146237746e-07 3.982675727456808090e-03 1.121052503585815430e-01
3.540000000000000000e+04 1.104798436164855957e+00 2.584799230098724365e-01 1.441991806030273438e+00 2.369477450847625732e-01 1.303842663764953613e-02 2.686576863197842613e-07 4.341156221926212311e-03 1.096559390425682068e-01 1.191924095153808594e+00 3.101493418216705322e-01 1.683171987533569336e+00 1.731753498315811157e-01 1.303842663764953613e-02 2.686576863197842613e-07 4.341156221926212311e-03 1.096559390425682068e-01
3.560000000000000000e+04 1.102034091949462891e+00 2.536505758762359619e-01 1.434861779212951660e+00 2.374348789453506470e-01 1.291864458471536636e-02 3.209024725947529078e-07 4.726877436041831970e-03 1.071066036820411682e-01 1.189826607704162598e+00 3.042808771133422852e-01 1.676182508468627930e+00 1.729471385478973389e-01 1.291864458471536636e-02 3.209024725947529078e-07 4.726877436041831970e-03 1.071066036820411682e-01
3.580000000000000000e+04 1.167706012725830078e+00 2.697710692882537842e-01 1.343579173088073730e+00 2.380067557096481323e-01 1.279070507735013962e-02 3.451132215559482574e-07 5.134751554578542709e-03 1.044697985053062439e-01 1.261069774627685547e+00 3.242458701133728027e-01 1.571957707405090332e+00 1.727510243654251099e-01 1.279070507735013962e-02 3.451132215559482574e-07 5.134751554578542709e-03 1.044697985053062439e-01
3.600000000000000000e+04 1.093765258789062500e+00 2.465045303106307983e-01 1.424651622772216797e+00 2.387925088405609131e-01 1.265291403979063034e-02 3.973773345933295786e-07 5.578860640525817871e-03 1.017210111021995544e-01 1.182783961296081543e+00 2.952233254909515381e-01 1.666154742240905762e+00 1.727233529090881348e-01 1.265291403979063034e-02 3.973773345933295786e-07 5.578860640525817871e-03 1.017210111021995544e-01
3.620000000000000000e+04 1.097928881645202637e+00 2.416792809963226318e-01 1.405549526214599609e+00 2.395045906305313110e-01 1.249805744737386703e-02 5.047922968515194952e-07 6.055628415197134018e-03 9.884568303823471069e-02 1.187884688377380371e+00 2.896430492401123047e-01 1.646247267723083496e+00 1.725159883499145508e-01 1.249805744737386703e-02 5.047922968515194952e-07 6.055628415197134018e-03 9.884568303823471069e-02
3.640000000000000000e+04 1.164921879768371582e+00 2.575372755527496338e-01 1.310317993164062500e+00 2.403846085071563721e-01 1.233326923102140427e-02 5.676156433764845133e-07 6.541447248309850693e-03 9.590493887662887573e-02 1.260313153266906738e+00 3.093038499355316162e-01 1.538143634796142578e+00 1.724414080381393433e-01 1.233326923102140427e-02 5.676156433764845133e-07 6.541447248309850693e-03 9.590493887662887573e-02
3.660000000000000000e+04 1.093586087226867676e+00 2.351339310407638550e-01 1.389122724533081055e+00 2.412986755371093750e-01 1.215503644198179245e-02 6.710988600389100611e-07 7.047289516776800156e-03 9.290131926536560059e-02 1.184620022773742676e+00 2.813190221786499023e-01 1.629538297653198242e+00 1.723343729972839355e-01 1.215503644198179245e-02 6.710988600389100611e-07 7.047289516776800156e-03 9.290131926536560059e-02
3.680000000000000000e+04 1.101737618446350098e+00 2.311954945325851440e-01 1.363148450851440430e+00 2.423000633716583252e-01 1.195759791880846024e-02 8.338304269273066893e-07 7.558697368949651718e-03 8.982167392969131470e-02 1.193732023239135742e+00 2.768540382385253906e-01 1.602159261703491211e+00 1.722432374954223633e-01 1.195759791880846024e-02 8.338304269273066893e-07 7.558697368949651718e-03 8.982167392969131470e-02
3.700000000000000000e+04 1.102137327194213867e+00 2.259514480829238892e-01 1.353477597236633301e+00 2.430801838636398315e-01 1.174582820385694504e-02 1.014210283756256104e-06 8.022280409932136536e-03 8.688583970069885254e-02 1.194384336471557617e+00 2.702653110027313232e-01 1.592820405960083008e+00 1.719025373458862305e-01 1.174582820385694504e-02 1.014210283756256104e-06 8.022280409932136536e-03 8.688583970069885254e-02
3.720000000000000000e+04 1.161706089973449707e+00 2.418373227119445801e-01 1.268251538276672363e+00 2.442973107099533081e-01 1.152445655316114426e-02 1.108506694436073303e-06 8.469441905617713928e-03 8.378056436777114868e-02 1.258887052536010742e+00 2.895878255367279053e-01 1.495492696762084961e+00 1.720402091741561890e-01 1.152445655316114426e-02 1.108506694436073303e-06 8.469441905617713928e-03 8.378056436777114868e-02
3.740000000000000000e+04 1.098763823509216309e+00 2.215649783611297607e-01 1.336118936538696289e+00 2.452843636274337769e-01 1.128856558352708817e-02 1.287935447180643678e-06 8.867557160556316376e-03 8.082369714975357056e-02 1.191874265670776367e+00 2.643066048622131348e-01 1.574581027030944824e+00 1.718931943178176880e-01 1.128856558352708817e-02 1.287935447180643678e-06 8.867557160556316376e-03 8.082369714975357056e-02
3.760000000000000000e+04 1.092359900474548340e+00 2.180408686399459839e-01 1.337887883186340332e+00 2.463407516479492188e-01 1.103875320404767990e-02 1.464614797441754490e-06 9.178812615573406219e-03 7.798890024423599243e-02 1.185321331024169922e+00 2.594476640224456787e-01 1.577089548110961914e+00 1.717843860387802124e-01 1.103875320404767990e-02 1.464614797441754490e-06 9.178812615573406219e-03 7.798890024423599243e-02
3.780000000000000000e+04 1.162218332290649414e+00 2.325226962566375732e-01 1.238437652587890625e+00 2.474890351295471191e-01 1.077633257955312729e-02 1.661239707573258784e-06 9.397925809025764465e-03 7.527691125869750977e-02 1.260273337364196777e+00 2.773819267749786377e-01 1.464894056320190430e+00 1.717398017644882202e-01 1.077633257955312729e-02 1.661239707573258784e-06 9.397925809025764465e-03 7.527691125869750977e-02
3.800000000000000000e+04 1.096439480781555176e+00 2.122516930103302002e-01 1.310669422149658203e+00 2.485284507274627686e-01 1.050883252173662186e-02 1.849435648182407022e-06 9.525571018457412720e-03 7.275226712226867676e-02 1.190089821815490723e+00 2.520432770252227783e-01 1.548303246498107910e+00 1.715653389692306519e-01 1.050883252173662186e-02 1.849435648182407022e-06 9.525571018457412720e-03 7.275226712226867676e-02
3.820000000000000000e+04 1.095795035362243652e+00 2.092334777116775513e-01 1.302252054214477539e+00 2.496935725212097168e-01 1.023598480969667435e-02 2.028666358455666341e-06 9.559107944369316101e-03 7.037183642387390137e-02 1.189499855041503906e+00 2.481273263692855835e-01 1.539528965950012207e+00 1.715121418237686157e-01 1.023598480969667435e-02 2.028666358455666341e-06 9.559107944369316101e-03 7.037183642387390137e-02
3.840000000000000000e+04 1.160533428192138672e+00 2.223999947309494019e-01 1.210625410079956055e+00 2.507945299148559570e-01 9.958563372492790222e-03 2.220446049250313081e-06 9.511800482869148254e-03 6.816265732049942017e-02 1.258902430534362793e+00 2.643168568611145020e-01 1.435931444168090820e+00 1.713793873786926270e-01 9.958563372492790222e-03 2.220446049250313081e-06 9.511800482869148254e-03 6.816265732049942017e-02
3.860000000000000000e+04 1.097869753837585449e+00 2.035785317420959473e-01 1.280514955520629883e+00 2.518855631351470947e-01 9.685468859970569611e-03 2.379516672590398230e-06 9.375751018524169922e-03 6.620176881551742554e-02 1.192087888717651367e+00 2.408444285392761230e-01 1.516089200973510742e+00 1.712635755538940430e-01 9.685468859970569611e-03 2.379516672590398230e-06 9.375751018524169922e-03 6.620176881551742554e-02
3.880000000000000000e+04 1.092984795570373535e+00 2.005124986171722412e-01 1.280725121498107910e+00 2.530443668365478516e-01 9.408237412571907043e-03 2.500168193364515901e-06 9.185758419334888458e-03 6.432826071977615356e-02 1.187015175819396973e+00 2.367437928915023804e-01 1.516176462173461914e+00 1.711849570274353027e-01 9.408237412571907043e-03 2.500168193364515901e-06 9.185758419334888458e-03 6.432826071977615356e-02
3.900000000000000000e+04 1.159361124038696289e+00 2.128690779209136963e-01 1.184409379959106445e+00 2.542973458766937256e-01 9.133162908256053925e-03 2.645474751261644997e-06 8.960478939116001129e-03 6.254816800355911255e-02 1.258100867271423340e+00 2.521832585334777832e-01 1.407588362693786621e+00 1.711919605731964111e-01 9.133162908256053925e-03 2.645474751261644997e-06 8.960478939116001129e-03 6.254816800355911255e-02
3.920000000000000000e+04 1.106524944305419922e+00 1.951886117458343506e-01 1.240048646926879883e+00 2.552351057529449463e-01 8.867961354553699493e-03 2.810851583490148187e-06 8.710560388863086700e-03 6.094129011034965515e-02 1.201740741729736328e+00 2.305066734552383423e-01 1.471914768218994141e+00 1.708619743585586548e-01 8.867961354553699493e-03 2.810851583490148187e-06 8.710560388863086700e-03 6.094129011034965515e-02
3.940000000000000000e+04 1.083114266395568848e+00 1.934621930122375488e-01 1.274346947669982910e+00 2.562817037105560303e-01 8.618327789008617401e-03 2.793291287161991931e-06 8.415464311838150024e-03 5.943526327610015869e-02 1.177040576934814453e+00 2.270589768886566162e-01 1.508832097053527832e+00 1.707045733928680420e-01 8.618327789008617401e-03 2.793291287161991931e-06 8.415464311838150024e-03 5.943526327610015869e-02
3.960000000000000000e+04 1.165217638015747070e+00 2.074937075376510620e-01 1.158151507377624512e+00 2.575502097606658936e-01 8.376403711736202240e-03 2.886501761167892255e-06 8.111361414194107056e-03 5.796622112393379211e-02 1.265134334564208984e+00 2.451786845922470093e-01 1.378120899200439453e+00 1.707746088504791260e-01 8.376403711736202240e-03 2.886501761167892255e-06 8.111361414194107056e-03 5.796622112393379211e-02
3.980000000000000000e+04 1.097663879394531250e+00 1.876716762781143188e-01 1.230170607566833496e+00 2.586095631122589111e-01 8.147927001118659973e-03 2.996080183947924525e-06 7.809145376086235046e-03 5.662943422794342041e-02 1.192968130111694336e+00 2.207165956497192383e-01 1.460878610610961914e+00 1.706175804138183594e-01 8.147927001118659973e-03 2.996080183947924525e-06 7.809145376086235046e-03 5.662943422794342041e-02
4.000000000000000000e+04 1.093346118927001953e+00 1.850319504737854004e-01 1.230079770088195801e+00 2.597037255764007568e-01 7.931738160550594330e-03 3.049136466870550066e-06 7.497465237975120544e-03 5.537576973438262939e-02 1.188618063926696777e+00 2.172427773475646973e-01 1.460689902305603027e+00 1.704999953508377075e-01 7.931738160550594330e-03 3.049136466870550066e-06 7.497465237975120544e-03 5.537576973438262939e-02
4.020000000000000000e+04 1.169876337051391602e+00 2.013182491064071655e-01 1.135717868804931641e+00 2.608019709587097168e-01 7.729100063443183899e-03 2.987832203871221282e-06 7.175320293754339218e-03 5.421205237507820129e-02 1.271009564399719238e+00 2.373422831296920776e-01 1.352969408035278320e+00 1.704038977622985840e-01 7.729100063443183899e-03 2.987832203871221282e-06 7.175320293754339218e-03 5.421205237507820129e-02
4.040000000000000000e+04 1.091963410377502441e+00 1.802688986063003540e-01 1.216873049736022949e+00 2.619114220142364502e-01 7.535478100180625916e-03 3.090910695391357876e-06 6.887130904942750931e-03 5.308178067207336426e-02 1.187734246253967285e+00 2.112777382135391235e-01 1.446177959442138672e+00 1.703417897224426270e-01 7.535478100180625916e-03 3.090910695391357876e-06 6.887130904942750931e-03 5.308178067207336426e-02
4.060000000000000000e+04 1.164274454116821289e+00 1.940477788448333740e-01 1.121084690093994141e+00 2.629313766956329346e-01 7.352405693382024765e-03 3.197442310920450836e-06 6.595241371542215347e-03 5.204301699995994568e-02 1.265593290328979492e+00 2.285049855709075928e-01 1.337730050086975098e+00 1.701824218034744263e-01 7.352405693382024765e-03 3.197442310920450836e-06 6.595241371542215347e-03 5.204301699995994568e-02
4.080000000000000000e+04 1.091992974281311035e+00 1.753411889076232910e-01 1.202174901962280273e+00 2.639440894126892090e-01 7.183238863945007324e-03 3.190624738635960966e-06 6.309369113296270370e-03 5.104726180434226990e-02 1.188541531562805176e+00 2.051734477281570435e-01 1.430073499679565430e+00 1.700474172830581665e-01 7.183238863945007324e-03 3.190624738635960966e-06 6.309369113296270370e-03 5.104726180434226990e-02
4.100000000000000000e+04 1.092394232749938965e+00 1.727698147296905518e-01 1.193720459938049316e+00 2.651115953922271729e-01 7.020754739642143250e-03 3.240216983613208868e-06 6.038423161953687668e-03 5.005921050906181335e-02 1.189283370971679688e+00 2.021680772304534912e-01 1.420900464057922363e+00 1.700465083122253418e-01 7.020754739642143250e-03 3.240216983613208868e-06 6.038423161953687668e-03 5.005921050906181335e-02
4.120000000000000000e+04 1.161753535270690918e+00 1.868679374456405640e-01 1.100434541702270508e+00 2.662750780582427979e-01 6.867279764264822006e-03 3.228211426176130772e-06 5.774872843176126480e-03 4.912771657109260559e-02 1.264057874679565430e+00 2.196729779243469238e-01 1.315192580223083496e+00 1.700330525636672974e-01 6.867279764264822006e-03 3.228211426176130772e-06 5.774872843176126480e-03 4.912771657109260559e-02
4.140000000000000000e+04 1.095144391059875488e+00 1.692930012941360474e-01 1.173319697380065918e+00 2.673441171646118164e-01 6.723416503518819809e-03 3.259127879573497921e-06 5.534784868359565735e-03 4.823115840554237366e-02 1.193139195442199707e+00 1.980218142271041870e-01 1.398246169090270996e+00 1.699068099260330200e-01 6.723416503518819809e-03 3.259127879573497921e-06 5.534784868359565735e-03 4.823115840554237366e-02
4.160000000000000000e+04 1.087365984916687012e+00 1.671596169471740723e-01 1.180470228195190430e+00 2.684650421142578125e-01 6.588601972907781601e-03 3.235069016227498651e-06 5.300071556121110916e-03 4.735551401972770691e-02 1.185234785079956055e+00 1.950593888759613037e-01 1.405862092971801758e+00 1.698417663574218750e-01 6.588601972907781601e-03 3.235069016227498651e-06 5.300071556121110916e-03 4.735551401972770691e-02
4.180000000000000000e+04 1.167947888374328613e+00 1.835042387247085571e-01 1.081631422042846680e+00 2.696206271648406982e-01 6.461264099925756454e-03 3.185516334269777872e-06 5.076420959085226059e-03 4.651750251650810242e-02 1.272084951400756836e+00 2.153455018997192383e-01 1.293212532997131348e+00 1.698214411735534668e-01 6.461264099925756454e-03 3.185516334269777872e-06 5.076420959085226059e-03 4.651750251650810242e-02
4.200000000000000000e+04 1.086519360542297363e+00 1.638596504926681519e-01 1.167416453361511230e+00 2.706291377544403076e-01 6.342002656310796738e-03 3.223073008484789170e-06 4.878618288785219193e-03 4.569064453244209290e-02 1.185293078422546387e+00 1.909565031528472900e-01 1.391174316406250000e+00 1.696551144123077393e-01 6.342002656310796738e-03 3.223073008484789170e-06 4.878618288785219193e-03 4.569064453244209290e-02
4.220000000000000000e+04 1.084172368049621582e+00 1.610359698534011841e-01 1.165580511093139648e+00 2.717517614364624023e-01 6.229195278137922287e-03 3.279820703028235584e-06 4.683179780840873718e-03 4.487726092338562012e-02 1.183148980140686035e+00 1.874640434980392456e-01 1.389241695404052734e+00 1.696223765611648560e-01 6.229195278137922287e-03 3.279820703028235584e-06 4.683179780840873718e-03 4.487726092338562012e-02
4.240000000000000000e+04 1.158468842506408691e+00 1.745463907718658447e-01 1.062674522399902344e+00 2.729505896568298340e-01 6.121671292930841446e-03 3.295383294243947603e-06 4.496083594858646393e-03 4.406057298183441162e-02 1.263183116912841797e+00 2.045409232378005981e-01 1.273290753364562988e+00 1.696816235780715942e-01 6.121671292930841446e-03 3.295383294243947603e-06 4.496083594858646393e-03 4.406057298183441162e-02
4.260000000000000000e+04 1.093313694000244141e+00 1.575007885694503784e-01 1.134700775146484375e+00 2.739427387714385986e-01 6.021575536578893661e-03 3.314454261271748692e-06 4.324081819504499435e-03 4.329979047179222107e-02 1.193844318389892578e+00 1.836365908384323120e-01 1.355272531509399414e+00 1.695353388786315918e-01 6.021575536578893661e-03 3.314454261271748692e-06 4.324081819504499435e-03 4.329979047179222107e-02
4.280000000000000000e+04 1.087081909179687500e+00 1.559251993894577026e-01 1.139249444007873535e+00 2.750030159950256348e-01 5.927240941673517227e-03 3.302311824882053770e-06 4.156664479523897171e-03 4.254484549164772034e-02 1.187643885612487793e+00 1.814571768045425415e-01 1.359907388687133789e+00 1.694743782281875610e-01 5.927240941673517227e-03 3.302311824882053770e-06 4.156664479523897171e-03 4.254484549164772034e-02
4.300000000000000000e+04 1.157596349716186523e+00 1.691498458385467529e-01 1.045249104499816895e+00 2.761382460594177246e-01 5.837257951498031616e-03 3.300579010101500899e-06 3.997856751084327698e-03 4.179010912775993347e-02 1.263652443885803223e+00 1.979387998580932617e-01 1.253604412078857422e+00 1.694981455802917480e-01 5.837257951498031616e-03 3.300579010101500899e-06 3.997856751084327698e-03 4.179010912775993347e-02
4.320000000000000000e+04 1.091345667839050293e+00 1.527175605297088623e-01 1.118078947067260742e+00 2.771405577659606934e-01 5.754725541919469833e-03 3.298846650068298914e-06 3.852079622447490692e-03 4.106125235557556152e-02 1.193097233772277832e+00 1.777864396572113037e-01 1.336360573768615723e+00 1.694050282239913940e-01 5.754725541919469833e-03 3.298846650068298914e-06 3.852079622447490692e-03 4.106125235557556152e-02
4.340000000000000000e+04 1.086864590644836426e+00 1.510251909494400024e-01 1.119812011718750000e+00 2.781706750392913818e-01 5.677018780261278152e-03 3.293652298452798277e-06 3.714122809469699860e-03 4.034130275249481201e-02 1.188737511634826660e+00 1.755647510290145874e-01 1.337957620620727539e+00 1.693578213453292847e-01 5.677018780261278152e-03 3.293652298452798277e-06 3.714122809469699860e-03 4.034130275249481201e-02
4.360000000000000000e+04 1.157207965850830078e+00 1.645952165126800537e-01 1.028331518173217773e+00 2.792286276817321777e-01 5.604819860309362411e-03 3.269466105848550797e-06 3.578681498765945435e-03 3.963777795433998108e-02 1.264612674713134766e+00 1.923505067825317383e-01 1.234279155731201172e+00 1.693635135889053345e-01 5.604819860309362411e-03 3.269466105848550797e-06 3.578681498765945435e-03 3.963777795433998108e-02
4.380000000000000000e+04 1.089047789573669434e+00 1.476878225803375244e-01 1.103315711021423340e+00 2.802126109600067139e-01 5.539787933230400085e-03 3.253964905525208451e-06 3.454494522884488106e-03 3.894082084298133850e-02 1.191935777664184570e+00 1.716308742761611938e-01 1.319521307945251465e+00 1.693379580974578857e-01 5.539787933230400085e-03 3.253964905525208451e-06 3.454494522884488106e-03 3.894082084298133850e-02
4.400000000000000000e+04 1.088495850563049316e+00 1.464785635471343994e-01 1.097863793373107910e+00 2.811965346336364746e-01 5.478929262608289719e-03 3.247087306590401568e-06 3.336465684697031975e-03 3.827056661248207092e-02 1.191831111907958984e+00 1.701509803533554077e-01 1.313248872756958008e+00 1.693495959043502808e-01 5.478929262608289719e-03 3.247087306590401568e-06 3.336465684697031975e-03 3.827056661248207092e-02
4.420000000000000000e+04 1.151317834854125977e+00 1.589122414588928223e-01 1.012184739112854004e+00 2.822121381759643555e-01 5.421320442110300064e-03 3.238500539737287909e-06 3.224819200113415718e-03 3.760797902941703796e-02 1.259573698043823242e+00 1.854832470417022705e-01 1.216558933258056641e+00 1.693983674049377441e-01 5.421320442110300064e-03 3.238500539737287909e-06 3.224819200113415718e-03 3.760797902941703796e-02
4.440000000000000000e+04 1.088827848434448242e+00 1.430256664752960205e-01 1.086077094078063965e+00 2.829721868038177490e-01 5.371002946048974991e-03 3.204267159162554890e-06 3.115285886451601982e-03 3.699023276567459106e-02 1.193095564842224121e+00 1.659554243087768555e-01 1.299864292144775391e+00 1.692413091659545898e-01 5.371002946048974991e-03 3.204267159162554890e-06 3.115285886451601982e-03 3.699023276567459106e-02
4.460000000000000000e+04 1.083591938018798828e+00 1.415758579969406128e-01 1.089812159538269043e+00 2.838320434093475342e-01 5.323303397744894028e-03 3.180412022629752755e-06 3.013714449480175972e-03 3.635323420166969299e-02 1.187920808792114258e+00 1.640023440122604370e-01 1.303594827651977539e+00 1.692033261060714722e-01 5.323303397744894028e-03 3.180412022629752755e-06 3.013714449480175972e-03 3.635323420166969299e-02
4.480000000000000000e+04 1.154229521751403809e+00 1.544350534677505493e-01 9.982530474662780762e-01 2.847527563571929932e-01 5.277946591377258301e-03 3.163427209074143320e-06 2.914650598540902138e-03 3.571149706840515137e-02 1.264059662818908691e+00 1.799481958150863647e-01 1.200032591819763184e+00 1.692511588335037231e-01 5.277946591377258301e-03 3.163427209074143320e-06 2.914650598540902138e-03 3.571149706840515137e-02
4.500000000000000000e+04 1.088140487670898438e+00 1.386636346578598022e-01 1.070211768150329590e+00 2.855180799961090088e-01 5.237717647105455399e-03 3.148179757772595622e-06 2.824941417202353477e-03 3.509744629263877869e-02 1.193657875061035156e+00 1.607091873884201050e-01 1.281654357910156250e+00 1.691807508468627930e-01 5.237717647105455399e-03 3.148179757772595622e-06 2.824941417202353477e-03 3.509744629263877869e-02
4.500000000000000000e+04 1.088140487670898438e+00 1.386636346578598022e-01 1.070211768150329590e+00 2.855180799961090088e-01 5.237717647105455399e-03 3.148179757772595622e-06 2.824941417202353477e-03 3.509744629263877869e-02 1.193657875061035156e+00 1.607091873884201050e-01 1.281654357910156250e+00 1.691807508468627930e-01 5.237717647105455399e-03 3.148179757772595622e-06 2.824941417202353477e-03 3.509744629263877869e-02
4.506600000000000000e+04 1.125418305397033691e+00 1.379676908254623413e-01 1.017280697822570801e+00 2.855468690395355225e-01 5.237734410911798477e-03 3.148179757772595622e-06 2.824941417202353477e-03 3.509744629263877869e-02 1.232240200042724609e+00 1.603238433599472046e-01 1.225776195526123047e+00 1.692100912332534790e-01 5.237734410911798477e-03 3.148179757772595622e-06 2.824941417202353477e-03 3.509744629263877869e-02
