# step, loss_train, loss_test, metrics_test
0.000000000000000000e+00 1.354918349534273148e-03 4.508383572101593018e-03 3.588124084472656250e+02 6.890661269426345825e-02 2.066406250000000000e+00 4.444444775581359863e-01 1.000000000000000000e+02 1.000000000000000000e+02 1.614039647392928600e-03 6.211637984961271286e-03 3.568328247070312500e+02 6.919142603874206543e-02 2.066406250000000000e+00 4.444444775581359863e-01 1.000000000000000000e+02 1.000000000000000000e+02
2.000000000000000000e+02 3.217271063476800919e-03 9.882521815598011017e-03 1.330366058349609375e+02 7.011441886425018311e-02 2.038774251937866211e+00 4.378921091556549072e-01 9.911808776855468750e+01 9.950004577636718750e+01 3.558893688023090363e-03 1.113613229244947433e-02 1.322395935058593750e+02 7.039508223533630371e-02 2.038774251937866211e+00 4.378921091556549072e-01 9.911808776855468750e+01 9.950004577636718750e+01
4.000000000000000000e+02 4.553882870823144913e-03 1.207193545997142792e-02 1.322881469726562500e+02 7.056649029254913330e-02 2.040873289108276367e+00 4.216537177562713623e-01 9.911761474609375000e+01 9.947806549072265625e+01 5.008547101169824600e-03 1.363913528621196747e-02 1.314887084960937500e+02 7.084652036428451538e-02 2.040873289108276367e+00 4.216537177562713623e-01 9.911761474609375000e+01 9.947806549072265625e+01
6.000000000000000000e+02 7.166645955294370651e-03 1.571560837328433990e-02 1.312132720947265625e+02 7.128314673900604248e-02 2.043944358825683594e+00 4.031713902950286865e-01 9.911672210693359375e+01 9.944932556152343750e+01 7.832605391740798950e-03 1.792119443416595459e-02 1.304085693359375000e+02 7.156254351139068604e-02 2.043944358825683594e+00 4.031713902950286865e-01 9.911672210693359375e+01 9.944932556152343750e+01
8.000000000000000000e+02 1.227597426623106003e-02 2.161978743970394135e-02 1.298108978271484375e+02 7.236232608556747437e-02 2.048120975494384766e+00 3.838622868061065674e-01 9.911563873291015625e+01 9.941535949707031250e+01 1.334012858569622040e-02 2.521387487649917603e-02 1.289961853027343750e+02 7.264134287834167480e-02 2.048120975494384766e+00 3.838622868061065674e-01 9.911563873291015625e+01 9.941535949707031250e+01
1.000000000000000000e+03 2.253860235214233398e-02 3.128868713974952698e-02 1.280265350341796875e+02 7.397174835205078125e-02 2.053644657135009766e+00 3.645247817039489746e-01 9.911432647705078125e+01 9.937751770019531250e+01 2.442532777786254883e-02 3.855987638235092163e-02 1.271937103271484375e+02 7.425123453140258789e-02 2.053644657135009766e+00 3.645247817039489746e-01 9.911432647705078125e+01 9.937751770019531250e+01
1.200000000000000000e+03 4.375379160046577454e-02 4.752118885517120361e-02 1.257730407714843750e+02 7.638761401176452637e-02 2.060851573944091797e+00 3.457177877426147461e-01 9.911279296875000000e+01 9.933730316162109375e+01 4.777560383081436157e-02 6.836564093828201294e-02 1.249115829467773438e+02 7.666934281587600708e-02 2.060851573944091797e+00 3.457177877426147461e-01 9.911279296875000000e+01 9.933730316162109375e+01
1.400000000000000000e+03 8.820099383592605591e-02 7.958574593067169189e-02 1.229816970825195312e+02 8.005966991186141968e-02 2.070131301879882812e+00 3.249068558216094971e-01 9.911104583740234375e+01 9.929641723632812500e+01 1.031685099005699158e-01 1.987381577491760254e-01 1.221718826293945312e+02 8.034706115722656250e-02 2.070131301879882812e+00 3.249068558216094971e-01 9.911104583740234375e+01 9.929641723632812500e+01
1.600000000000000000e+03 1.809610277414321899e-01 1.299309134483337402e-01 1.195395812988281250e+02 8.569407463073730469e-02 2.081774234771728516e+00 3.032869696617126465e-01 9.910903167724609375e+01 9.925653076171875000e+01 6.901508808135986328e+00 7.310018920898437500e+01 2.827950439453125000e+02 8.599279075860977173e-02 2.081774234771728516e+00 3.032869696617126465e-01 9.910903167724609375e+01 9.925653076171875000e+01
1.800000000000000000e+03 3.700841367244720459e-01 2.202840447425842285e-01 1.153352890014648438e+02 9.443480521440505981e-02 2.095867156982421875e+00 2.827489078044891357e-01 9.910677337646484375e+01 9.921911621093750000e+01 4.030231833457946777e-01 4.480080008506774902e-01 1.154251556396484375e+02 9.475250542163848877e-02 2.095867156982421875e+00 2.827489078044891357e-01 9.910677337646484375e+01 9.921911621093750000e+01
2.000000000000000000e+03 7.322101593017578125e-01 3.962100446224212646e-01 1.104259262084960938e+02 1.079460605978965759e-01 2.111678600311279297e+00 2.631473541259765625e-01 9.910472106933593750e+01 9.918319702148437500e+01 7.559907436370849609e-01 4.474488198757171631e-01 1.100023803710937500e+02 1.082882806658744812e-01 2.111678600311279297e+00 2.631473541259765625e-01 9.910472106933593750e+01 9.918319702148437500e+01
2.200000000000000000e+03 1.340666532516479492e+00 7.322803735733032227e-01 1.054370880126953125e+02 1.279982030391693115e-01 2.126512765884399414e+00 2.441868633031845093e-01 9.910584259033203125e+01 9.913960266113281250e+01 1.361956834793090820e+00 6.473503112792968750e-01 1.047545318603515625e+02 1.283526867628097534e-01 2.126512765884399414e+00 2.441868633031845093e-01 9.910584259033203125e+01 9.913960266113281250e+01
2.400000000000000000e+03 2.185491085052490234e+00 1.052491545677185059e+00 1.006762542724609375e+02 1.569930464029312134e-01 2.137497425079345703e+00 2.257460802793502808e-01 9.911315155029296875e+01 9.908258056640625000e+01 2.220753669738769531e+00 9.828562140464782715e-01 1.000740127563476562e+02 1.573132723569869995e-01 2.137497425079345703e+00 2.257460802793502808e-01 9.911315155029296875e+01 9.908258056640625000e+01
2.600000000000000000e+03 3.216720819473266602e+00 1.397048473358154297e+00 9.579889678955078125e+01 1.999814808368682861e-01 2.143980741500854492e+00 2.080851048231124878e-01 9.912209320068359375e+01 9.902155303955078125e+01 3.278181552886962891e+00 1.462510824203491211e+00 9.554848480224609375e+01 2.001777589321136475e-01 2.143980741500854492e+00 2.080851048231124878e-01 9.912209320068359375e+01 9.902155303955078125e+01
2.800000000000000000e+03 4.268755912780761719e+00 1.786946177482604980e+00 9.103356170654296875e+01 2.624631226062774658e-01 2.144183635711669922e+00 1.911876052618026733e-01 9.913166809082031250e+01 9.895463562011718750e+01 4.366862297058105469e+00 2.113446235656738281e+00 9.144039154052734375e+01 2.623675763607025146e-01 2.144183635711669922e+00 1.911876052618026733e-01 9.913166809082031250e+01 9.895463562011718750e+01
3.000000000000000000e+03 5.164934635162353516e+00 2.202022552490234375e+00 8.657052612304687500e+01 3.506593704223632812e-01 2.137367963790893555e+00 1.750263273715972900e-01 9.914170837402343750e+01 9.887790679931640625e+01 5.314027786254882812e+00 2.977843046188354492e+00 8.808736419677734375e+01 3.499974906444549561e-01 2.137367963790893555e+00 1.750263273715972900e-01 9.914170837402343750e+01 9.887790679931640625e+01
3.200000000000000000e+03 5.828279495239257812e+00 2.622484445571899414e+00 8.247824096679687500e+01 4.711307883262634277e-01 2.124001026153564453e+00 1.595825701951980591e-01 9.915223693847656250e+01 9.878652954101562500e+01 6.051239013671875000e+00 4.134886264801025391e+00 8.578087615966796875e+01 4.694995880126953125e-01 2.124001026153564453e+00 1.595825701951980591e-01 9.915223693847656250e+01 9.878652954101562500e+01
3.400000000000000000e+03 6.285657882690429688e+00 3.038872718811035156e+00 7.872042846679687500e+01 6.302763819694519043e-01 2.105141401290893555e+00 1.448549181222915649e-01 9.916323089599609375e+01 9.867568206787109375e+01 6.618794441223144531e+00 5.716357231140136719e+00 8.479818725585937500e+01 6.271336078643798828e-01 2.105141401290893555e+00 1.448549181222915649e-01 9.916323089599609375e+01 9.867568206787109375e+01
3.600000000000000000e+03 6.597453594207763672e+00 3.445879936218261719e+00 7.524214172363281250e+01 8.334458470344543457e-01 2.081714868545532227e+00 1.308472156524658203e-01 9.917472076416015625e+01 9.854050445556640625e+01 7.095927715301513672e+00 7.914851665496826172e+00 8.551935577392578125e+01 8.281124234199523926e-01 2.081714868545532227e+00 1.308472156524658203e-01 9.917472076416015625e+01 9.854050445556640625e+01
3.800000000000000000e+03 6.809289455413818359e+00 3.836188316345214844e+00 7.201033782958984375e+01 1.083497881889343262e+00 2.054246187210083008e+00 1.175695434212684631e-01 9.918680572509765625e+01 9.837601470947265625e+01 7.552747726440429688e+00 1.098537826538085938e+01 8.848162078857421875e+01 1.075178503990173340e+00 2.054246187210083008e+00 1.175695434212684631e-01 9.918680572509765625e+01 9.837601470947265625e+01
4.000000000000000000e+03 6.954836845397949219e+00 4.204886913299560547e+00 6.899504852294921875e+01 1.380370974540710449e+00 2.023246765136718750e+00 1.050544008612632751e-01 9.919949340820312500e+01 9.817853546142578125e+01 8.040489196777343750e+00 1.511192131042480469e+01 9.405139923095703125e+01 1.368193626403808594e+00 2.023246765136718750e+00 1.050544008612632751e-01 9.919949340820312500e+01 9.817853546142578125e+01
4.200000000000000000e+03 7.048505783081054688e+00 4.542533397674560547e+00 6.618754577636718750e+01 1.719314098358154297e+00 1.989054441452026367e+00 9.332524240016937256e-02 9.921286773681640625e+01 9.794500732421875000e+01 8.590605735778808594e+00 2.046980094909667969e+01 1.026089935302734375e+02 1.702392458915710449e+00 1.989054441452026367e+00 9.332524240016937256e-02 9.921286773681640625e+01 9.794500732421875000e+01
4.400000000000000000e+03 7.101199150085449219e+00 4.843333721160888672e+00 6.357921600341796875e+01 2.090889930725097656e+00 1.952081918716430664e+00 8.240034431219100952e-02 9.922696685791015625e+01 9.767414855957031250e+01 9.165205955505371094e+00 2.652525329589843750e+01 1.129426269531250000e+02 2.068402290344238281e+00 1.952081918716430664e+00 8.240034431219100952e-02 9.922696685791015625e+01 9.767414855957031250e+01
4.600000000000000000e+03 7.120934009552001953e+00 5.101479053497314453e+00 6.116054534912109375e+01 2.481322765350341797e+00 1.912792563438415527e+00 7.228479534387588501e-02 9.924189758300781250e+01 9.736680603027343750e+01 9.702090263366699219e+00 3.250857925415039062e+01 1.233460083007812500e+02 2.452592849731445312e+00 1.912792563438415527e+00 7.228479534387588501e-02 9.924189758300781250e+01 9.736680603027343750e+01
4.800000000000000000e+03 7.115012645721435547e+00 5.315606117248535156e+00 5.891642761230468750e+01 2.874154567718505859e+00 1.871712446212768555e+00 6.297403573989868164e-02 9.925772857666015625e+01 9.702630615234375000e+01 1.004608917236328125e+01 3.665233993530273438e+01 1.298983459472656250e+02 2.838726282119750977e+00 1.871712446212768555e+00 6.297403573989868164e-02 9.925772857666015625e+01 9.702630615234375000e+01
5.000000000000000000e+03 7.088440895080566406e+00 5.484984397888183594e+00 5.683206939697265625e+01 3.252045869827270508e+00 1.829347729682922363e+00 5.445419996976852417e-02 9.927458190917968750e+01 9.665779113769531250e+01 1.010656166076660156e+01 3.791106796264648438e+01 1.302943572998046875e+02 3.209737539291381836e+00 1.829347729682922363e+00 5.445419996976852417e-02 9.927458190917968750e+01 9.665779113769531250e+01
5.200000000000000000e+03 7.045525074005126953e+00 5.611059665679931641e+00 5.489017486572265625e+01 3.599103689193725586e+00 1.786183357238769531e+00 4.670562967658042908e-02 9.929257965087890625e+01 9.626756286621093750e+01 9.893722534179687500e+00 3.634302139282226562e+01 1.246517791748046875e+02 3.550030469894409180e+00 1.786183357238769531e+00 4.670562967658042908e-02 9.929257965087890625e+01 9.626756286621093750e+01
5.400000000000000000e+03 6.988711357116699219e+00 5.697031497955322266e+00 5.307242584228515625e+01 3.902571201324462891e+00 1.742635607719421387e+00 3.970279917120933533e-02 9.931179809570312500e+01 9.586212158203125000e+01 9.478076934814453125e+00 3.268392944335937500e+01 1.145654907226562500e+02 3.847128868103027344e+00 1.742635607719421387e+00 3.970279917120933533e-02 9.931179809570312500e+01 9.586212158203125000e+01
5.600000000000000000e+03 6.919939994812011719e+00 5.747134685516357422e+00 5.135874176025390625e+01 4.154119968414306641e+00 1.699049353599548340e+00 3.341505303978919983e-02 9.933238220214843750e+01 9.544726562500000000e+01 8.964110374450683594e+00 2.804600334167480469e+01 1.024567794799804688e+02 4.092940807342529297e+00 1.699049353599548340e+00 3.341505303978919983e-02 9.933238220214843750e+01 9.544726562500000000e+01
5.800000000000000000e+03 6.840208053588867188e+00 5.766103267669677734e+00 4.973018264770507812e+01 4.350180625915527344e+00 1.655687093734741211e+00 2.780739590525627136e-02 9.935441589355468750e+01 9.502776336669921875e+01 8.443758964538574219e+00 2.341678047180175781e+01 9.048081970214843750e+01 4.284069061279296875e+00 1.655687093734741211e+00 2.780739590525627136e-02 9.935441589355468750e+01 9.502776336669921875e+01
6.000000000000000000e+03 6.750244140625000000e+00 5.759078502655029297e+00 4.816743469238281250e+01 4.491547584533691406e+00 1.612741351127624512e+00 2.284266054630279541e-02 9.937805175781250000e+01 9.460709381103515625e+01 7.968008041381835938e+00 1.934336090087890625e+01 7.982637786865234375e+01 4.421405792236328125e+00 1.612741351127624512e+00 2.284266054630279541e-02 9.937805175781250000e+01 9.460709381103515625e+01
6.200000000000000000e+03 6.653716087341308594e+00 5.733156204223632812e+00 4.664606094360351562e+01 4.583328723907470703e+00 1.570426702499389648e+00 1.848472841084003448e-02 9.940337371826171875e+01 9.418783569335937500e+01 7.555084228515625000e+00 1.598740005493164062e+01 7.082154083251953125e+01 4.510084629058837891e+00 1.570426702499389648e+00 1.848472841084003448e-02 9.940337371826171875e+01 9.418783569335937500e+01
6.400000000000000000e+03 6.543763160705566406e+00 5.688615798950195312e+00 4.516333007812500000e+01 4.630608081817626953e+00 1.528740406036376953e+00 1.469259615987539291e-02 9.943053436279296875e+01 9.377115631103515625e+01 7.208816528320312500e+00 1.346223640441894531e+01 6.373662185668945312e+01 4.555184841156005859e+00 1.528740406036376953e+00 1.469259615987539291e-02 9.943053436279296875e+01 9.377115631103515625e+01
6.600000000000000000e+03 6.424105644226074219e+00 5.631272315979003906e+00 4.370079040527343750e+01 4.639908313751220703e+00 1.487699389457702637e+00 1.142768189311027527e-02 9.945961761474609375e+01 9.335758972167968750e+01 6.909868240356445312e+00 1.152230930328369141e+01 5.799925231933593750e+01 4.563184738159179688e+00 1.487699389457702637e+00 1.142768189311027527e-02 9.945961761474609375e+01 9.335758972167968750e+01
6.800000000000000000e+03 6.295285224914550781e+00 5.564721584320068359e+00 4.224795913696289062e+01 4.618216037750244141e+00 1.447320699691772461e+00 8.653445169329643250e-03 9.949068450927734375e+01 9.294731140136718750e+01 6.647420883178710938e+00 1.004619789123535156e+01 5.332644653320312500e+01 4.541007041931152344e+00 1.447320699691772461e+00 8.653445169329643250e-03 9.949068450927734375e+01 9.294731140136718750e+01
7.000000000000000000e+03 6.157392978668212891e+00 5.491583347320556641e+00 4.079813766479492188e+01 4.571473121643066406e+00 1.407594561576843262e+00 6.334248930215835571e-03 9.952380371093750000e+01 9.254006958007812500e+01 6.411504745483398438e+00 8.925989151000976562e+00 4.946902465820312500e+01 4.494533061981201172e+00 1.407594561576843262e+00 6.334248930215835571e-03 9.952380371093750000e+01 9.254006958007812500e+01
7.200000000000000000e+03 6.010841369628906250e+00 5.414032936096191406e+00 3.934751892089843750e+01 4.504519939422607422e+00 1.368497133255004883e+00 4.435420501977205276e-03 9.955908966064453125e+01 9.213538360595703125e+01 6.193624496459960938e+00 8.066541671752929688e+00 4.620703125000000000e+01 4.428545951843261719e+00 1.368497133255004883e+00 4.435420501977205276e-03 9.955908966064453125e+01 9.213538360595703125e+01
7.400000000000000000e+03 5.856146335601806641e+00 5.333579540252685547e+00 3.789514923095703125e+01 4.421135902404785156e+00 1.329998493194580078e+00 2.923145424574613571e-03 9.959658050537109375e+01 9.173265838623046875e+01 5.988059043884277344e+00 7.401607036590576172e+00 4.338863372802734375e+01 4.346778869628906250e+00 1.329998493194580078e+00 2.923145424574613571e-03 9.959658050537109375e+01 9.173265838623046875e+01
7.600000000000000000e+03 5.694079399108886719e+00 5.251579284667968750e+00 3.644191360473632812e+01 4.324284076690673828e+00 1.292061448097229004e+00 1.764164888300001621e-03 9.963631439208984375e+01 9.133119964599609375e+01 5.790507793426513672e+00 6.878411769866943359e+00 4.089277648925781250e+01 4.252151012420654297e+00 1.292061448097229004e+00 1.764164888300001621e-03 9.963631439208984375e+01 9.133119964599609375e+01
7.800000000000000000e+03 5.525546550750732422e+00 5.168994426727294922e+00 3.498991775512695312e+01 4.216344356536865234e+00 1.254649996757507324e+00 9.255689219571650028e-04 9.967831420898437500e+01 9.093028259277343750e+01 5.598443508148193359e+00 6.462493896484375000e+00 3.864199829101562500e+01 4.146996974945068359e+00 1.254649996757507324e+00 9.255689219571650028e-04 9.967831420898437500e+01 9.093028259277343750e+01
8.000000000000000000e+03 5.351086139678955078e+00 5.086667060852050781e+00 3.354293060302734375e+01 4.099229335784912109e+00 1.217726469039916992e+00 3.744406567420810461e-04 9.972259521484375000e+01 9.052911376953125000e+01 5.409234523773193359e+00 6.123064041137695312e+00 3.656749725341796875e+01 4.033180713653564453e+00 1.217726469039916992e+00 3.744406567420810461e-04 9.972259521484375000e+01 9.052911376953125000e+01
8.200000000000000000e+03 5.175605773925781250e+00 5.008555889129638672e+00 3.209669494628906250e+01 3.976333379745483398e+00 1.181379318237304688e+00 7.782810280332341790e-05 9.976914978027343750e+01 9.012705993652343750e+01 5.225503921508789062e+00 5.841569900512695312e+00 3.461206817626953125e+01 3.914028406143188477e+00 1.181379318237304688e+00 7.782810280332341790e-05 9.976914978027343750e+01 9.012705993652343750e+01
8.400000000000000000e+03 4.992269992828369141e+00 4.929183959960937500e+00 3.067212295532226562e+01 3.846564292907714844e+00 1.145503520965576172e+00 1.306127728639694396e-06 9.981800842285156250e+01 8.972313690185546875e+01 5.040023803710937500e+00 5.612543106079101562e+00 3.280073547363281250e+01 3.788414239883422852e+00 1.145503520965576172e+00 1.306127728639694396e-06 9.981800842285156250e+01 8.972313690185546875e+01
8.600000000000000000e+03 4.805970668792724609e+00 4.851603984832763672e+00 2.926765632629394531e+01 3.711269617080688477e+00 1.110014796257019043e+00 1.106123309000395238e-04 9.986910247802734375e+01 8.931630706787109375e+01 4.855120182037353516e+00 5.416463851928710938e+00 3.107830047607421875e+01 3.657592058181762695e+00 1.110014796257019043e+00 1.106123309000395238e-04 9.986910247802734375e+01 8.931630706787109375e+01
8.800000000000000000e+03 4.617513179779052734e+00 4.776828289031982422e+00 2.788749313354492188e+01 3.572356700897216797e+00 1.074902653694152832e+00 3.709977027028799057e-04 9.992236328125000000e+01 8.890555572509765625e+01 4.670576572418212891e+00 5.246619701385498047e+00 2.943128967285156250e+01 3.523369789123535156e+00 1.074902653694152832e+00 3.709977027028799057e-04 9.992236328125000000e+01 8.890555572509765625e+01
9.000000000000000000e+03 4.427721500396728516e+00 4.705434322357177734e+00 2.653610610961914062e+01 3.430967569351196289e+00 1.040154814720153809e+00 7.472797879017889500e-04 9.997782135009765625e+01 8.848977661132812500e+01 4.486546039581298828e+00 5.099224567413330078e+00 2.785447692871093750e+01 3.386796951293945312e+00 1.040154814720153809e+00 7.472797879017889500e-04 9.997782135009765625e+01 8.848977661132812500e+01
9.200000000000000000e+03 4.237333774566650391e+00 4.638257026672363281e+00 2.521835708618164062e+01 3.288054227828979492e+00 1.005766391754150391e+00 1.204332453198730946e-03 1.000353240966796875e+02 8.806764984130859375e+01 4.303049087524414062e+00 4.969826221466064453e+00 2.634041023254394531e+01 3.248732089996337891e+00 1.005766391754150391e+00 1.204332453198730946e-03 1.000353240966796875e+02 8.806764984130859375e+01
9.400000000000000000e+03 4.047007083892822266e+00 4.575862407684326172e+00 2.393878936767578125e+01 3.144326210021972656e+00 9.717330932617187500e-01 1.708206604234874249e-03 1.000948333740234375e+02 8.763764190673828125e+01 4.120321273803710938e+00 4.856599807739257812e+00 2.488851165771484375e+01 3.109793186187744141e+00 9.717330932617187500e-01 1.708206604234874249e-03 1.000948333740234375e+02 8.763764190673828125e+01
9.600000000000000000e+03 3.857194423675537109e+00 4.519081592559814453e+00 2.270116043090820312e+01 3.000358104705810547e+00 9.380577206611633301e-01 2.227262826636433601e-03 1.001562347412109375e+02 8.719799804687500000e+01 3.938320398330688477e+00 4.756929397583007812e+00 2.349443435668945312e+01 2.970471143722534180e+00 9.380577206611633301e-01 2.227262826636433601e-03 1.001562347412109375e+02 8.719799804687500000e+01
9.800000000000000000e+03 3.668345689773559570e+00 4.468584060668945312e+00 2.150879478454589844e+01 2.856584787368774414e+00 9.047485589981079102e-01 2.733909757807850838e-03 1.002194671630859375e+02 8.674663543701171875e+01 3.757229566574096680e+00 4.670259952545166016e+00 2.215931701660156250e+01 2.831124305725097656e+00 9.047485589981079102e-01 2.733909757807850838e-03 1.002194671630859375e+02 8.674663543701171875e+01
1.000000000000000000e+04 3.480918884277343750e+00 4.425261020660400391e+00 2.036428260803222656e+01 2.713325500488281250e+00 8.718291521072387695e-01 3.206047229468822479e-03 1.002844543457031250e+02 8.628115081787109375e+01 3.577243089675903320e+00 4.595999717712402344e+00 2.088311958312988281e+01 2.692005634307861328e+00 8.718291521072387695e-01 3.206047229468822479e-03 1.002844543457031250e+02 8.628115081787109375e+01
1.020000000000000000e+04 3.294855356216430664e+00 4.389924049377441406e+00 1.926980400085449219e+01 2.570763111114501953e+00 8.393381834030151367e-01 3.628653008490800858e-03 1.003510665893554688e+02 8.579875946044921875e+01 3.398048639297485352e+00 4.533480167388916016e+00 1.966411018371582031e+01 2.553247928619384766e+00 8.393381834030151367e-01 3.628653008490800858e-03 1.003510665893554688e+02 8.579875946044921875e+01
1.040000000000000000e+04 3.110168457031250000e+00 4.363399982452392578e+00 1.822699928283691406e+01 2.428973674774169922e+00 8.073360323905944824e-01 3.994405269622802734e-03 1.004192352294921875e+02 8.529622650146484375e+01 3.219489097595214844e+00 4.482763767242431641e+00 1.850249671936035156e+01 2.414890050888061523e+00 8.073360323905944824e-01 3.994405269622802734e-03 1.004192352294921875e+02 8.529622650146484375e+01
1.060000000000000000e+04 2.926621913909912109e+00 4.346650123596191406e+00 1.723711395263671875e+01 2.287936925888061523e+00 7.759103775024414062e-01 4.303724505007266998e-03 1.004888381958007812e+02 8.477004241943359375e+01 3.041144371032714844e+00 4.443953037261962891e+00 1.739801216125488281e+01 2.276894569396972656e+00 7.759103775024414062e-01 4.303724505007266998e-03 1.004888381958007812e+02 8.477004241943359375e+01
1.080000000000000000e+04 2.743837594985961914e+00 4.340631961822509766e+00 1.630100250244140625e+01 2.147636890411376953e+00 7.451832890510559082e-01 4.563317168503999710e-03 1.005598068237304688e+02 8.421610260009765625e+01 2.862465143203735352e+00 4.417358398437500000e+00 1.635046577453613281e+01 2.139241218566894531e+00 7.451832890510559082e-01 4.563317168503999710e-03 1.005598068237304688e+02 8.421610260009765625e+01
1.100000000000000000e+04 2.561194419860839844e+00 4.346292495727539062e+00 1.541950511932373047e+01 2.008069992065429688e+00 7.153158187866210938e-01 4.783985670655965805e-03 1.006319656372070312e+02 8.363003540039062500e+01 2.682650804519653320e+00 4.403444766998291016e+00 1.536030197143554688e+01 2.001938581466674805e+00 7.153158187866210938e-01 4.783985670655965805e-03 1.006319656372070312e+02 8.363003540039062500e+01
1.120000000000000000e+04 2.377961635589599609e+00 4.364474773406982422e+00 1.459412860870361328e+01 1.869341015815734863e+00 6.865126490592956543e-01 4.977953620254993439e-03 1.007051467895507812e+02 8.300698852539062500e+01 2.500760793685913086e+00 4.402612686157226562e+00 1.442903518676757812e+01 1.865111947059631348e+00 6.865126490592956543e-01 4.977953620254993439e-03 1.007051467895507812e+02 8.300698852539062500e+01
1.140000000000000000e+04 2.193282604217529297e+00 4.395705223083496094e+00 1.382770347595214844e+01 1.731775403022766113e+00 6.590215563774108887e-01 5.156154744327068329e-03 1.007790603637695312e+02 8.234189605712890625e+01 2.315697669982910156e+00 4.415104389190673828e+00 1.356052875518798828e+01 1.729117870330810547e+00 6.590215563774108887e-01 5.156154744327068329e-03 1.007790603637695312e+02 8.234189605712890625e+01
1.160000000000000000e+04 2.006446123123168945e+00 4.439979553222656250e+00 1.312462711334228516e+01 1.596153736114501953e+00 6.331312060356140137e-01 5.325869657099246979e-03 1.008532333374023438e+02 8.162943267822265625e+01 2.126501560211181641e+00 4.440883636474609375e+00 1.276192760467529297e+01 1.594776034355163574e+00 6.331312060356140137e-01 5.325869657099246979e-03 1.008532333374023438e+02 8.162943267822265625e+01
1.180000000000000000e+04 1.817119002342224121e+00 4.495960712432861328e+00 1.249226570129394531e+01 1.463941931724548340e+00 6.091585755348205566e-01 5.488895811140537262e-03 1.009269180297851562e+02 8.086425781250000000e+01 1.932580709457397461e+00 4.478624343872070312e+00 1.204488849639892578e+01 1.463598012924194336e+00 6.091585755348205566e-01 5.488895811140537262e-03 1.009269180297851562e+02 8.086425781250000000e+01
1.200000000000000000e+04 1.626345992088317871e+00 4.560034275054931641e+00 1.194181156158447266e+01 1.337853193283081055e+00 5.874151587486267090e-01 5.641120951622724533e-03 1.009988403320312500e+02 8.004110717773437500e+01 1.734796047210693359e+00 4.524489402770996094e+00 1.142583751678466797e+01 1.338346004486083984e+00 5.874151587486267090e-01 5.641120951622724533e-03 1.009988403320312500e+02 8.004110717773437500e+01
1.220000000000000000e+04 1.437471747398376465e+00 4.627111434936523438e+00 1.148523998260498047e+01 1.222970604896545410e+00 5.681471228599548340e-01 5.774175282567739487e-03 1.010669631958007812e+02 7.915489959716796875e+01 1.536398291587829590e+00 4.571555137634277344e+00 1.092029762268066406e+01 1.224164009094238281e+00 5.681471228599548340e-01 5.774175282567739487e-03 1.010669631958007812e+02 7.915489959716796875e+01
1.240000000000000000e+04 1.257524609565734863e+00 4.685821533203125000e+00 1.113376808166503906e+01 1.129581212997436523e+00 5.515237450599670410e-01 5.892526824027299881e-03 1.011283493041992188e+02 7.820213317871093750e+01 1.345129966735839844e+00 4.609361171722412109e+00 1.054031658172607422e+01 1.131449103355407715e+00 5.515237450599670410e-01 5.892526824027299881e-03 1.011283493041992188e+02 7.820213317871093750e+01
1.260000000000000000e+04 7.189910411834716797e-01 1.650733709335327148e+00 2.533075904846191406e+01 1.107377529144287109e+00 5.417011976242065430e-01 6.090195849537849426e-03 1.014684753417968750e+02 7.747998809814453125e+01 7.928917407989501953e-01 1.615654945373535156e+00 2.527911949157714844e+01 1.107174038887023926e+00 5.417011976242065430e-01 6.090195849537849426e-03 1.014684753417968750e+02 7.747998809814453125e+01
1.280000000000000000e+04 1.478625535964965820e+00 2.873964548110961914e+00 1.986265754699707031e+01 1.494288802146911621e+00 5.501522421836853027e-01 5.592501256614923477e-03 1.015121536254882812e+02 7.710631561279296875e+01 1.615907311439514160e+00 2.833266019821166992e+00 1.954560852050781250e+01 1.493511676788330078e+00 5.501522421836853027e-01 5.592501256614923477e-03 1.015121536254882812e+02 7.710631561279296875e+01
1.300000000000000000e+04 2.016632080078125000e+00 3.737275600433349609e+00 1.700290870666503906e+01 1.752791047096252441e+00 5.514291524887084961e-01 5.808076355606317520e-03 1.015554580688476562e+02 7.671040344238281250e+01 2.195755720138549805e+00 3.700303316116333008e+00 1.657115936279296875e+01 1.752551555633544922e+00 5.514291524887084961e-01 5.808076355606317520e-03 1.015554580688476562e+02 7.671040344238281250e+01
1.320000000000000000e+04 2.186100244522094727e+00 4.157927036285400391e+00 1.568315601348876953e+01 1.856697201728820801e+00 5.472985506057739258e-01 6.141012068837881088e-03 1.015949172973632812e+02 7.628637695312500000e+01 2.376724004745483398e+00 4.117635726928710938e+00 1.520078372955322266e+01 1.858015537261962891e+00 5.472985506057739258e-01 6.141012068837881088e-03 1.015949172973632812e+02 7.628637695312500000e+01
1.340000000000000000e+04 2.144538164138793945e+00 4.323102951049804688e+00 1.503111839294433594e+01 1.864147186279296875e+00 5.403417348861694336e-01 6.551902275532484055e-03 1.016330642700195312e+02 7.583728790283203125e+01 2.330000400543212891e+00 4.274874210357666016e+00 1.452855110168457031e+01 1.867484927177429199e+00 5.403417348861694336e-01 6.551902275532484055e-03 1.016330642700195312e+02 7.583728790283203125e+01
1.360000000000000000e+04 2.030860900878906250e+00 4.393615245819091797e+00 1.461351680755615234e+01 1.824729919433593750e+00 5.319439172744750977e-01 7.022283039987087250e-03 1.016714706420898438e+02 7.536537170410156250e+01 2.205342292785644531e+00 4.334356784820556641e+00 1.410331535339355469e+01 1.830160498619079590e+00 5.319439172744750977e-01 7.022283039987087250e-03 1.016714706420898438e+02 7.536537170410156250e+01
1.380000000000000000e+04 1.899242162704467773e+00 4.438418388366699219e+00 1.427670764923095703e+01 1.762223839759826660e+00 5.225335955619812012e-01 7.545291446149349213e-03 1.017105712890625000e+02 7.487104034423828125e+01 2.061003923416137695e+00 4.365291118621826172e+00 1.376513957977294922e+01 1.769646763801574707e+00 5.225335955619812012e-01 7.545291446149349213e-03 1.017105712890625000e+02 7.487104034423828125e+01
1.400000000000000000e+04 1.763643383979797363e+00 4.478077411651611328e+00 1.398016452789306641e+01 1.686738491058349609e+00 5.121483802795410156e-01 8.117514662444591522e-03 1.017503204345703125e+02 7.435374450683593750e+01 1.911924242973327637e+00 4.387929916381835938e+00 1.347235393524169922e+01 1.695974707603454590e+00 5.121483802795410156e-01 8.117514662444591522e-03 1.017503204345703125e+02 7.435374450683593750e+01
1.420000000000000000e+04 1.626691937446594238e+00 4.516312122344970703e+00 1.371937942504882812e+01 1.603504538536071777e+00 5.007170438766479492e-01 8.734096772968769073e-03 1.017901840209960938e+02 7.381237030029296875e+01 1.760856270790100098e+00 4.405444622039794922e+00 1.322076416015625000e+01 1.614335894584655762e+00 5.007170438766479492e-01 8.734096772968769073e-03 1.017901840209960938e+02 7.381237030029296875e+01
1.440000000000000000e+04 1.489032626152038574e+00 4.551338195800781250e+00 1.349974727630615234e+01 1.516394495964050293e+00 4.881396293640136719e-01 9.388001635670661926e-03 1.018294830322265625e+02 7.324526977539062500e+01 1.608444571495056152e+00 4.415575027465820312e+00 1.301674652099609375e+01 1.528586387634277344e+00 4.881396293640136719e-01 9.388001635670661926e-03 1.018294830322265625e+02 7.324526977539062500e+01
1.460000000000000000e+04 1.351744890213012695e+00 4.578467845916748047e+00 1.333016586303710938e+01 1.429173231124877930e+00 4.742794632911682129e-01 1.006767433136701584e-02 1.018671722412109375e+02 7.265032196044921875e+01 1.455868482589721680e+00 4.413512706756591797e+00 1.287034225463867188e+01 1.442495107650756836e+00 4.742794632911682129e-01 1.006767433136701584e-02 1.018671722412109375e+02 7.265032196044921875e+01
1.480000000000000000e+04 1.216329455375671387e+00 4.591043949127197266e+00 1.321885776519775391e+01 1.346132159233093262e+00 4.588366746902465820e-01 1.075683906674385071e-02 1.019019470214843750e+02 7.202469635009765625e+01 1.304837942123413086e+00 4.393090724945068359e+00 1.279081344604492188e+01 1.360385417938232422e+00 4.588366746902465820e-01 1.075683906674385071e-02 1.019019470214843750e+02 7.202469635009765625e+01
1.500000000000000000e+04 1.082853913307189941e+00 4.577674388885498047e+00 1.317389202117919922e+01 1.272351622581481934e+00 4.409067332744598389e-01 1.143247354775667191e-02 1.019321212768554688e+02 7.136434936523437500e+01 1.155564785003662109e+00 4.344276905059814453e+00 1.278849697113037109e+01 1.287395119667053223e+00 4.409067332744598389e-01 1.143247354775667191e-02 1.019321212768554688e+02 7.136434936523437500e+01
1.520000000000000000e+04 1.205541014671325684e+00 6.746684551239013672e+00 1.116067409515380859e+01 1.207325458526611328e+00 4.135216772556304932e-01 1.158352755010128021e-02 1.018328933715820312e+02 7.067656707763671875e+01 1.230419874191284180e+00 6.142310619354248047e+00 1.062417697906494141e+01 1.223744988441467285e+00 4.135216772556304932e-01 1.158352755010128021e-02 1.018328933715820312e+02 7.067656707763671875e+01
1.540000000000000000e+04 6.685546040534973145e-01 2.166515588760375977e+00 2.863413810729980469e+01 1.549053430557250977e+00 4.248965084552764893e-01 1.550454832613468170e-02 1.023608016967773438e+02 7.053475952148437500e+01 8.560873270034790039e-01 3.167153120040893555e+00 3.014569282531738281e+01 1.562564373016357422e+00 4.248965084552764893e-01 1.550454832613468170e-02 1.023608016967773438e+02 7.053475952148437500e+01
1.560000000000000000e+04 7.572310566902160645e-01 2.227380990982055664e+00 2.692829704284667969e+01 1.785121679306030273e+00 4.228385090827941895e-01 1.561701390892267227e-02 1.023573455810546875e+02 7.036744689941406250e+01 1.363574504852294922e+00 7.610980033874511719e+00 3.719737243652343750e+01 1.798803091049194336e+00 4.228385090827941895e-01 1.561701390892267227e-02 1.023573455810546875e+02 7.036744689941406250e+01
1.580000000000000000e+04 8.625183105468750000e-01 2.394758462905883789e+00 2.561288833618164062e+01 2.007840394973754883e+00 4.207566380500793457e-01 1.559985708445310593e-02 1.023551254272460938e+02 7.019564819335937500e+01 5.138315200805664062e+00 4.730887603759765625e+01 1.182266998291015625e+02 2.021701097488403320e+00 4.207566380500793457e-01 1.559985708445310593e-02 1.023551254272460938e+02 7.019564819335937500e+01
1.600000000000000000e+04 9.780319333076477051e-01 2.593380689620971680e+00 2.448161125183105469e+01 2.209816455841064453e+00 4.187474846839904785e-01 1.553003024309873581e-02 1.023533935546875000e+02 7.001777648925781250e+01 1.644096755981445312e+01 1.707324066162109375e+02 3.955074157714843750e+02 2.224020242691040039e+00 4.187474846839904785e-01 1.553003024309873581e-02 1.023533935546875000e+02 7.001777648925781250e+01
1.620000000000000000e+04 1.101215362548828125e+00 2.802640676498413086e+00 2.349220085144042969e+01 2.381570339202880859e+00 4.168504178524017334e-01 1.543700974434614182e-02 1.023519287109375000e+02 6.983172607421875000e+01 2.305996894836425781e+00 1.483598709106445312e+01 5.205310440063476562e+01 2.396416425704956055e+00 4.168504178524017334e-01 1.543700974434614182e-02 1.023519287109375000e+02 6.983172607421875000e+01
1.640000000000000000e+04 1.229746460914611816e+00 3.011196374893188477e+00 2.263209915161132812e+01 2.515137910842895508e+00 4.150832891464233398e-01 1.533752027899026871e-02 1.023506317138671875e+02 6.963555908203125000e+01 1.718477725982666016e+00 7.021767139434814453e+00 3.289193344116210938e+01 2.531026601791381836e+00 4.150832891464233398e-01 1.533752027899026871e-02 1.023506317138671875e+02 6.963555908203125000e+01
1.660000000000000000e+04 1.361223340034484863e+00 3.211035728454589844e+00 2.189365386962890625e+01 2.606509208679199219e+00 4.134646356105804443e-01 1.524304691702127457e-02 1.023494720458984375e+02 6.942760467529296875e+01 1.674278616905212402e+00 5.147191047668457031e+00 2.725835990905761719e+01 2.623868942260742188e+00 4.134646356105804443e-01 1.524304691702127457e-02 1.023494720458984375e+02 6.942760467529296875e+01
1.680000000000000000e+04 1.493252873420715332e+00 3.396649122238159180e+00 2.126767539978027344e+01 2.656679868698120117e+00 4.120066165924072266e-01 1.516311615705490112e-02 1.023483734130859375e+02 6.920638275146484375e+01 1.742395043373107910e+00 4.496237754821777344e+00 2.459388732910156250e+01 2.675883769989013672e+00 4.120066165924072266e-01 1.516311615705490112e-02 1.023483734130859375e+02 6.920638275146484375e+01
1.700000000000000000e+04 1.623556494712829590e+00 3.564922809600830078e+00 2.074203681945800781e+01 2.671211957931518555e+00 4.107185900211334229e-01 1.510571595281362534e-02 1.023473510742187500e+02 6.897067260742187500e+01 1.845988512039184570e+00 4.244134426116943359e+00 2.301236724853515625e+01 2.692514657974243164e+00 4.107185900211334229e-01 1.510571595281362534e-02 1.023473510742187500e+02 6.897067260742187500e+01
1.720000000000000000e+04 1.750003337860107422e+00 3.714658498764038086e+00 2.030342292785644531e+01 2.658222675323486328e+00 4.096097350120544434e-01 1.507955975830554962e-02 1.023463668823242188e+02 6.871952819824218750e+01 1.961426973342895508e+00 4.152915477752685547e+00 2.195132827758789062e+01 2.681734085083007812e+00 4.096097350120544434e-01 1.507955975830554962e-02 1.023463668823242188e+02 6.871952819824218750e+01
1.740000000000000000e+04 1.870521545410156250e+00 3.845931768417358398e+00 1.993839073181152344e+01 2.626210927963256836e+00 4.086863994598388672e-01 1.509363111108541489e-02 1.023454208374023438e+02 6.845226287841796875e+01 2.078388452529907227e+00 4.132384777069091797e+00 2.118409156799316406e+01 2.651918888092041016e+00 4.086863994598388672e-01 1.509363111108541489e-02 1.023454208374023438e+02 6.845226287841796875e+01
1.760000000000000000e+04 1.983131408691406250e+00 3.959558010101318359e+00 1.963498115539550781e+01 2.582824707031250000e+00 4.079564213752746582e-01 1.515730377286672592e-02 1.023444976806640625e+02 6.816841125488281250e+01 2.191221952438354492e+00 4.143849372863769531e+00 2.060381507873535156e+01 2.610640764236450195e+00 4.079564213752746582e-01 1.515730377286672592e-02 1.023444976806640625e+02 6.816841125488281250e+01
1.780000000000000000e+04 2.085975408554077148e+00 4.056729793548583984e+00 1.938261985778808594e+01 2.534128904342651367e+00 4.074281752109527588e-01 1.527834683656692505e-02 1.023435897827148438e+02 6.786792755126953125e+01 2.296162128448486328e+00 4.168518066406250000e+00 2.015093231201171875e+01 2.563930273056030273e+00 4.074281752109527588e-01 1.527834683656692505e-02 1.023435897827148438e+02 6.786792755126953125e+01
1.800000000000000000e+04 2.177293539047241211e+00 4.138455867767333984e+00 1.917401123046875000e+01 2.484508275985717773e+00 4.071074426174163818e-01 1.546377036720514297e-02 1.023427047729492188e+02 6.755092620849609375e+01 2.390406608581542969e+00 4.197010517120361328e+00 1.979236030578613281e+01 2.516167402267456055e+00 4.071074426174163818e-01 1.546377036720514297e-02 1.023427047729492188e+02 6.755092620849609375e+01
1.820000000000000000e+04 2.255951404571533203e+00 4.206258773803710938e+00 1.900185585021972656e+01 2.437098026275634766e+00 4.070002138614654541e-01 1.571885310113430023e-02 1.023418350219726562e+02 6.721783447265625000e+01 2.472189903259277344e+00 4.224586009979248047e+00 1.950490570068359375e+01 2.470500707626342773e+00 4.070002138614654541e-01 1.571885310113430023e-02 1.023418350219726562e+02 6.721783447265625000e+01
1.840000000000000000e+04 2.321372509002685547e+00 4.261725425720214844e+00 1.886006546020507812e+01 2.394086122512817383e+00 4.071114063262939453e-01 1.604805327951908112e-02 1.023409881591796875e+02 6.686930084228515625e+01 2.540557384490966797e+00 4.248872756958007812e+00 1.927218055725097656e+01 2.429148197174072266e+00 4.071114063262939453e-01 1.604805327951908112e-02 1.023409881591796875e+02 6.686930084228515625e+01
1.860000000000000000e+04 2.374427318572998047e+00 4.307482242584228516e+00 1.874123001098632812e+01 2.356917619705200195e+00 4.074793159961700439e-01 1.646551303565502167e-02 1.023401947021484375e+02 6.650640106201171875e+01 2.596234083175659180e+00 4.269937515258789062e+00 1.907905769348144531e+01 2.393594980239868164e+00 4.074793159961700439e-01 1.646551303565502167e-02 1.023401947021484375e+02 6.650640106201171875e+01
1.880000000000000000e+04 2.415086269378662109e+00 4.344452857971191406e+00 1.864164161682128906e+01 2.325262546539306641e+00 4.080986678600311279e-01 1.696836389601230621e-02 1.023394775390625000e+02 6.612999725341796875e+01 2.639005184173583984e+00 4.286608219146728516e+00 1.891665077209472656e+01 2.363527774810791016e+00 4.080986678600311279e-01 1.696836389601230621e-02 1.023394775390625000e+02 6.612999725341796875e+01
1.900000000000000000e+04 2.444393873214721680e+00 4.374281406402587891e+00 1.855767440795898438e+01 2.299014329910278320e+00 4.089739918708801270e-01 1.755400560796260834e-02 1.023388442993164062e+02 6.574108123779296875e+01 2.669894933700561523e+00 4.299463272094726562e+00 1.877874755859375000e+01 2.338855743408203125e+00 4.089739918708801270e-01 1.755400560796260834e-02 1.023388442993164062e+02 6.574108123779296875e+01
1.920000000000000000e+04 2.464212656021118164e+00 4.398910045623779297e+00 1.848528289794921875e+01 2.277796506881713867e+00 4.101285636425018311e-01 1.822504587471485138e-02 1.023383407592773438e+02 6.534073638916015625e+01 2.690840244293212891e+00 4.309641361236572266e+00 1.865902137756347656e+01 2.319218635559082031e+00 4.101285636425018311e-01 1.822504587471485138e-02 1.023383407592773438e+02 6.534073638916015625e+01
1.940000000000000000e+04 2.476589918136596680e+00 4.420142650604248047e+00 1.842069053649902344e+01 2.260839939117431641e+00 4.115981161594390869e-01 1.898374222218990326e-02 1.023380355834960938e+02 6.493011474609375000e+01 2.703981637954711914e+00 4.318177223205566406e+00 1.855150794982910156e+01 2.303853273391723633e+00 4.115981161594390869e-01 1.898374222218990326e-02 1.023380355834960938e+02 6.493011474609375000e+01
1.960000000000000000e+04 2.483612060546875000e+00 4.439321041107177734e+00 1.836131477355957031e+01 2.247211694717407227e+00 4.134377539157867432e-01 1.983211003243923187e-02 1.023380355834960938e+02 6.451032257080078125e+01 2.711547136306762695e+00 4.326040267944335938e+00 1.845233726501464844e+01 2.291825056076049805e+00 4.134377539157867432e-01 1.983211003243923187e-02 1.023380355834960938e+02 6.451032257080078125e+01
1.980000000000000000e+04 2.487275838851928711e+00 4.457184314727783203e+00 1.830537223815917969e+01 2.236059665679931641e+00 4.157201647758483887e-01 2.077013812959194183e-02 1.023384170532226562e+02 6.408237457275390625e+01 2.715733051300048828e+00 4.334091663360595703e+00 1.835936355590820312e+01 2.282275676727294922e+00 4.157201647758483887e-01 2.077013812959194183e-02 1.023384170532226562e+02 6.408237457275390625e+01
2.000000000000000000e+04 2.488858461380004883e+00 4.473403930664062500e+00 1.825136184692382812e+01 2.226323127746582031e+00 4.185273349285125732e-01 2.179145999252796173e-02 1.023393249511718750e+02 6.364709472656250000e+01 2.718028068542480469e+00 4.342786788940429688e+00 1.827192878723144531e+01 2.274131536483764648e+00 4.185273349285125732e-01 2.179145999252796173e-02 1.023393249511718750e+02 6.364709472656250000e+01
2.020000000000000000e+04 2.488773584365844727e+00 4.486618041992187500e+00 1.819854354858398438e+01 2.217147350311279297e+00 4.219221174716949463e-01 2.287640236318111420e-02 1.023408279418945312e+02 6.320506668090820312e+01 2.719013452529907227e+00 4.351810455322265625e+00 1.819043159484863281e+01 2.266516447067260742e+00 4.219221174716949463e-01 2.287640236318111420e-02 1.023408279418945312e+02 6.320506668090820312e+01
2.040000000000000000e+04 2.486898183822631836e+00 4.496033668518066406e+00 1.814582252502441406e+01 2.207871675491333008e+00 4.259317815303802490e-01 2.399043180048465729e-02 1.023429107666015625e+02 6.275669097900390625e+01 2.718576908111572266e+00 4.360466957092285156e+00 1.811328887939453125e+01 2.258751392364501953e+00 4.259317815303802490e-01 2.399043180048465729e-02 1.023429107666015625e+02 6.275669097900390625e+01
2.060000000000000000e+04 2.482917547225952148e+00 4.501842021942138672e+00 1.809189414978027344e+01 2.197978019714355469e+00 4.305604100227355957e-01 2.509448677301406860e-02 1.023454971313476562e+02 6.230226516723632812e+01 2.716290950775146484e+00 4.368256092071533203e+00 1.803765487670898438e+01 2.250293493270874023e+00 4.305604100227355957e-01 2.509448677301406860e-02 1.023454971313476562e+02 6.230226516723632812e+01
2.080000000000000000e+04 2.476667642593383789e+00 4.504287719726562500e+00 1.803597068786621094e+01 2.187309980392456055e+00 4.357973039150238037e-01 2.615273371338844299e-02 1.023484878540039062e+02 6.184207534790039062e+01 2.711921453475952148e+00 4.375082015991210938e+00 1.796198081970214844e+01 2.240979909896850586e+00 4.357973039150238037e-01 2.615273371338844299e-02 1.023484878540039062e+02 6.184207534790039062e+01
2.100000000000000000e+04 2.468097448348999023e+00 4.504563808441162109e+00 1.797625350952148438e+01 2.175589799880981445e+00 4.416323304176330566e-01 2.713803946971893311e-02 1.023518295288085938e+02 6.137644577026367188e+01 2.705269813537597656e+00 4.381114959716796875e+00 1.788274002075195312e+01 2.230516433715820312e+00 4.416323304176330566e-01 2.713803946971893311e-02 1.023518295288085938e+02 6.137644577026367188e+01
2.120000000000000000e+04 2.457464456558227539e+00 4.503164768218994141e+00 1.791226387023925781e+01 2.162688970565795898e+00 4.480675160884857178e-01 2.803503535687923431e-02 1.023554763793945312e+02 6.090574264526367188e+01 2.696566581726074219e+00 4.386572360992431641e+00 1.779903793334960938e+01 2.218767881393432617e+00 4.480675160884857178e-01 2.803503535687923431e-02 1.023554763793945312e+02 6.090574264526367188e+01
2.140000000000000000e+04 2.444718360900878906e+00 4.500650882720947266e+00 1.784287071228027344e+01 2.148263454437255859e+00 4.551147520542144775e-01 2.883677184581756592e-02 1.023594512939453125e+02 6.043037033081054688e+01 2.685692548751831055e+00 4.391661167144775391e+00 1.770936965942382812e+01 2.205379009246826172e+00 4.551147520542144775e-01 2.883677184581756592e-02 1.023594512939453125e+02 6.043037033081054688e+01
2.160000000000000000e+04 2.429887294769287109e+00 4.497387886047363281e+00 1.776752853393554688e+01 2.132447719573974609e+00 4.627816379070281982e-01 2.954242937266826630e-02 1.023637161254882812e+02 5.995063781738281250e+01 2.672647714614868164e+00 4.396691799163818359e+00 1.761329269409179688e+01 2.190490484237670898e+00 4.627816379070281982e-01 2.954242937266826630e-02 1.023637161254882812e+02 5.995063781738281250e+01
2.180000000000000000e+04 2.412960290908813477e+00 4.493892192840576172e+00 1.768463134765625000e+01 2.114911079406738281e+00 4.710952937602996826e-01 3.015900962054729462e-02 1.023683471679687500e+02 5.946689605712890625e+01 2.657382249832153320e+00 4.402076244354248047e+00 1.750925636291503906e+01 2.173761367797851562e+00 4.710952937602996826e-01 3.015900962054729462e-02 1.023683471679687500e+02 5.946689605712890625e+01
2.200000000000000000e+04 2.393357276916503906e+00 4.489625453948974609e+00 1.759552383422851562e+01 2.095743656158447266e+00 4.800533354282379150e-01 3.069163113832473755e-02 1.023732910156250000e+02 5.897947692871093750e+01 2.639262437820434570e+00 4.407521247863769531e+00 1.739936637878417969e+01 2.155289649963378906e+00 4.800533354282379150e-01 3.069163113832473755e-02 1.023732910156250000e+02 5.897947692871093750e+01
2.220000000000000000e+04 2.371028900146484375e+00 4.485342979431152344e+00 1.749909019470214844e+01 2.074906826019287109e+00 4.896594285964965820e-01 3.115200623869895935e-02 1.023785934448242188e+02 5.848864746093750000e+01 2.618162870407104492e+00 4.413527011871337891e+00 1.728250503540039062e+01 2.135036706924438477e+00 4.896594285964965820e-01 3.115200623869895935e-02 1.023785934448242188e+02 5.848864746093750000e+01
2.240000000000000000e+04 2.345834970474243164e+00 4.481197834014892578e+00 1.739478683471679688e+01 2.052352666854858398e+00 4.999401271343231201e-01 3.155534341931343079e-02 1.023842468261718750e+02 5.799467086791992188e+01 2.593923568725585938e+00 4.420461654663085938e+00 1.715870094299316406e+01 2.112957715988159180e+00 4.999401271343231201e-01 3.155534341931343079e-02 1.023842468261718750e+02 5.799467086791992188e+01
2.260000000000000000e+04 2.317099571228027344e+00 4.477052211761474609e+00 1.728307723999023438e+01 2.028017282485961914e+00 5.108810067176818848e-01 3.191474452614784241e-02 1.023902359008789062e+02 5.749775695800781250e+01 2.565774202346801758e+00 4.428291797637939453e+00 1.702889823913574219e+01 2.088991641998291016e+00 5.108810067176818848e-01 3.191474452614784241e-02 1.023902359008789062e+02 5.749775695800781250e+01
2.280000000000000000e+04 2.284563541412353516e+00 4.473448753356933594e+00 1.716256904602050781e+01 2.001717090606689453e+00 5.224889516830444336e-01 3.224937245249748230e-02 1.023964843750000000e+02 5.699822616577148438e+01 2.533406972885131836e+00 4.437702178955078125e+00 1.689194488525390625e+01 2.062956809997558594e+00 5.224889516830444336e-01 3.224937245249748230e-02 1.023964843750000000e+02 5.699822616577148438e+01
2.300000000000000000e+04 2.242445468902587891e+00 4.470017910003662109e+00 1.704080581665039062e+01 1.974751591682434082e+00 5.341153740882873535e-01 3.253782168030738831e-02 1.024027175903320312e+02 5.649587249755859375e+01 2.489825487136840820e+00 4.444942951202392578e+00 1.675480461120605469e+01 2.036195755004882812e+00 5.341153740882873535e-01 3.253782168030738831e-02 1.024027175903320312e+02 5.649587249755859375e+01
2.320000000000000000e+04 2.197177648544311523e+00 4.465990066528320312e+00 1.691081619262695312e+01 1.944614410400390625e+00 5.461753606796264648e-01 3.288278356194496155e-02 1.024090499877929688e+02 5.599127578735351562e+01 2.443089962005615234e+00 4.456269741058349609e+00 1.661009788513183594e+01 2.006138801574707031e+00 5.461753606796264648e-01 3.288278356194496155e-02 1.024090499877929688e+02 5.599127578735351562e+01
2.340000000000000000e+04 1.972302317619323730e+00 4.022509098052978516e+00 1.705661582946777344e+01 1.764471650123596191e+00 5.174949169158935547e-01 3.298186138272285461e-02 1.017356185913085938e+02 5.632495498657226562e+01 2.717289924621582031e+00 9.500650405883789062e+00 2.687089347839355469e+01 1.825016617774963379e+00 5.174949169158935547e-01 3.298186138272285461e-02 1.017356185913085938e+02 5.632495498657226562e+01
2.360000000000000000e+04 1.972724080085754395e+00 4.023023128509521484e+00 1.705534934997558594e+01 1.764451384544372559e+00 5.174753069877624512e-01 3.294998034834861755e-02 1.017356033325195312e+02 5.632101821899414062e+01 2.715475082397460938e+00 9.476895332336425781e+00 2.682041549682617188e+01 1.825008511543273926e+00 5.174753069877624512e-01 3.294998034834861755e-02 1.017356033325195312e+02 5.632101821899414062e+01
2.380000000000000000e+04 1.973093390464782715e+00 4.023440837860107422e+00 1.705427932739257812e+01 1.764369845390319824e+00 5.174428820610046387e-01 3.291452303528785706e-02 1.017355804443359375e+02 5.631666183471679688e+01 2.713021755218505859e+00 9.446825027465820312e+00 2.675759506225585938e+01 1.824939608573913574e+00 5.174428820610046387e-01 3.291452303528785706e-02 1.017355804443359375e+02 5.631666183471679688e+01
2.400000000000000000e+04 1.973451018333435059e+00 4.023848056793212891e+00 1.705321121215820312e+01 1.764286756515502930e+00 5.174019932746887207e-01 3.287601843476295471e-02 1.017355422973632812e+02 5.631177902221679688e+01 2.710820913314819336e+00 9.419612884521484375e+00 2.670052719116210938e+01 1.824871063232421875e+00 5.174019932746887207e-01 3.287601843476295471e-02 1.017355422973632812e+02 5.631177902221679688e+01
2.420000000000000000e+04 1.973870038986206055e+00 4.024327754974365234e+00 1.705198860168457031e+01 1.764197587966918945e+00 5.173586010932922363e-01 3.283273801207542419e-02 1.017355270385742188e+02 5.630636215209960938e+01 2.708476305007934570e+00 9.390230178833007812e+00 2.663876914978027344e+01 1.824796438217163086e+00 5.173586010932922363e-01 3.283273801207542419e-02 1.017355270385742188e+02 5.630636215209960938e+01
2.440000000000000000e+04 1.974417328834533691e+00 4.025002002716064453e+00 1.705026435852050781e+01 1.764168620109558105e+00 5.173134207725524902e-01 3.278516978025436401e-02 1.017355041503906250e+02 5.630036544799804688e+01 2.705557584762573242e+00 9.353397369384765625e+00 2.656105422973632812e+01 1.824786424636840820e+00 5.173134207725524902e-01 3.278516978025436401e-02 1.017355041503906250e+02 5.630036544799804688e+01
2.460000000000000000e+04 1.975021123886108398e+00 4.025730609893798828e+00 1.704838752746582031e+01 1.764109492301940918e+00 5.172651410102844238e-01 3.273260965943336487e-02 1.017354660034179688e+02 5.629378128051757812e+01 2.702324628829956055e+00 9.312603950500488281e+00 2.647506904602050781e+01 1.824749708175659180e+00 5.172651410102844238e-01 3.273260965943336487e-02 1.017354660034179688e+02 5.629378128051757812e+01
2.480000000000000000e+04 1.975724697113037109e+00 4.026537895202636719e+00 1.704635047912597656e+01 1.763980984687805176e+00 5.172138810157775879e-01 3.267448768019676208e-02 1.017354278564453125e+02 5.628656387329101562e+01 2.698637008666992188e+00 9.265864372253417969e+00 2.637678146362304688e+01 1.824643254280090332e+00 5.172138810157775879e-01 3.267448768019676208e-02 1.017354278564453125e+02 5.628656387329101562e+01
2.500000000000000000e+04 1.976469516754150391e+00 4.027439117431640625e+00 1.704405593872070312e+01 1.763913273811340332e+00 5.171601176261901855e-01 3.261116892099380493e-02 1.017354049682617188e+02 5.627852249145507812e+01 2.694908142089843750e+00 9.218332290649414062e+00 2.627642250061035156e+01 1.824600577354431152e+00 5.171601176261901855e-01 3.261116892099380493e-02 1.017354049682617188e+02 5.627852249145507812e+01
2.520000000000000000e+04 1.977249383926391602e+00 4.028384685516357422e+00 1.704162025451660156e+01 1.763836145401000977e+00 5.171026587486267090e-01 3.254080936312675476e-02 1.017353515625000000e+02 5.626962661743164062e+01 2.690312385559082031e+00 9.161170005798339844e+00 2.615645217895507812e+01 1.824553847312927246e+00 5.171026587486267090e-01 3.254080936312675476e-02 1.017353515625000000e+02 5.626962661743164062e+01
2.540000000000000000e+04 1.978122591972351074e+00 4.029403209686279297e+00 1.703902244567871094e+01 1.763688325881958008e+00 5.170410275459289551e-01 3.246311843395233154e-02 1.017353134155273438e+02 5.625984191894531250e+01 2.685792922973632812e+00 9.103842735290527344e+00 2.603581809997558594e+01 1.824435710906982422e+00 5.170410275459289551e-01 3.246311843395233154e-02 1.017353134155273438e+02 5.625984191894531250e+01
2.560000000000000000e+04 1.979180932044982910e+00 4.030673027038574219e+00 1.703583717346191406e+01 1.763566374778747559e+00 5.169723629951477051e-01 3.237790614366531372e-02 1.017352752685546875e+02 5.624901199340820312e+01 2.680749177932739258e+00 9.039011001586914062e+00 2.589898109436035156e+01 1.824347734451293945e+00 5.169723629951477051e-01 3.237790614366531372e-02 1.017352752685546875e+02 5.624901199340820312e+01
2.580000000000000000e+04 1.980288386344909668e+00 4.032001495361328125e+00 1.703247642517089844e+01 1.763424515724182129e+00 5.168909430503845215e-01 3.228354826569557190e-02 1.017352142333984375e+02 5.623702621459960938e+01 2.674868583679199219e+00 8.964738845825195312e+00 2.574288558959960938e+01 1.824243187904357910e+00 5.168909430503845215e-01 3.228354826569557190e-02 1.017352142333984375e+02 5.623702621459960938e+01
2.600000000000000000e+04 1.981402039527893066e+00 4.033333301544189453e+00 1.702903556823730469e+01 1.763257145881652832e+00 5.167943835258483887e-01 3.217966482043266296e-02 1.017351379394531250e+02 5.622381591796875000e+01 2.668753623962402344e+00 8.887966156005859375e+00 2.558168411254882812e+01 1.824115633964538574e+00 5.167943835258483887e-01 3.217966482043266296e-02 1.017351379394531250e+02 5.622381591796875000e+01
2.620000000000000000e+04 1.982624053955078125e+00 4.034791946411132812e+00 1.702528190612792969e+01 1.763074278831481934e+00 5.166916847229003906e-01 3.206538036465644836e-02 1.017350845336914062e+02 5.620917892456054688e+01 2.662468910217285156e+00 8.808270454406738281e+00 2.541403770446777344e+01 1.823977947235107422e+00 5.166916847229003906e-01 3.206538036465644836e-02 1.017350845336914062e+02 5.620917892456054688e+01
2.640000000000000000e+04 1.983926177024841309e+00 4.036336898803710938e+00 1.702129173278808594e+01 1.762857079505920410e+00 5.165817141532897949e-01 3.193955868482589722e-02 1.017350006103515625e+02 5.619301605224609375e+01 2.656072616577148438e+00 8.726583480834960938e+00 2.524199676513671875e+01 1.823809146881103516e+00 5.165817141532897949e-01 3.193955868482589722e-02 1.017350006103515625e+02 5.619301605224609375e+01
2.660000000000000000e+04 1.985364079475402832e+00 4.038060188293457031e+00 1.701682662963867188e+01 1.762637615203857422e+00 5.164644122123718262e-01 3.180107846856117249e-02 1.017349243164062500e+02 5.617516708374023438e+01 2.648475885391235352e+00 8.630715370178222656e+00 2.504071044921875000e+01 1.823644399642944336e+00 5.164644122123718262e-01 3.180107846856117249e-02 1.017349243164062500e+02 5.617516708374023438e+01
2.680000000000000000e+04 1.986953616142272949e+00 4.039955615997314453e+00 1.701189041137695312e+01 1.762364983558654785e+00 5.163210034370422363e-01 3.164875507354736328e-02 1.017348327636718750e+02 5.615544128417968750e+01 2.640382051467895508e+00 8.527997016906738281e+00 2.482492256164550781e+01 1.823432564735412598e+00 5.163210034370422363e-01 3.164875507354736328e-02 1.017348327636718750e+02 5.615544128417968750e+01
2.700000000000000000e+04 1.988706350326538086e+00 4.042085647583007812e+00 1.700632667541503906e+01 1.762105584144592285e+00 5.161679983139038086e-01 3.148131072521209717e-02 1.017347335815429688e+02 5.613365936279296875e+01 2.630862951278686523e+00 8.408431053161621094e+00 2.457440376281738281e+01 1.823242545127868652e+00 5.161679983139038086e-01 3.148131072521209717e-02 1.017347335815429688e+02 5.613365936279296875e+01
2.720000000000000000e+04 1.990622758865356445e+00 4.044419288635253906e+00 1.700023078918457031e+01 1.761815428733825684e+00 5.160036087036132812e-01 3.129731118679046631e-02 1.017346420288085938e+02 5.610958480834960938e+01 2.620073795318603516e+00 8.273659706115722656e+00 2.429269218444824219e+01 1.823030352592468262e+00 5.160036087036132812e-01 3.129731118679046631e-02 1.017346420288085938e+02 5.610958480834960938e+01
2.740000000000000000e+04 1.992616057395935059e+00 4.046842575073242188e+00 1.699382781982421875e+01 1.761467456817626953e+00 5.158119797706604004e-01 3.109536878764629364e-02 1.017345199584960938e+02 5.608298873901367188e+01 2.609084129333496094e+00 8.136063575744628906e+00 2.400506401062011719e+01 1.822766065597534180e+00 5.158119797706604004e-01 3.109536878764629364e-02 1.017345199584960938e+02 5.608298873901367188e+01
2.760000000000000000e+04 1.994846105575561523e+00 4.049541950225830078e+00 1.698673248291015625e+01 1.761071085929870605e+00 5.156057476997375488e-01 3.087367676198482513e-02 1.017343902587890625e+02 5.605361938476562500e+01 2.597378015518188477e+00 7.988424777984619141e+00 2.369639205932617188e+01 1.822461605072021484e+00 5.156057476997375488e-01 3.087367676198482513e-02 1.017343902587890625e+02 5.605361938476562500e+01
2.780000000000000000e+04 1.997169971466064453e+00 4.052362442016601562e+00 1.697921562194824219e+01 1.760620117187500000e+00 5.153692364692687988e-01 3.063072077929973602e-02 1.017342529296875000e+02 5.602117919921875000e+01 2.585142135620117188e+00 7.834317207336425781e+00 2.337449264526367188e+01 1.822111487388610840e+00 5.153692364692687988e-01 3.063072077929973602e-02 1.017342529296875000e+02 5.602117919921875000e+01
2.800000000000000000e+04 1.999741792678833008e+00 4.055490016937255859e+00 1.697090721130371094e+01 1.760111212730407715e+00 5.151109099388122559e-01 3.036468476057052612e-02 1.017341003417968750e+02 5.598534011840820312e+01 2.571471214294433594e+00 7.662437915802001953e+00 2.301627349853515625e+01 1.821711778640747070e+00 5.151109099388122559e-01 3.036468476057052612e-02 1.017341003417968750e+02 5.598534011840820312e+01
2.820000000000000000e+04 2.002490043640136719e+00 4.058937072753906250e+00 1.696197128295898438e+01 1.759539246559143066e+00 5.148230791091918945e-01 3.007656708359718323e-02 1.017339248657226562e+02 5.594578552246093750e+01 2.556342601776123047e+00 7.473344326019287109e+00 2.262345695495605469e+01 1.821260333061218262e+00 5.148230791091918945e-01 3.007656708359718323e-02 1.017339248657226562e+02 5.594578552246093750e+01
2.840000000000000000e+04 2.005268812179565430e+00 4.063475131988525391e+00 1.695357322692871094e+01 1.758910417556762695e+00 5.145010948181152344e-01 2.980675920844078064e-02 1.017337570190429688e+02 5.590213012695312500e+01 2.539186239242553711e+00 7.262372970581054688e+00 2.218902778625488281e+01 1.820763587951660156e+00 5.145010948181152344e-01 2.980675920844078064e-02 1.017337570190429688e+02 5.590213012695312500e+01
2.860000000000000000e+04 2.007784366607666016e+00 4.068795680999755859e+00 1.694770050048828125e+01 1.758217453956604004e+00 5.141422748565673828e-01 2.961051464080810547e-02 1.017335586547851562e+02 5.585394668579101562e+01 2.520275354385375977e+00 7.035341739654541016e+00 2.172818565368652344e+01 1.820215106010437012e+00 5.141422748565673828e-01 2.961051464080810547e-02 1.017335586547851562e+02 5.585394668579101562e+01
2.880000000000000000e+04 2.010144472122192383e+00 4.073691368103027344e+00 1.694434356689453125e+01 1.757453441619873047e+00 5.137417316436767578e-01 2.949286624789237976e-02 1.017333526611328125e+02 5.580078887939453125e+01 2.502195358276367188e+00 6.818608283996582031e+00 2.129290962219238281e+01 1.819609403610229492e+00 5.137417316436767578e-01 2.949286624789237976e-02 1.017333526611328125e+02 5.580078887939453125e+01
2.900000000000000000e+04 2.012420415878295898e+00 4.077803134918212891e+00 1.694263839721679688e+01 1.756642103195190430e+00 5.132961273193359375e-01 2.942358702421188354e-02 1.017331390380859375e+02 5.574218368530273438e+01 2.486582994461059570e+00 6.629007339477539062e+00 2.091460990905761719e+01 1.818970203399658203e+00 5.132961273193359375e-01 2.942358702421188354e-02 1.017331390380859375e+02 5.574218368530273438e+01
2.920000000000000000e+04 2.014713764190673828e+00 4.081552982330322266e+00 1.694178390502929688e+01 1.755770087242126465e+00 5.128020644187927246e-01 2.937444858253002167e-02 1.017329101562500000e+02 5.567761230468750000e+01 2.471694707870483398e+00 6.447047710418701172e+00 2.055360031127929688e+01 1.818286299705505371e+00 5.128020644187927246e-01 2.937444858253002167e-02 1.017329101562500000e+02 5.567761230468750000e+01
2.940000000000000000e+04 2.017071723937988281e+00 4.085291385650634766e+00 1.694140815734863281e+01 1.754849076271057129e+00 5.122516751289367676e-01 2.933092601597309113e-02 1.017326354980468750e+02 5.560651779174804688e+01 2.457547187805175781e+00 6.272519588470458984e+00 2.020879173278808594e+01 1.817571759223937988e+00 5.122516751289367676e-01 2.933092601597309113e-02 1.017326354980468750e+02 5.560651779174804688e+01
2.960000000000000000e+04 2.019500732421875000e+00 4.089265346527099609e+00 1.694107437133789062e+01 1.753912091255187988e+00 5.116402506828308105e-01 2.928735502064228058e-02 1.017323684692382812e+02 5.552823257446289062e+01 2.443918466567993164e+00 6.103146553039550781e+00 1.987503242492675781e+01 1.816860318183898926e+00 5.116402506828308105e-01 2.928735502064228058e-02 1.017323684692382812e+02 5.552823257446289062e+01
2.980000000000000000e+04 2.022068977355957031e+00 4.093778133392333984e+00 1.694001007080078125e+01 1.752969264984130859e+00 5.109577178955078125e-01 2.924157120287418365e-02 1.017321014404296875e+02 5.544213104248046875e+01 2.429693222045898438e+00 5.926665782928466797e+00 1.952760696411132812e+01 1.816161036491394043e+00 5.109577178955078125e-01 2.924157120287418365e-02 1.017321014404296875e+02 5.544213104248046875e+01
3.000000000000000000e+04 2.024502992630004883e+00 4.098454475402832031e+00 1.693915367126464844e+01 1.751955866813659668e+00 5.101972818374633789e-01 2.919260784983634949e-02 1.017317886352539062e+02 5.534750747680664062e+01 2.416574716567993164e+00 5.763958930969238281e+00 1.920848464965820312e+01 1.815406799316406250e+00 5.101972818374633789e-01 2.919260784983634949e-02 1.017317886352539062e+02 5.534750747680664062e+01
3.020000000000000000e+04 2.026886463165283203e+00 4.103369712829589844e+00 1.693851470947265625e+01 1.750830292701721191e+00 5.093494057655334473e-01 2.914071269333362579e-02 1.017315063476562500e+02 5.524361419677734375e+01 2.403514862060546875e+00 5.603018760681152344e+00 1.889464378356933594e+01 1.814554929733276367e+00 5.093494057655334473e-01 2.914071269333362579e-02 1.017315063476562500e+02 5.524361419677734375e+01
3.040000000000000000e+04 2.029152631759643555e+00 4.108568191528320312e+00 1.693800926208496094e+01 1.749772548675537109e+00 5.084047913551330566e-01 2.908656746149063110e-02 1.017311782836914062e+02 5.512969970703125000e+01 2.390943527221679688e+00 5.449254035949707031e+00 1.859635543823242188e+01 1.813792586326599121e+00 5.084047913551330566e-01 2.908656746149063110e-02 1.017311782836914062e+02 5.512969970703125000e+01
3.060000000000000000e+04 2.031279087066650391e+00 4.114026546478271484e+00 1.693782806396484375e+01 1.748839855194091797e+00 5.073515772819519043e-01 2.902993187308311462e-02 1.017308502197265625e+02 5.500496292114257812e+01 2.379510402679443359e+00 5.309778213500976562e+00 1.832714080810546875e+01 1.813179731369018555e+00 5.073515772819519043e-01 2.902993187308311462e-02 1.017308502197265625e+02 5.500496292114257812e+01
3.080000000000000000e+04 2.033167362213134766e+00 4.119640827178955078e+00 1.693826103210449219e+01 1.748082637786865234e+00 5.061765313148498535e-01 2.897162735462188721e-02 1.017305221557617188e+02 5.486856079101562500e+01 2.369817256927490234e+00 5.191920757293701172e+00 1.810073471069335938e+01 1.812763929367065430e+00 5.061765313148498535e-01 2.897162735462188721e-02 1.017305221557617188e+02 5.486856079101562500e+01
3.100000000000000000e+04 2.034808158874511719e+00 4.125506401062011719e+00 1.693911361694335938e+01 1.747503638267517090e+00 5.048667192459106445e-01 2.891273424029350281e-02 1.017301788330078125e+02 5.471966171264648438e+01 2.360677242279052734e+00 5.083387374877929688e+00 1.789361381530761719e+01 1.812544584274291992e+00 5.048667192459106445e-01 2.891273424029350281e-02 1.017301788330078125e+02 5.471966171264648438e+01
3.120000000000000000e+04 2.036156892776489258e+00 4.132009029388427734e+00 1.693910408020019531e+01 1.747179150581359863e+00 5.034050941467285156e-01 2.885410189628601074e-02 1.017298278808593750e+02 5.455745697021484375e+01 2.351289033889770508e+00 4.976801872253417969e+00 1.769030189514160156e+01 1.812600135803222656e+00 5.034050941467285156e-01 2.885410189628601074e-02 1.017298278808593750e+02 5.455745697021484375e+01
3.140000000000000000e+04 2.037003755569458008e+00 4.139075279235839844e+00 1.693824005126953125e+01 1.747183680534362793e+00 5.017750859260559082e-01 2.879611589014530182e-02 1.017294998168945312e+02 5.438110351562500000e+01 2.341847896575927734e+00 4.876626968383789062e+00 1.749926948547363281e+01 1.813006281852722168e+00 5.017750859260559082e-01 2.879611589014530182e-02 1.017294998168945312e+02 5.438110351562500000e+01
3.160000000000000000e+04 2.037068605422973633e+00 4.146280288696289062e+00 1.693761444091796875e+01 1.747394800186157227e+00 4.999558031558990479e-01 2.873962372541427612e-02 1.017291946411132812e+02 5.418983459472656250e+01 2.332322120666503906e+00 4.785320758819580078e+00 1.732684135437011719e+01 1.813631534576416016e+00 4.999558031558990479e-01 2.873962372541427612e-02 1.017291946411132812e+02 5.418983459472656250e+01
3.180000000000000000e+04 2.036298513412475586e+00 4.153697013854980469e+00 1.693713569641113281e+01 1.748182415962219238e+00 4.979277551174163818e-01 2.868736721575260162e-02 1.017289047241210938e+02 5.398291778564453125e+01 2.322903633117675781e+00 4.705564975738525391e+00 1.717722892761230469e+01 1.814859628677368164e+00 4.979277551174163818e-01 2.868736721575260162e-02 1.017289047241210938e+02 5.398291778564453125e+01
3.200000000000000000e+04 2.034660339355468750e+00 4.161350250244140625e+00 1.693677902221679688e+01 1.749779105186462402e+00 4.956663548946380615e-01 2.864120900630950928e-02 1.017286911010742188e+02 5.375964736938476562e+01 2.313833713531494141e+00 4.640244007110595703e+00 1.705478096008300781e+01 1.816925644874572754e+00 4.956663548946380615e-01 2.864120900630950928e-02 1.017286911010742188e+02 5.375964736938476562e+01
3.220000000000000000e+04 2.032000780105590820e+00 4.169252872467041016e+00 1.693631553649902344e+01 1.752288103103637695e+00 4.931492805480957031e-01 2.860361523926258087e-02 1.017285232543945312e+02 5.351950073242187500e+01 2.304533481597900391e+00 4.585116386413574219e+00 1.695129585266113281e+01 1.819935917854309082e+00 4.931492805480957031e-01 2.860361523926258087e-02 1.017285232543945312e+02 5.351950073242187500e+01
3.240000000000000000e+04 2.028100013732910156e+00 4.177135944366455078e+00 1.693640136718750000e+01 1.755848765373229980e+00 4.903497695922851562e-01 2.857755310833454132e-02 1.017284088134765625e+02 5.326199722290039062e+01 2.294608116149902344e+00 4.538331985473632812e+00 1.686432838439941406e+01 1.824030756950378418e+00 4.903497695922851562e-01 2.857755310833454132e-02 1.017284088134765625e+02 5.326199722290039062e+01
3.260000000000000000e+04 2.023066282272338867e+00 4.185247421264648438e+00 1.693634986877441406e+01 1.760814428329467773e+00 4.872416257858276367e-01 2.856691367924213409e-02 1.017283248901367188e+02 5.298670578002929688e+01 2.284211158752441406e+00 4.500405788421630859e+00 1.679300880432128906e+01 1.829580426216125488e+00 4.872416257858276367e-01 2.856691367924213409e-02 1.017283248901367188e+02 5.298670578002929688e+01
3.280000000000000000e+04 2.016871452331542969e+00 4.193720817565917969e+00 1.693576431274414062e+01 1.767421007156372070e+00 4.837976396083831787e-01 2.857573889195919037e-02 1.017283096313476562e+02 5.269334030151367188e+01 2.273046493530273438e+00 4.468805313110351562e+00 1.673218536376953125e+01 1.836826443672180176e+00 4.837976396083831787e-01 2.857573889195919037e-02 1.017283096313476562e+02 5.269334030151367188e+01
3.300000000000000000e+04 2.009525299072265625e+00 4.202823162078857422e+00 1.693388748168945312e+01 1.775916337966918945e+00 4.799885153770446777e-01 2.860899828374385834e-02 1.017283248901367188e+02 5.238165664672851562e+01 2.260909080505371094e+00 4.441649436950683594e+00 1.667735099792480469e+01 1.846026897430419922e+00 4.799885153770446777e-01 2.860899828374385834e-02 1.017283248901367188e+02 5.238165664672851562e+01
3.320000000000000000e+04 2.000941276550292969e+00 4.212561607360839844e+00 1.693035316467285156e+01 1.786287069320678711e+00 4.757837951183319092e-01 2.867182157933712006e-02 1.017283630371093750e+02 5.205150604248046875e+01 2.247601509094238281e+00 4.418005943298339844e+00 1.662651443481445312e+01 1.857170104980468750e+00 4.757837951183319092e-01 2.867182157933712006e-02 1.017283630371093750e+02 5.205150604248046875e+01
3.340000000000000000e+04 1.991001605987548828e+00 4.222732543945312500e+00 1.692551994323730469e+01 1.798319935798645020e+00 4.711519777774810791e-01 2.876996621489524841e-02 1.017284088134765625e+02 5.170282745361328125e+01 2.232948303222656250e+00 4.397184371948242188e+00 1.657932662963867188e+01 1.870034813880920410e+00 4.711519777774810791e-01 2.876996621489524841e-02 1.017284088134765625e+02 5.170282745361328125e+01
3.360000000000000000e+04 1.979670286178588867e+00 4.233568668365478516e+00 1.691851425170898438e+01 1.811908960342407227e+00 4.660591483116149902e-01 2.891056425869464874e-02 1.017283859252929688e+02 5.133548736572265625e+01 2.216807603836059570e+00 4.378522872924804688e+00 1.653369712829589844e+01 1.884512424468994141e+00 4.660591483116149902e-01 2.891056425869464874e-02 1.017283859252929688e+02 5.133548736572265625e+01
3.380000000000000000e+04 1.966752886772155762e+00 4.244749546051025391e+00 1.690990447998046875e+01 1.826722979545593262e+00 4.604661762714385986e-01 2.910106442868709564e-02 1.017283096313476562e+02 5.094943237304687500e+01 2.198990583419799805e+00 4.362047195434570312e+00 1.649092292785644531e+01 1.900263190269470215e+00 4.604661762714385986e-01 2.910106442868709564e-02 1.017283096313476562e+02 5.094943237304687500e+01
3.400000000000000000e+04 1.952250242233276367e+00 4.256157398223876953e+00 1.690002441406250000e+01 1.842617154121398926e+00 4.543277919292449951e-01 2.934846654534339905e-02 1.017280807495117188e+02 5.054454040527343750e+01 2.179519414901733398e+00 4.347945690155029297e+00 1.645200157165527344e+01 1.917139530181884766e+00 4.543277919292449951e-01 2.934846654534339905e-02 1.017280807495117188e+02 5.054454040527343750e+01
3.420000000000000000e+04 1.936018109321594238e+00 4.267059326171875000e+00 1.689066123962402344e+01 1.859179735183715820e+00 4.475980401039123535e-01 2.966175787150859833e-02 1.017276153564453125e+02 5.012065887451171875e+01 2.158362150192260742e+00 4.336678981781005859e+00 1.642030906677246094e+01 1.934718489646911621e+00 4.475980401039123535e-01 2.966175787150859833e-02 1.017276153564453125e+02 5.012065887451171875e+01
3.440000000000000000e+04 1.918115735054016113e+00 4.277437210083007812e+00 1.688176155090332031e+01 1.875948309898376465e+00 4.402232468128204346e-01 3.004911914467811584e-02 1.017267913818359375e+02 4.967752075195312500e+01 2.135571002960205078e+00 4.328120231628417969e+00 1.639567565917968750e+01 1.952525973320007324e+00 4.402232468128204346e-01 3.004911914467811584e-02 1.017267913818359375e+02 4.967752075195312500e+01
3.460000000000000000e+04 1.898341536521911621e+00 4.287113666534423828e+00 1.687333297729492188e+01 1.892352938652038574e+00 4.321215748786926270e-01 3.051755763590335846e-02 1.017254409790039062e+02 4.921468734741210938e+01 2.110916376113891602e+00 4.322234630584716797e+00 1.637844848632812500e+01 1.969965457916259766e+00 4.321215748786926270e-01 3.051755763590335846e-02 1.017254409790039062e+02 4.921468734741210938e+01
3.480000000000000000e+04 1.876230955123901367e+00 4.295472145080566406e+00 1.686599922180175781e+01 1.907917618751525879e+00 4.231803417205810547e-01 3.107412159442901611e-02 1.017233657836914062e+02 4.873152542114257812e+01 2.083919763565063477e+00 4.318718910217285156e+00 1.637337493896484375e+01 1.986551523208618164e+00 4.231803417205810547e-01 3.107412159442901611e-02 1.017233657836914062e+02 4.873152542114257812e+01
3.500000000000000000e+04 1.851219654083251953e+00 4.301543712615966797e+00 1.686121940612792969e+01 1.922355890274047852e+00 4.132415354251861572e-01 3.172378987073898315e-02 1.017203292846679688e+02 4.822715377807617188e+01 2.053955316543579102e+00 4.316580295562744141e+00 1.637694549560546875e+01 2.001985073089599609e+00 4.132415354251861572e-01 3.172378987073898315e-02 1.017203292846679688e+02 4.822715377807617188e+01
3.520000000000000000e+04 1.822437047958374023e+00 4.304537773132324219e+00 1.685857200622558594e+01 1.935358881950378418e+00 4.020761847496032715e-01 3.246902674436569214e-02 1.017160186767578125e+02 4.770039749145507812e+01 2.020017385482788086e+00 4.314662933349609375e+00 1.638744926452636719e+01 2.015943527221679688e+00 4.020761847496032715e-01 3.246902674436569214e-02 1.017160186767578125e+02 4.770039749145507812e+01
3.540000000000000000e+04 1.788247227668762207e+00 4.302152633666992188e+00 1.685987663269042969e+01 1.946583509445190430e+00 3.893394172191619873e-01 3.330538049340248108e-02 1.017099990844726562e+02 4.714962005615234375e+01 1.980237483978271484e+00 4.310051441192626953e+00 1.640516281127929688e+01 2.028066396713256836e+00 3.893394172191619873e-01 3.330538049340248108e-02 1.017099990844726562e+02 4.714962005615234375e+01
3.560000000000000000e+04 1.746632337570190430e+00 4.291752815246582031e+00 1.686476516723632812e+01 1.956615090370178223e+00 3.744850456714630127e-01 3.421688452363014221e-02 1.017014923095703125e+02 4.657265090942382812e+01 1.932297825813293457e+00 4.299325942993164062e+00 1.642766761779785156e+01 2.038952589035034180e+00 3.744850456714630127e-01 3.421688452363014221e-02 1.017014923095703125e+02 4.657265090942382812e+01
3.580000000000000000e+04 1.692350625991821289e+00 4.266237258911132812e+00 1.687206077575683594e+01 1.965915322303771973e+00 3.564972579479217529e-01 3.516042977571487427e-02 1.016887207031250000e+02 4.596657180786132812e+01 1.870299696922302246e+00 4.274198055267333984e+00 1.645000457763671875e+01 2.049068689346313477e+00 3.564972579479217529e-01 3.516042977571487427e-02 1.016887207031250000e+02 4.596657180786132812e+01
3.600000000000000000e+04 1.609637737274169922e+00 4.209961414337158203e+00 1.682048416137695312e+01 1.977180957794189453e+00 3.325619697570800781e-01 3.597598522901535034e-02 1.016608505249023438e+02 4.532933044433593750e+01 1.787701725959777832e+00 4.315678596496582031e+00 1.643461608886718750e+01 2.061226844787597656e+00 3.325619697570800781e-01 3.597598522901535034e-02 1.016608505249023438e+02 4.532933044433593750e+01
3.620000000000000000e+04 1.768958568572998047e+00 4.473933219909667969e+00 1.636151313781738281e+01 1.946073293685913086e+00 3.298338353633880615e-01 3.712751343846321106e-02 1.016535110473632812e+02 4.468096160888671875e+01 1.948453426361083984e+00 4.483005523681640625e+00 1.604581451416015625e+01 2.029447555541992188e+00 3.298338353633880615e-01 3.712751343846321106e-02 1.016535110473632812e+02 4.468096160888671875e+01
3.640000000000000000e+04 1.760558605194091797e+00 4.485646724700927734e+00 1.638719558715820312e+01 1.911534070968627930e+00 3.217176795005798340e-01 3.844267874956130981e-02 1.016620254516601562e+02 4.398553466796875000e+01 2.063264846801757812e+00 5.964948654174804688e+00 2.009430694580078125e+01 1.993902087211608887e+00 3.217176795005798340e-01 3.844267874956130981e-02 1.016620254516601562e+02 4.398553466796875000e+01
3.660000000000000000e+04 1.791330575942993164e+00 4.546887397766113281e+00 1.631557846069335938e+01 1.869258642196655273e+00 3.187271058559417725e-01 3.996971994638442993e-02 1.016647567749023438e+02 4.327502059936523438e+01 2.056372880935668945e+00 5.576463699340820312e+00 1.889761161804199219e+01 1.950474500656127930e+00 3.187271058559417725e-01 3.996971994638442993e-02 1.016647567749023438e+02 4.327502059936523438e+01
3.680000000000000000e+04 1.783942461013793945e+00 4.564439296722412109e+00 1.631287002563476562e+01 1.839136600494384766e+00 3.158266842365264893e-01 4.160021618008613586e-02 1.016689682006835938e+02 4.252773284912109375e+01 1.113209991455078125e+02 1.198676513671875000e+03 2.608856201171875000e+03 1.919679880142211914e+00 3.158266842365264893e-01 4.160021618008613586e-02 1.016689682006835938e+02 4.252773284912109375e+01
3.700000000000000000e+04 1.764736652374267578e+00 4.576115131378173828e+00 1.631393814086914062e+01 1.820371389389038086e+00 3.131049275398254395e-01 4.330231994390487671e-02 1.016735458374023438e+02 4.174110794067382812e+01 2.071393966674804688e+00 5.910583496093750000e+00 1.804955291748046875e+01 1.900703787803649902e+00 3.131049275398254395e-01 4.330231994390487671e-02 1.016735458374023438e+02 4.174110794067382812e+01
3.720000000000000000e+04 1.739831805229187012e+00 4.586716175079345703e+00 1.631352615356445312e+01 1.806391477584838867e+00 3.106804490089416504e-01 4.506316781044006348e-02 1.016780700683593750e+02 4.091303634643554688e+01 1.957760214805603027e+00 5.039411544799804688e+00 1.645706748962402344e+01 1.886706590652465820e+00 3.106804490089416504e-01 4.506316781044006348e-02 1.016780700683593750e+02 4.091303634643554688e+01
3.740000000000000000e+04 1.711183428764343262e+00 4.596807003021240234e+00 1.631213569641113281e+01 1.793581604957580566e+00 3.086850643157958984e-01 4.687232151627540588e-02 1.016823577880859375e+02 4.004123306274414062e+01 1.908557772636413574e+00 4.883063793182373047e+00 1.618254852294921875e+01 1.873929142951965332e+00 3.086850643157958984e-01 4.687232151627540588e-02 1.016823577880859375e+02 4.004123306274414062e+01
3.760000000000000000e+04 1.679538011550903320e+00 4.606423377990722656e+00 1.630996513366699219e+01 1.780474185943603516e+00 3.072537183761596680e-01 4.871850088238716125e-02 1.016862411499023438e+02 3.912363052368164062e+01 1.866500377655029297e+00 4.833185195922851562e+00 1.608565711975097656e+01 1.860842585563659668e+00 3.072537183761596680e-01 4.871850088238716125e-02 1.016862411499023438e+02 3.912363052368164062e+01
3.780000000000000000e+04 1.645545244216918945e+00 4.615408420562744141e+00 1.630688667297363281e+01 1.766170740127563477e+00 3.066301345825195312e-01 5.059902369976043701e-02 1.016895294189453125e+02 3.815855789184570312e+01 1.825049400329589844e+00 4.814738273620605469e+00 1.603585433959960938e+01 1.846517801284790039e+00 3.066301345825195312e-01 5.059902369976043701e-02 1.016895294189453125e+02 3.815855789184570312e+01
3.800000000000000000e+04 1.607395648956298828e+00 4.622375488281250000e+00 1.630559158325195312e+01 1.751260638236999512e+00 3.068056702613830566e-01 5.249106511473655701e-02 1.016919326782226562e+02 3.714402389526367188e+01 1.781207919120788574e+00 4.816165924072265625e+00 1.601857376098632812e+01 1.831571936607360840e+00 3.068056702613830566e-01 5.249106511473655701e-02 1.016919326782226562e+02 3.714402389526367188e+01
3.820000000000000000e+04 1.565119981765747070e+00 4.627282619476318359e+00 1.630571365356445312e+01 1.736105561256408691e+00 3.077490329742431641e-01 5.437349155545234680e-02 1.016935119628906250e+02 3.607807540893554688e+01 1.733450293540954590e+00 4.822012424468994141e+00 1.601063156127929688e+01 1.816386461257934570e+00 3.077490329742431641e-01 5.437349155545234680e-02 1.016935119628906250e+02 3.607807540893554688e+01
3.840000000000000000e+04 1.518690586090087891e+00 4.630383968353271484e+00 1.630765533447265625e+01 1.720803856849670410e+00 3.093749284744262695e-01 5.622545629739761353e-02 1.016939697265625000e+02 3.495948791503906250e+01 1.681821584701538086e+00 4.833552837371826172e+00 1.601462745666503906e+01 1.801065683364868164e+00 3.093749284744262695e-01 5.622545629739761353e-02 1.016939697265625000e+02 3.495948791503906250e+01
3.860000000000000000e+04 1.468651652336120605e+00 4.632137775421142578e+00 1.631072616577148438e+01 1.705154299736022949e+00 3.116643130779266357e-01 5.803383514285087585e-02 1.016932601928710938e+02 3.378778457641601562e+01 1.626423478126525879e+00 4.846585750579833984e+00 1.602386474609375000e+01 1.785406231880187988e+00 3.116643130779266357e-01 5.803383514285087585e-02 1.016932601928710938e+02 3.378778457641601562e+01
3.880000000000000000e+04 1.415426135063171387e+00 4.632805824279785156e+00 1.631458091735839844e+01 1.688924789428710938e+00 3.146125972270965576e-01 5.978542938828468323e-02 1.016911849975585938e+02 3.256340408325195312e+01 1.567391395568847656e+00 4.858450889587402344e+00 1.603479576110839844e+01 1.769171118736267090e+00 3.146125972270965576e-01 5.978542938828468323e-02 1.016911849975585938e+02 3.256340408325195312e+01
3.900000000000000000e+04 1.359329700469970703e+00 4.632341384887695312e+00 1.631939506530761719e+01 1.671820402145385742e+00 3.182657957077026367e-01 6.146724149584770203e-02 1.016873168945312500e+02 3.128794860839843750e+01 1.505080461502075195e+00 4.869453907012939453e+00 1.604902648925781250e+01 1.752063870429992676e+00 3.182657957077026367e-01 6.146724149584770203e-02 1.016873168945312500e+02 3.128794860839843750e+01
3.920000000000000000e+04 1.300995111465454102e+00 4.631284713745117188e+00 1.632371330261230469e+01 1.653505682945251465e+00 3.227400183677673340e-01 6.306120753288269043e-02 1.016813735961914062e+02 2.996390342712402344e+01 1.439816117286682129e+00 4.876433849334716797e+00 1.606053543090820312e+01 1.733739614486694336e+00 3.227400183677673340e-01 6.306120753288269043e-02 1.016813735961914062e+02 2.996390342712402344e+01
3.940000000000000000e+04 1.240335583686828613e+00 4.628767490386962891e+00 1.632857704162597656e+01 1.633692264556884766e+00 3.281737864017486572e-01 6.453977525234222412e-02 1.016726608276367188e+02 2.859498023986816406e+01 1.372240543365478516e+00 4.885878562927246094e+00 1.608227539062500000e+01 1.713907122611999512e+00 3.281737864017486572e-01 6.453977525234222412e-02 1.016726608276367188e+02 2.859498023986816406e+01
3.960000000000000000e+04 1.178255200386047363e+00 4.624749183654785156e+00 1.633230972290039062e+01 1.612428069114685059e+00 3.347842097282409668e-01 6.586449593305587769e-02 1.016607971191406250e+02 2.718562507629394531e+01 1.302001476287841797e+00 4.884071826934814453e+00 1.609322547912597656e+01 1.692624568939208984e+00 3.347842097282409668e-01 6.586449593305587769e-02 1.016607971191406250e+02 2.718562507629394531e+01
3.980000000000000000e+04 1.114897131919860840e+00 4.619241237640380859e+00 1.633412170410156250e+01 1.589718580245971680e+00 3.426777124404907227e-01 6.697513908147811890e-02 1.016450653076171875e+02 2.574133300781250000e+01 1.230094194412231445e+00 4.879508972167968750e+00 1.610700988769531250e+01 1.669907212257385254e+00 3.426777124404907227e-01 6.697513908147811890e-02 1.016450653076171875e+02 2.574133300781250000e+01
4.000000000000000000e+04 1.050936579704284668e+00 4.610998153686523438e+00 1.633414840698242188e+01 1.565479516983032227e+00 3.521640300750732422e-01 6.782088428735733032e-02 1.016246261596679688e+02 2.426850700378417969e+01 1.157128453254699707e+00 4.868965625762939453e+00 1.612133979797363281e+01 1.645675063133239746e+00 3.521640300750732422e-01 6.782088428735733032e-02 1.016246261596679688e+02 2.426850700378417969e+01
4.020000000000000000e+04 9.870628118515014648e-01 4.599609851837158203e+00 1.633155632019042969e+01 1.539917111396789551e+00 3.633666932582855225e-01 6.832989305257797241e-02 1.015987091064453125e+02 2.277393531799316406e+01 1.083784937858581543e+00 4.850873947143554688e+00 1.613541984558105469e+01 1.620152950286865234e+00 3.633666932582855225e-01 6.832989305257797241e-02 1.015987091064453125e+02 2.277393531799316406e+01
4.040000000000000000e+04 9.242004156112670898e-01 4.584396362304687500e+00 1.632585334777832031e+01 1.513411998748779297e+00 3.764150738716125488e-01 6.843896955251693726e-02 1.015664138793945312e+02 2.126520919799804688e+01 1.011098146438598633e+00 4.824120521545410156e+00 1.614915466308593750e+01 1.593754887580871582e+00 3.764150738716125488e-01 6.843896955251693726e-02 1.015664138793945312e+02 2.126520919799804688e+01
4.060000000000000000e+04 8.632532954216003418e-01 4.564317703247070312e+00 1.631715774536132812e+01 1.486315011978149414e+00 3.913768231868743896e-01 6.810297816991806030e-02 1.015268020629882812e+02 1.975031661987304688e+01 9.401173591613769531e-01 4.787495136260986328e+00 1.616322135925292969e+01 1.566863656044006348e+00 3.913768231868743896e-01 6.810297816991806030e-02 1.015268020629882812e+02 1.975031661987304688e+01
4.080000000000000000e+04 8.055102229118347168e-01 4.538476943969726562e+00 1.630580902099609375e+01 1.459480047225952148e+00 4.081290662288665771e-01 6.730620563030242920e-02 1.014787216186523438e+02 1.823777770996093750e+01 8.723763823509216309e-01 4.740420341491699219e+00 1.617803382873535156e+01 1.540402412414550781e+00 4.081290662288665771e-01 6.730620563030242920e-02 1.014787216186523438e+02 1.823777770996093750e+01
4.100000000000000000e+04 7.524013519287109375e-01 4.506597995758056641e+00 1.629157447814941406e+01 1.434085249900817871e+00 4.263118505477905273e-01 6.608281284570693970e-02 1.014209289550781250e+02 1.673641395568847656e+01 8.096124529838562012e-01 4.683781623840332031e+00 1.619323158264160156e+01 1.515643477439880371e+00 4.263118505477905273e-01 6.608281284570693970e-02 1.014209289550781250e+02 1.673641395568847656e+01
4.120000000000000000e+04 7.053175568580627441e-01 4.469197750091552734e+00 1.627315902709960938e+01 1.411160230636596680e+00 4.452827572822570801e-01 6.453189998865127563e-02 1.013521575927734375e+02 1.525561523437500000e+01 7.535083293914794922e-01 4.619353771209716797e+00 1.620550155639648438e+01 1.493713736534118652e+00 4.452827572822570801e-01 6.453189998865127563e-02 1.013521575927734375e+02 1.525561523437500000e+01
4.140000000000000000e+04 6.653946042060852051e-01 4.427982807159423828e+00 1.624768829345703125e+01 1.391814112663269043e+00 4.642115831375122070e-01 6.280814856290817261e-02 1.012708740234375000e+02 1.380500698089599609e+01 7.055945396423339844e-01 4.551866054534912109e+00 1.621067619323730469e+01 1.475830674171447754e+00 4.642115831375122070e-01 6.280814856290817261e-02 1.012708740234375000e+02 1.380500698089599609e+01
4.160000000000000000e+04 6.331446170806884766e-01 4.385987758636474609e+00 1.621072578430175781e+01 1.376488447189331055e+00 4.822972714900970459e-01 6.108819320797920227e-02 1.011756515502929688e+02 1.239447593688964844e+01 6.666450500488281250e-01 4.487204074859619141e+00 1.620300483703613281e+01 1.462507367134094238e+00 4.822972714900970459e-01 6.108819320797920227e-02 1.011756515502929688e+02 1.239447593688964844e+01
4.180000000000000000e+04 6.085959672927856445e-01 4.347747802734375000e+00 1.615677642822265625e+01 1.364204287528991699e+00 4.987608790397644043e-01 5.953630059957504272e-02 1.010651397705078125e+02 1.103402137756347656e+01 6.367592215538024902e-01 4.431482791900634766e+00 1.617487335205078125e+01 1.452740192413330078e+00 4.987608790397644043e-01 5.953630059957504272e-02 1.010651397705078125e+02 1.103402137756347656e+01
4.200000000000000000e+04 5.913587808609008789e-01 4.318549633026123047e+00 1.607913970947265625e+01 1.352670788764953613e+00 5.129612088203430176e-01 5.828544497489929199e-02 1.009383392333984375e+02 9.733851432800292969e+00 6.155474185943603516e-01 4.391229629516601562e+00 1.611775779724121094e+01 1.444108843803405762e+00 5.129612088203430176e-01 5.828544497489929199e-02 1.009383392333984375e+02 9.733851432800292969e+00
4.220000000000000000e+04 5.803200006484985352e-01 4.300817966461181641e+00 1.597459125518798828e+01 1.339248657226562500e+00 5.244599580764770508e-01 5.746849998831748962e-02 1.007946090698242188e+02 8.504570960998535156e+00 6.014812588691711426e-01 4.366424083709716797e+00 1.602278137207031250e+01 1.433796405792236328e+00 5.244599580764770508e-01 5.746849998831748962e-02 1.007946090698242188e+02 8.504570960998535156e+00
4.240000000000000000e+04 5.741767287254333496e-01 4.296765804290771484e+00 1.584140586853027344e+01 1.321761488914489746e+00 5.324763059616088867e-01 5.696037784218788147e-02 1.006336288452148438e+02 7.355277061462402344e+00 5.935453772544860840e-01 4.364431381225585938e+00 1.590093612670898438e+01 1.419438838958740234e+00 5.324763059616088867e-01 5.696037784218788147e-02 1.006336288452148438e+02 7.355277061462402344e+00
4.260000000000000000e+04 5.713513493537902832e-01 4.303294181823730469e+00 1.568049907684326172e+01 1.299020051956176758e+00 5.381647944450378418e-01 5.665970593690872192e-02 1.004551696777343750e+02 6.293400287628173828e+00 5.892078876495361328e-01 4.374216556549072266e+00 1.574324607849121094e+01 1.399695992469787598e+00 5.381647944450378418e-01 5.665970593690872192e-02 1.004551696777343750e+02 6.293400287628173828e+00
4.280000000000000000e+04 5.708557367324829102e-01 4.319379329681396484e+00 1.549287033081054688e+01 1.270683169364929199e+00 5.418675541877746582e-01 5.636334419250488281e-02 1.002588424682617188e+02 5.324373245239257812e+00 5.874055624008178711e-01 4.395174503326416016e+00 1.555515861511230469e+01 1.374106645584106445e+00 5.418675541877746582e-01 5.636334419250488281e-02 1.002588424682617188e+02 5.324373245239257812e+00
4.300000000000000000e+04 5.718003511428833008e-01 4.341673851013183594e+00 1.528334236145019531e+01 1.236782550811767578e+00 5.436430573463439941e-01 5.591977387666702271e-02 1.000437393188476562e+02 4.451613426208496094e+00 5.878214836120605469e-01 4.430245876312255859e+00 1.535137176513671875e+01 1.342584848403930664e+00 5.436430573463439941e-01 5.591977387666702271e-02 1.000437393188476562e+02 4.451613426208496094e+00
4.320000000000000000e+04 5.742608904838562012e-01 4.372233867645263672e+00 1.505134677886962891e+01 1.197342753410339355e+00 5.432193875312805176e-01 5.517772957682609558e-02 9.980941009521484375e+01 3.676351070404052734e+00 5.897124409675598145e-01 4.473924160003662109e+00 1.512434959411621094e+01 1.304999709129333496e+00 5.432193875312805176e-01 5.517772957682609558e-02 9.980941009521484375e+01 3.676351070404052734e+00
4.340000000000000000e+04 5.780079960823059082e-01 4.409351825714111328e+00 1.480244350433349609e+01 1.152591466903686523e+00 5.397371053695678711e-01 5.403120443224906921e-02 9.955465698242187500e+01 2.997949123382568359e+00 5.931187272071838379e-01 4.527378559112548828e+00 1.488565635681152344e+01 1.261421322822570801e+00 5.397371053695678711e-01 5.403120443224906921e-02 9.955465698242187500e+01 2.997949123382568359e+00
4.360000000000000000e+04 5.834013223648071289e-01 4.454350948333740234e+00 1.453946208953857422e+01 1.103032708168029785e+00 5.323460102081298828e-01 5.249606445431709290e-02 9.927748870849609375e+01 2.414154052734375000e+00 5.981881022453308105e-01 4.589766025543212891e+00 1.463729381561279297e+01 1.212218880653381348e+00 5.323460102081298828e-01 5.249606445431709290e-02 9.927748870849609375e+01 2.414154052734375000e+00
4.380000000000000000e+04 5.906008481979370117e-01 4.505975723266601562e+00 1.426794910430908203e+01 1.049993276596069336e+00 5.193908214569091797e-01 5.056706443428993225e-02 9.897576141357421875e+01 1.920680522918701172e+00 6.049839854240417480e-01 4.659267425537109375e+00 1.438788318634033203e+01 1.158685564994812012e+00 5.193908214569091797e-01 5.056706443428993225e-02 9.897576141357421875e+01 1.920680522918701172e+00
4.400000000000000000e+04 5.998912453651428223e-01 4.562688827514648438e+00 1.399166393280029297e+01 9.956461191177368164e-01 4.987651705741882324e-01 4.826747998595237732e-02 9.864684295654296875e+01 1.511496305465698242e+00 6.136438250541687012e-01 4.733483314514160156e+00 1.414486789703369141e+01 1.103104591369628906e+00 4.987651705741882324e-01 4.826747998595237732e-02 9.864684295654296875e+01 1.511496305465698242e+00
4.420000000000000000e+04 6.116414666175842285e-01 4.622388839721679688e+00 1.371139240264892578e+01 9.429458379745483398e-01 4.681656062602996826e-01 4.566921666264533997e-02 9.828827667236328125e+01 1.178982734680175781e+00 6.242966651916503906e-01 4.809432506561279297e+00 1.391302776336669922e+01 1.048709988594055176e+00 4.681656062602996826e-01 4.566921666264533997e-02 9.828827667236328125e+01 1.178982734680175781e+00
4.440000000000000000e+04 6.261866092681884766e-01 4.682243824005126953e+00 1.342444133758544922e+01 8.951330780982971191e-01 4.259454905986785889e-01 4.288714006543159485e-02 9.789803314208984375e+01 9.143140912055969238e-01 6.370117664337158203e-01 4.883772373199462891e+00 1.369247341156005859e+01 9.991408586502075195e-01 4.259454905986785889e-01 4.288714006543159485e-02 9.789803314208984375e+01 9.143140912055969238e-01
4.460000000000000000e+04 6.439607739448547363e-01 4.740697383880615234e+00 1.312435245513916016e+01 8.545882105827331543e-01 3.723990917205810547e-01 4.004640504717826843e-02 9.747477722167968750e+01 7.079285383224487305e-01 6.519472002983093262e-01 4.954493045806884766e+00 1.347800922393798828e+01 9.571317434310913086e-01 3.723990917205810547e-01 4.004640504717826843e-02 9.747477722167968750e+01 7.079285383224487305e-01
4.480000000000000000e+04 6.652272939682006836e-01 4.796157836914062500e+00 1.280563640594482422e+01 8.220978975296020508e-01 3.105502426624298096e-01 3.724376112222671509e-02 9.701808929443359375e+01 5.499833226203918457e-01 6.691921949386596680e-01 5.020137310028076172e+00 1.326208972930908203e+01 9.236413836479187012e-01 3.105502426624298096e-01 3.724376112222671509e-02 9.701808929443359375e+01 5.499833226203918457e-01
4.500000000000000000e+04 6.902176737785339355e-01 4.849108219146728516e+00 1.246439456939697266e+01 7.971770763397216797e-01 2.452776879072189331e-01 3.453879058361053467e-02 9.652851867675781250e+01 4.309069216251373291e-01 6.888427734375000000e-01 5.080981254577636719e+00 1.303635597229003906e+01 8.981747627258300781e-01 2.452776879072189331e-01 3.453879058361053467e-02 9.652851867675781250e+01 4.309069216251373291e-01
4.500000000000000000e+04 6.902176737785339355e-01 4.849108219146728516e+00 1.246439456939697266e+01 7.971770763397216797e-01 2.452776879072189331e-01 3.453879058361053467e-02 9.652851867675781250e+01 4.309069216251373291e-01 6.888427734375000000e-01 5.080981254577636719e+00 1.303635597229003906e+01 8.981747627258300781e-01 2.452776879072189331e-01 3.453879058361053467e-02 9.652851867675781250e+01 4.309069216251373291e-01
4.503600000000000000e+04 5.144345760345458984e-01 3.458342552185058594e+00 1.530058288574218750e+01 4.135087728500366211e-01 1.892689317464828491e-01 2.140554413199424744e-02 9.441667938232421875e+01 2.723549008369445801e-01 4.734385609626770020e-01 3.308674812316894531e+00 1.702818298339843750e+01 4.624829590320587158e-01 1.892689317464828491e-01 2.140554413199424744e-02 9.441667938232421875e+01 2.723549008369445801e-01
