# step, loss_train, loss_test, metrics_test
0.000000000000000000e+00 5.302096843719482422e+00 1.439015808105468750e+02 1.833161254882812500e+03 4.001207828521728516e+00 1.322499990463256836e+00 3.600000000000000000e+01 4.579599914550781250e+02 1.000000000000000000e+00 5.302284717559814453e+00 1.438966674804687500e+02 1.833207275390625000e+03 3.991023063659667969e+00 1.322499990463256836e+00 3.600000000000000000e+01 4.579599914550781250e+02 1.000000000000000000e+00
2.000000000000000000e+03 2.794197082519531250e+01 6.020968017578125000e+02 5.355511474609375000e+02 3.214781045913696289e+00 2.245413325726985931e-02 3.072365951538085938e+01 3.989525756835937500e+02 1.058490753173828125e+00 2.835373687744140625e+01 6.138699951171875000e+02 5.154503173828125000e+02 3.201199531555175781e+00 2.245413325726985931e-02 3.072365951538085938e+01 3.989525756835937500e+02 1.058490753173828125e+00
4.000000000000000000e+03 3.702250671386718750e+01 6.946577148437500000e+02 3.347450866699218750e+02 3.468563318252563477e+00 1.385762095451354980e+00 2.057245254516601562e+01 3.129093322753906250e+02 8.079464912414550781e+00 3.695679092407226562e+01 7.092869873046875000e+02 3.327699584960937500e+02 3.464107990264892578e+00 1.385762095451354980e+00 2.057245254516601562e+01 3.129093322753906250e+02 8.079464912414550781e+00
6.000000000000000000e+03 3.747414779663085938e+01 6.771752929687500000e+02 3.219366149902343750e+02 3.562840938568115234e+00 1.941535234451293945e+00 1.264973640441894531e+01 2.433750762939453125e+02 1.382029247283935547e+01 3.771067810058593750e+01 6.924682006835937500e+02 3.275729675292968750e+02 3.601007461547851562e+00 1.941535234451293945e+00 1.264973640441894531e+01 2.433750762939453125e+02 1.382029247283935547e+01
8.000000000000000000e+03 3.730561065673828125e+01 6.632530517578125000e+02 3.173069458007812500e+02 3.597724676132202148e+00 1.774371862411499023e+00 7.930246829986572266e+00 1.933890686035156250e+02 1.779612541198730469e+01 3.778084182739257812e+01 6.791112060546875000e+02 3.249341430664062500e+02 3.655240774154663086e+00 1.774371862411499023e+00 7.930246829986572266e+00 1.933890686035156250e+02 1.779612541198730469e+01
1.000000000000000000e+04 3.675184631347656250e+01 6.488615112304687500e+02 3.109718017578125000e+02 3.593252658843994141e+00 1.313252687454223633e+00 5.411431312561035156e+00 1.581401062011718750e+02 2.064997482299804688e+01 3.736418151855468750e+01 6.649181518554687500e+02 3.188425903320312500e+02 3.659197568893432617e+00 1.313252687454223633e+00 5.411431312561035156e+00 1.581401062011718750e+02 2.064997482299804688e+01
1.200000000000000000e+04 3.582236480712890625e+01 6.287122192382812500e+02 2.983232421875000000e+02 3.553813219070434570e+00 7.466660737991333008e-01 4.549921512603759766e+00 1.357818908691406250e+02 2.295136833190917969e+01 3.651116561889648438e+01 6.445358276367187500e+02 3.058962097167968750e+02 3.621155500411987305e+00 7.466660737991333008e-01 4.549921512603759766e+00 1.357818908691406250e+02 2.295136833190917969e+01
1.400000000000000000e+04 3.423280334472656250e+01 5.902410278320312500e+02 2.735110168457031250e+02 3.464581012725830078e+00 2.312766611576080322e-01 5.615073204040527344e+00 1.279170761108398438e+02 2.521390724182128906e+01 3.496300125122070312e+01 6.050940551757812500e+02 2.802568359375000000e+02 3.527143955230712891e+00 2.312766611576080322e-01 5.615073204040527344e+00 1.279170761108398438e+02 2.521390724182128906e+01
1.600000000000000000e+04 3.145639228820800781e+01 4.951158752441406250e+02 2.231848297119140625e+02 3.282583236694335938e+00 9.923614561557769775e-04 1.112812232971191406e+01 1.427395782470703125e+02 2.795309257507324219e+01 3.217408370971679688e+01 5.070050964355468750e+02 2.273425445556640625e+02 3.332063198089599609e+00 9.923614561557769775e-04 1.112812232971191406e+01 1.427395782470703125e+02 2.795309257507324219e+01
1.800000000000000000e+04 2.893516349792480469e+01 3.006873779296875000e+02 1.424449615478515625e+02 3.101310014724731445e+00 7.528364658355712891e-02 2.415865898132324219e+01 1.756300506591796875e+02 3.464282989501953125e+01 2.959486007690429688e+01 3.063257141113281250e+02 1.432852935791015625e+02 3.111876249313354492e+00 7.528364658355712891e-02 2.415865898132324219e+01 1.756300506591796875e+02 3.464282989501953125e+01
2.000000000000000000e+04 2.674150085449218750e+01 1.485165863037109375e+02 7.516614532470703125e+01 3.152082443237304688e+00 1.805600076913833618e-01 3.206685256958007812e+01 1.749220275878906250e+02 5.019043731689453125e+01 2.731512069702148438e+01 1.498927307128906250e+02 7.603150939941406250e+01 3.088935613632202148e+00 1.805600076913833618e-01 3.206685256958007812e+01 1.749220275878906250e+02 5.019043731689453125e+01
2.200000000000000000e+04 2.474338150024414062e+01 7.845685577392578125e+01 3.967560195922851562e+01 3.189680099487304688e+00 2.851764857769012451e-01 3.068852806091308594e+01 1.498992004394531250e+02 6.497530364990234375e+01 2.525128364562988281e+01 7.821859741210937500e+01 4.017468261718750000e+01 3.091556310653686523e+00 2.851764857769012451e-01 3.068852806091308594e+01 1.498992004394531250e+02 6.497530364990234375e+01
2.400000000000000000e+04 2.334830474853515625e+01 4.505556106567382812e+01 2.273752212524414062e+01 3.218166589736938477e+00 3.931661248207092285e-01 2.543500137329101562e+01 1.220096817016601562e+02 7.291547393798828125e+01 2.381064414978027344e+01 4.425576019287109375e+01 2.299546241760253906e+01 3.096415519714355469e+00 3.931661248207092285e-01 2.543500137329101562e+01 1.220096817016601562e+02 7.291547393798828125e+01
2.600000000000000000e+04 2.207598876953125000e+01 2.872994232177734375e+01 1.453315448760986328e+01 3.323955774307250977e+00 5.159285068511962891e-01 1.960531234741210938e+01 9.867082977294921875e+01 7.347884368896484375e+01 2.248683357238769531e+01 2.759464263916015625e+01 1.469145965576171875e+01 3.145350456237792969e+00 5.159285068511962891e-01 1.960531234741210938e+01 9.867082977294921875e+01 7.347884368896484375e+01
2.800000000000000000e+04 2.086925315856933594e+01 2.104740524291992188e+01 1.041210269927978516e+01 3.554602384567260742e+00 6.619182825088500977e-01 1.432347679138183594e+01 8.096675109863281250e+01 6.803499603271484375e+01 2.122838211059570312e+01 1.950990486145019531e+01 1.053450012207031250e+01 3.269064903259277344e+00 6.619182825088500977e-01 1.432347679138183594e+01 8.096675109863281250e+01 6.803499603271484375e+01
3.000000000000000000e+04 1.982731246948242188e+01 1.738902664184570312e+01 8.157608985900878906e+00 3.942439794540405273e+00 8.286867141723632812e-01 9.886281013488769531e+00 6.777308654785156250e+01 5.891611099243164062e+01 2.015075111389160156e+01 1.545494461059570312e+01 8.260405540466308594e+00 3.500970363616943359e+00 8.286867141723632812e-01 9.886281013488769531e+00 6.777308654785156250e+01 5.891611099243164062e+01
3.200000000000000000e+04 1.897854804992675781e+01 1.529512214660644531e+01 6.784348964691162109e+00 4.483085632324218750e+00 9.918965697288513184e-01 6.341316223144531250e+00 5.753124237060546875e+01 4.853643798828125000e+01 1.929894828796386719e+01 1.319278526306152344e+01 6.873908042907714844e+00 3.859816074371337891e+00 9.918965697288513184e-01 6.341316223144531250e+00 5.753124237060546875e+01 4.853643798828125000e+01
3.400000000000000000e+04 1.823895454406738281e+01 1.355140495300292969e+01 5.812987327575683594e+00 5.120446681976318359e+00 1.114767909049987793e+00 3.725657939910888672e+00 4.907685089111328125e+01 3.886020660400390625e+01 1.858721733093261719e+01 1.159991550445556641e+01 5.886617183685302734e+00 4.327507495880126953e+00 1.114767909049987793e+00 3.725657939910888672e+00 4.907685089111328125e+01 3.886020660400390625e+01
3.600000000000000000e+04 1.754452133178710938e+01 1.173424053192138672e+01 5.012639522552490234e+00 5.756771564483642578e+00 1.171960830688476562e+00 2.026121616363525391e+00 4.168102264404296875e+01 3.119996070861816406e+01 1.792799758911132812e+01 1.011311721801757812e+01 5.047053813934326172e+00 4.838316440582275391e+00 1.171960830688476562e+00 2.026121616363525391e+00 4.168102264404296875e+01 3.119996070861816406e+01
3.800000000000000000e+04 1.690057373046875000e+01 9.919055938720703125e+00 4.332310199737548828e+00 6.311431884765625000e+00 1.169011235237121582e+00 1.050200939178466797e+00 3.502985000610351562e+01 2.579179954528808594e+01 1.730743408203125000e+01 8.617289543151855469e+00 4.295629024505615234e+00 5.317384243011474609e+00 1.169011235237121582e+00 1.050200939178466797e+00 3.502985000610351562e+01 2.579179954528808594e+01
4.000000000000000000e+04 1.632046127319335938e+01 8.278759956359863281e+00 3.793791294097900391e+00 6.761847019195556641e+00 1.131592988967895508e+00 5.266548991203308105e-01 2.914547538757324219e+01 2.206406021118164062e+01 1.673647880554199219e+01 7.215349197387695312e+00 3.660048484802246094e+00 5.728659152984619141e+00 1.131592988967895508e+00 5.266548991203308105e-01 2.914547538757324219e+01 2.206406021118164062e+01
4.200000000000000000e+04 1.579357051849365234e+01 6.890012264251708984e+00 3.399083375930786133e+00 7.120952606201171875e+00 1.082790136337280273e+00 2.527014017105102539e-01 2.410232925415039062e+01 1.938533210754394531e+01 1.620877647399902344e+01 5.993081569671630859e+00 3.150955677032470703e+00 6.069969654083251953e+00 1.082790136337280273e+00 2.527014017105102539e-01 2.410232925415039062e+01 1.938533210754394531e+01
4.400000000000000000e+04 1.529650211334228516e+01 5.751031875610351562e+00 3.121098756790161133e+00 7.408030509948730469e+00 1.035790085792541504e+00 1.120519265532493591e-01 1.988432693481445312e+01 1.735428810119628906e+01 1.570476531982421875e+01 4.971539020538330078e+00 2.749481678009033203e+00 6.350176811218261719e+00 1.035790085792541504e+00 1.120519265532493591e-01 1.988432693481445312e+01 1.735428810119628906e+01
4.500000000000000000e+04 1.505240631103515625e+01 5.265452384948730469e+00 3.014844655990600586e+00 7.529581069946289062e+00 1.014850974082946777e+00 7.107181847095489502e-02 1.805985832214355469e+01 1.650739669799804688e+01 1.545571613311767578e+01 4.532062530517578125e+00 2.580648899078369141e+00 6.470327854156494141e+00 1.014850974082946777e+00 7.107181847095489502e-02 1.805985832214355469e+01 1.650739669799804688e+01
4.500000000000000000e+04 1.505240631103515625e+01 5.265452384948730469e+00 3.014844655990600586e+00 7.529581069946289062e+00 1.014850974082946777e+00 7.107181847095489502e-02 1.805985832214355469e+01 1.650739669799804688e+01 1.545571613311767578e+01 4.532062530517578125e+00 2.580648899078369141e+00 6.470327854156494141e+00 1.014850974082946777e+00 7.107181847095489502e-02 1.805985832214355469e+01 1.650739669799804688e+01
4.600000000000000000e+04 3.912855386734008789e-01 9.240631014108657837e-03 1.125722844153642654e-02 4.198381006717681885e-01 2.898583188652992249e-03 2.979884447995573282e-05 1.964863622561097145e-05 3.037872910499572754e-01 3.912855386734008789e-01 9.240631014108657837e-03 1.125722844153642654e-02 4.198381006717681885e-01 2.898583188652992249e-03 2.979884447995573282e-05 1.964863622561097145e-05 3.037872910499572754e-01
4.700000000000000000e+04 1.765008270740509033e-01 6.667647510766983032e-02 1.984772644937038422e-02 2.206268012523651123e-01 1.230753841809928417e-03 7.658348768018186092e-04 6.726622814312577248e-09 1.986571103334426880e-01 1.765008270740509033e-01 6.667647510766983032e-02 1.984772644937038422e-02 2.206268012523651123e-01 1.230753841809928417e-03 7.658348768018186092e-04 6.726622814312577248e-09 1.986571103334426880e-01
4.800000000000000000e+04 1.077268645167350769e-01 1.976818591356277466e-02 1.054230518639087677e-02 1.935694180428981781e-02 4.625316250894684345e-06 1.424498123014927842e-06 3.230670699849724770e-07 1.275344111490994692e-04 1.077268645167350769e-01 1.976818591356277466e-02 1.054230518639087677e-02 1.935694180428981781e-02 4.625316250894684345e-06 1.424498123014927842e-06 3.230670699849724770e-07 1.275344111490994692e-04
4.900000000000000000e+04 2.016017772257328033e-02 4.961702041327953339e-03 2.878499217331409454e-03 4.198348615318536758e-03 1.352654362563043833e-05 2.420645614620298147e-05 9.197174222208559513e-06 2.016798362092231400e-06 2.016017772257328033e-02 4.961702041327953339e-03 2.878499217331409454e-03 4.198348615318536758e-03 1.352654362563043833e-05 2.420645614620298147e-05 9.197174222208559513e-06 2.016798362092231400e-06
4.962000000000000000e+04 1.846702303737401962e-03 1.496612792834639549e-03 8.594185346737504005e-04 2.350339666008949280e-03 7.842976401661871932e-07 2.188155576732242480e-07 5.253241397440433502e-09 3.611216925492044538e-07 2.817451858520507812e+01 4.753743896484375000e+02 8.696610351562500000e+03 9.637996673583984375e+00 7.842976401661871932e-07 2.188155576732242480e-07 5.253241397440433502e-09 3.611216925492044538e-07
4.962000000000000000e+04 1.846702303737401962e-03 1.496612792834639549e-03 8.594185346737504005e-04 2.350339666008949280e-03 7.842976401661871932e-07 2.188155576732242480e-07 5.253241397440433502e-09 3.611216925492044538e-07 2.817451858520507812e+01 4.753743896484375000e+02 8.696610351562500000e+03 9.637996673583984375e+00 7.842976401661871932e-07 2.188155576732242480e-07 5.253241397440433502e-09 3.611216925492044538e-07
4.963100000000000000e+04 1.698741210937500000e+04 4.423105000000000000e+05 7.112255500000000000e+06 3.556149597167968750e+02 2.926534116268157959e-01 2.584183593750000000e+03 6.404012109375000000e+04 1.553987670898437500e+03 1.668843945312500000e+04 2.842331875000000000e+05 2.340340000000000000e+06 1.468621826171875000e+02 2.926534116268157959e-01 2.584183593750000000e+03 6.404012109375000000e+04 1.553987670898437500e+03
