# step, loss_train, loss_test, metrics_test
0.000000000000000000e+00 2.115845978260040283e-01 7.115300395525991917e-04 1.599995940923690796e-01 1.614605635404586792e-01 1.322499990463256836e+00 4.444445017725229263e-03 1.000000000000000000e+00 4.000000283122062683e-02 2.115844488143920898e-01 7.115286425687372684e-04 1.599996834993362427e-01 1.614868342876434326e-01 1.322499990463256836e+00 4.444445017725229263e-03 1.000000000000000000e+00 4.000000283122062683e-02
2.000000000000000000e+03 2.165928781032562256e-01 7.193050696514546871e-04 1.588857024908065796e-01 1.608649045228958130e-01 7.110322117805480957e-01 2.005433663725852966e-03 5.251425504684448242e-01 1.488330215215682983e-02 2.165891081094741821e-01 7.192555349320173264e-04 1.588872522115707397e-01 1.608836948871612549e-01 7.110322117805480957e-01 2.005433663725852966e-03 5.251425504684448242e-01 1.488330215215682983e-02
4.000000000000000000e+03 2.259929329156875610e-01 7.398086017929017544e-04 1.568585336208343506e-01 1.604411900043487549e-01 3.772053122520446777e-01 8.007861906662583351e-04 2.696719765663146973e-01 6.093599833548069000e-03 2.259908020496368408e-01 7.397574372589588165e-04 1.568597108125686646e-01 1.604542434215545654e-01 3.772053122520446777e-01 8.007861906662583351e-04 2.696719765663146973e-01 6.093599833548069000e-03
6.000000000000000000e+03 2.342938631772994995e-01 7.586281863041222095e-04 1.551070511341094971e-01 1.601426303386688232e-01 1.961929947137832642e-01 2.563286107033491135e-04 1.343538165092468262e-01 3.195440396666526794e-03 2.342955470085144043e-01 7.585916901007294655e-04 1.551071703433990479e-01 1.601510643959045410e-01 1.961929947137832642e-01 2.563286107033491135e-04 1.343538165092468262e-01 3.195440396666526794e-03
8.000000000000000000e+03 2.398342043161392212e-01 7.713189115747809410e-04 1.539504975080490112e-01 1.599365770816802979e-01 1.002856642007827759e-01 5.120827700011432171e-05 6.499174237251281738e-02 2.431850647553801537e-03 2.398398369550704956e-01 7.712988299317657948e-04 1.539494544267654419e-01 1.599413305521011353e-01 1.002856642007827759e-01 5.120827700011432171e-05 6.499174237251281738e-02 2.431850647553801537e-03
1.000000000000000000e+04 2.427145242691040039e-01 7.779445149935781956e-04 1.533457636833190918e-01 1.597978472709655762e-01 5.071084946393966675e-02 1.146048816735856235e-06 3.066989406943321228e-02 2.550503471866250038e-03 2.427230328321456909e-01 7.779374718666076660e-04 1.533437520265579224e-01 1.597995460033416748e-01 5.071084946393966675e-02 1.146048816735856235e-06 3.066989406943321228e-02 2.550503471866250038e-03
1.200000000000000000e+04 2.436648905277252197e-01 7.801401079632341862e-04 1.531356871128082275e-01 1.597070544958114624e-01 2.557731606066226959e-02 8.305903065775055438e-06 1.420346647500991821e-02 3.130444558337330818e-03 2.436752319335937500e-01 7.801416795700788498e-04 1.531329900026321411e-01 1.597061604261398315e-01 2.557731606066226959e-02 8.305903065775055438e-06 1.420346647500991821e-02 3.130444558337330818e-03
1.400000000000000000e+04 2.434560209512710571e-01 7.796683348715305328e-04 1.531627178192138672e-01 1.596490293741226196e-01 1.298061199486255646e-02 2.788087113003712147e-05 6.492319516837596893e-03 3.969108220189809799e-03 2.434670329093933105e-01 7.796744466759264469e-04 1.531595587730407715e-01 1.596458405256271362e-01 1.298061199486255646e-02 2.788087113003712147e-05 6.492319516837596893e-03 3.969108220189809799e-03
1.600000000000000000e+04 2.426727861166000366e-01 7.778652361594140530e-04 1.533087641000747681e-01 1.596136838197708130e-01 6.687454413622617722e-03 4.368952431832440197e-05 2.943631727248430252e-03 4.916831851005554199e-03 2.426836937665939331e-01 7.778732106089591980e-04 1.533053964376449585e-01 1.596084237098693848e-01 6.687454413622617722e-03 4.368952431832440197e-05 2.943631727248430252e-03 4.916831851005554199e-03
1.800000000000000000e+04 2.416894435882568359e-01 7.755912956781685352e-04 1.534978747367858887e-01 1.595924198627471924e-01 3.529120236635208130e-03 5.235059143160469830e-05 1.329317106865346432e-03 5.858426447957754135e-03 2.416996508836746216e-01 7.755990955047309399e-04 1.534944772720336914e-01 1.595852226018905640e-01 3.529120236635208130e-03 5.235059143160469830e-05 1.329317106865346432e-03 5.858426447957754135e-03
2.000000000000000000e+04 2.407111674547195435e-01 7.733098464086651802e-04 1.536878943443298340e-01 1.595810502767562866e-01 1.925327582284808159e-03 5.527692337636835873e-05 5.999468849040567875e-04 6.718031596392393112e-03 2.407201677560806274e-01 7.733161328360438347e-04 1.536845713853836060e-01 1.595720201730728149e-01 1.925327582284808159e-03 5.527692337636835873e-05 5.999468849040567875e-04 6.718031596392393112e-03
2.200000000000000000e+04 2.398349195718765259e-01 7.712430087849497795e-04 1.538583636283874512e-01 1.595758795738220215e-01 1.095878891646862030e-03 5.455562131828628480e-05 2.714577713049948215e-04 7.457339204847812653e-03 2.398425042629241943e-01 7.712467922829091549e-04 1.538551896810531616e-01 1.595650762319564819e-01 1.095878891646862030e-03 5.455562131828628480e-05 2.714577713049948215e-04 7.457339204847812653e-03
2.400000000000000000e+04 2.390935570001602173e-01 7.694654632359743118e-04 1.540019810199737549e-01 1.595749706029891968e-01 6.564874202013015747e-04 5.203935870667919517e-05 1.235170493600890040e-04 8.065846748650074005e-03 2.390994727611541748e-01 7.694662781432271004e-04 1.539990305900573730e-01 1.595624536275863647e-01 6.564874202013015747e-04 5.203935870667919517e-05 1.235170493600890040e-04 8.065846748650074005e-03
2.600000000000000000e+04 2.384884059429168701e-01 7.679793052375316620e-04 1.541181653738021851e-01 1.595766395330429077e-01 4.168869345448911190e-04 4.885490488959476352e-05 5.672115730703808367e-05 8.549779653549194336e-03 2.384924888610839844e-01 7.679765112698078156e-04 1.541154533624649048e-01 1.595624089241027832e-01 4.168869345448911190e-04 4.885490488959476352e-05 5.672115730703808367e-05 8.549779653549194336e-03
2.800000000000000000e+04 2.380045056343078613e-01 7.667572353966534138e-04 1.542096138000488281e-01 1.595798283815383911e-01 2.817530767060816288e-04 4.572139005176723003e-05 2.638475052663125098e-05 8.924809284508228302e-03 2.380066961050033569e-01 7.667506579309701920e-04 1.542071849107742310e-01 1.595639437437057495e-01 2.817530767060816288e-04 4.572139005176723003e-05 2.638475052663125098e-05 8.924809284508228302e-03
3.000000000000000000e+04 2.376214861869812012e-01 7.657507667317986488e-04 1.542803496122360229e-01 1.595838963985443115e-01 2.029379538726061583e-04 4.287262709112837911e-05 1.248549870069837198e-05 9.209667332470417023e-03 2.376216650009155273e-01 7.657402893528342247e-04 1.542781889438629150e-01 1.595663726329803467e-01 2.029379538726061583e-04 4.287262709112837911e-05 1.248549870069837198e-05 9.209667332470417023e-03
3.200000000000000000e+04 2.373209744691848755e-01 7.649225299246609211e-04 1.543340682983398438e-01 1.595887690782546997e-01 1.553375914227217436e-04 4.038681072415784001e-05 6.054253844922641292e-06 9.420783258974552155e-03 2.373191267251968384e-01 7.649079780094325542e-04 1.543322205543518066e-01 1.595695763826370239e-01 1.553375914227217436e-04 4.038681072415784001e-05 6.054253844922641292e-06 9.420783258974552155e-03
3.400000000000000000e+04 2.370833903551101685e-01 7.642293930985033512e-04 1.543747037649154663e-01 1.595936417579650879e-01 1.256659888895228505e-04 3.830478090094402432e-05 3.035413328689173795e-06 9.575887583196163177e-03 2.370795160531997681e-01 7.642106502316892147e-04 1.543731838464736938e-01 1.595727801322937012e-01 1.256659888895228505e-04 3.830478090094402432e-05 3.035413328689173795e-06 9.575887583196163177e-03
3.600000000000000000e+04 2.368952631950378418e-01 7.636424270458519459e-04 1.544050723314285278e-01 1.595983505249023438e-01 1.066662443918175995e-04 3.659166031866334379e-05 1.569433720760571305e-06 9.687225334346294403e-03 2.368893474340438843e-01 7.636195514351129532e-04 1.544038802385330200e-01 1.595758497714996338e-01 1.066662443918175995e-04 3.659166031866334379e-05 1.569433720760571305e-06 9.687225334346294403e-03
3.800000000000000000e+04 2.367454022169113159e-01 7.631379994563758373e-04 1.544274687767028809e-01 1.596024483442306519e-01 9.400561248185113072e-05 3.521562757669016719e-05 9.151878543889324646e-07 9.765483438968658447e-03 2.367374151945114136e-01 7.631111075170338154e-04 1.544265449047088623e-01 1.595782637596130371e-01 9.400561248185113072e-05 3.521562757669016719e-05 9.151878543889324646e-07 9.765483438968658447e-03
4.000000000000000000e+04 2.366239726543426514e-01 7.626943988725543022e-04 1.544438600540161133e-01 1.596061438322067261e-01 8.526806050213053823e-05 3.414907769183628261e-05 5.133829290571156889e-07 9.819032624363899231e-03 2.366139441728591919e-01 7.626634906046092510e-04 1.544432640075683594e-01 1.595802903175354004e-01 8.526806050213053823e-05 3.414907769183628261e-05 5.133829290571156889e-07 9.819032624363899231e-03
4.000000000000000000e+04 2.366239726543426514e-01 7.626943988725543022e-04 1.544438600540161133e-01 1.596061438322067261e-01 8.526806050213053823e-05 3.414907769183628261e-05 5.133829290571156889e-07 9.819032624363899231e-03 2.366139441728591919e-01 7.626634906046092510e-04 1.544432640075683594e-01 1.595802903175354004e-01 8.526806050213053823e-05 3.414907769183628261e-05 5.133829290571156889e-07 9.819032624363899231e-03
4.006900000000000000e+04 3.183913826942443848e-01 3.481431340333074331e-04 9.251997619867324829e-02 7.690714299678802490e-02 3.963787457905709743e-04 1.220658235251903534e-02 1.227553654462099075e-02 3.099708992522209883e-04 3.189087212085723877e-01 3.399809647817164660e-04 9.051423519849777222e-02 7.439895719289779663e-02 3.963787457905709743e-04 1.220658235251903534e-02 1.227553654462099075e-02 3.099708992522209883e-04
