# step, loss_train, loss_test, metrics_test
0.000000000000000000e+00 4.460755288600921631e-01 6.871854420751333237e-04 1.723244488239288330e-01 2.122259140014648438e-01 1.322499990463256836e+00 4.444445017725229263e-03 1.000000000000000000e+00 4.000000283122062683e-02 2.425698339939117432e-01 4.024863010272383690e-04 1.678172647953033447e-01 2.075547128915786743e-01 1.322499990463256836e+00 4.444445017725229263e-03 1.000000000000000000e+00 4.000000283122062683e-02
2.000000000000000000e+03 2.293146252632141113e-01 1.709432573989033699e-03 1.408050358295440674e-01 1.616878956556320190e-01 1.623709052801132202e-01 5.295457784086465836e-03 8.321766654262319207e-05 1.029919460415840149e-02 2.297841161489486694e-01 1.507954904809594154e-03 1.426265388727188110e-01 1.637236326932907104e-01 1.623709052801132202e-01 5.295457784086465836e-03 8.321766654262319207e-05 1.029919460415840149e-02
4.000000000000000000e+03 2.065004110336303711e-01 1.364223076961934566e-03 1.491429060697555542e-01 1.718768626451492310e-01 6.883688271045684814e-03 3.207969130016863346e-04 1.325781704508699477e-05 9.885981678962707520e-03 2.068122774362564087e-01 1.172704156488180161e-03 1.511573940515518188e-01 1.727373749017715454e-01 6.883688271045684814e-03 3.207969130016863346e-04 1.325781704508699477e-05 9.885981678962707520e-03
6.000000000000000000e+03 1.842970252037048340e-01 1.261510304175317287e-03 1.574831455945968628e-01 1.818119585514068604e-01 1.046493416652083397e-04 3.493666372378356755e-05 1.413988911735941656e-06 7.572195492684841156e-03 1.844225078821182251e-01 1.024835160933434963e-03 1.594104319810867310e-01 1.814272254705429077e-01 1.046493416652083397e-04 3.493666372378356755e-05 1.413988911735941656e-06 7.572195492684841156e-03
8.000000000000000000e+03 1.700556427240371704e-01 1.240913174115121365e-03 1.629763990640640259e-01 1.882054358720779419e-01 3.262867539888247848e-05 1.834290560509543866e-05 5.739613698096945882e-06 6.314164493232965469e-03 1.701245456933975220e-01 9.631657740101218224e-04 1.647869050502777100e-01 1.870438009500503540e-01 3.262867539888247848e-05 1.834290560509543866e-05 5.739613698096945882e-06 6.314164493232965469e-03
1.000000000000000000e+04 1.600665450096130371e-01 1.250003231689333916e-03 1.666834652423858643e-01 1.921462267637252808e-01 1.019980991259217262e-04 1.946820157172624022e-05 7.922257282189093530e-06 5.710967350751161575e-03 1.601464599370956421e-01 9.374345536343753338e-04 1.684206426143646240e-01 1.905841380357742310e-01 1.019980991259217262e-04 1.946820157172624022e-05 7.922257282189093530e-06 5.710967350751161575e-03
1.200000000000000000e+04 1.520102769136428833e-01 1.273522968403995037e-03 1.694993972778320312e-01 1.947851777076721191e-01 1.368405937682837248e-04 2.250762918265536427e-05 9.588072316546458751e-06 5.405714735388755798e-03 1.521297097206115723e-01 9.286347194574773312e-04 1.711969226598739624e-01 1.930385679006576538e-01 1.368405937682837248e-04 2.250762918265536427e-05 9.588072316546458751e-06 5.405714735388755798e-03
1.400000000000000000e+04 1.448428630828857422e-01 1.306536491028964520e-03 1.718874871730804443e-01 1.967544257640838623e-01 1.543703983770683408e-04 2.539950764912646264e-05 1.124340633396059275e-05 5.236654542386531830e-03 1.450125724077224731e-01 9.293900220654904842e-04 1.735633909702301025e-01 1.949411481618881226e-01 1.543703983770683408e-04 2.539950764912646264e-05 1.124340633396059275e-05 5.236654542386531830e-03
1.600000000000000000e+04 1.381588280200958252e-01 1.347565324977040291e-03 1.740467250347137451e-01 1.983410567045211792e-01 1.629982434678822756e-04 2.758859045570716262e-05 1.289400461246259511e-05 5.134612787514925003e-03 1.383824348449707031e-01 9.370713378302752972e-04 1.757095307111740112e-01 1.965314000844955444e-01 1.629982434678822756e-04 2.758859045570716262e-05 1.289400461246259511e-05 5.134612787514925003e-03
1.800000000000000000e+04 1.318379044532775879e-01 1.396412379108369350e-03 1.760444492101669312e-01 1.996580660343170166e-01 1.658997061895206571e-04 2.897889316955115646e-05 1.449421961297048256e-05 5.071470513939857483e-03 1.321161985397338867e-01 9.510954259894788265e-04 1.776979565620422363e-01 1.979022026062011719e-01 1.658997061895206571e-04 2.897889316955115646e-05 1.449421961297048256e-05 5.071470513939857483e-03
2.000000000000000000e+04 1.258459091186523438e-01 1.452674390748143196e-03 1.779078692197799683e-01 2.007600218057632446e-01 1.646644523134455085e-04 2.946287531813140959e-05 1.594051536812912673e-05 5.036708898842334747e-03 1.261780858039855957e-01 9.711404563859105110e-04 1.795546412467956543e-01 1.990966051816940308e-01 1.646644523134455085e-04 2.946287531813140959e-05 1.594051536812912673e-05 5.036708898842334747e-03
2.200000000000000000e+04 1.201918423175811768e-01 1.516011077910661697e-03 1.796423643827438354e-01 2.016740441322326660e-01 1.602068514330312610e-04 2.939202386187389493e-05 1.726039408822543919e-05 5.025243386626243591e-03 1.205760464072227478e-01 9.971392573788762093e-04 1.812844127416610718e-01 2.001342475414276123e-01 1.602068514330312610e-04 2.939202386187389493e-05 1.726039408822543919e-05 5.025243386626243591e-03
2.400000000000000000e+04 1.148918271064758301e-01 1.585993333719670773e-03 1.812466531991958618e-01 2.024167031049728394e-01 1.535745686851441860e-04 2.864037196559365839e-05 1.833193164202384651e-05 5.033907014876604080e-03 1.153258755803108215e-01 1.029047300107777119e-03 1.828858554363250732e-01 2.010261863470077515e-01 1.535745686851441860e-04 2.864037196559365839e-05 1.833193164202384651e-05 5.033907014876604080e-03
2.600000000000000000e+04 1.099550649523735046e-01 1.662140712141990662e-03 1.827204674482345581e-01 2.030041664838790894e-01 1.447468530386686325e-04 2.730871347011998296e-05 1.906438956211786717e-05 5.061002448201179504e-03 1.104364767670631409e-01 1.066766213625669479e-03 1.843587905168533325e-01 2.017834484577178955e-01 1.447468530386686325e-04 2.730871347011998296e-05 1.906438956211786717e-05 5.061002448201179504e-03
2.800000000000000000e+04 1.053745150566101074e-01 1.743701170198619366e-03 1.840704977512359619e-01 2.034554928541183472e-01 1.350476086372509599e-04 2.578948078735265881e-05 1.957947461050935090e-05 5.105161573737859726e-03 1.059004366397857666e-01 1.109938253648579121e-03 1.857102513313293457e-01 2.024192065000534058e-01 1.350476086372509599e-04 2.578948078735265881e-05 1.957947461050935090e-05 5.105161573737859726e-03
3.000000000000000000e+04 1.011364087462425232e-01 1.829904504120349884e-03 1.853043586015701294e-01 2.037890702486038208e-01 1.251693465746939182e-04 2.390312511124648154e-05 1.986110328289214522e-05 5.164795555174350739e-03 1.017039269208908081e-01 1.158176222816109657e-03 1.869479417800903320e-01 2.029469609260559082e-01 1.251693465746939182e-04 2.390312511124648154e-05 1.986110328289214522e-05 5.164795555174350739e-03
3.200000000000000000e+04 9.721854329109191895e-02 1.920155715197324753e-03 1.864333897829055786e-01 2.040265202522277832e-01 1.147807342931628227e-04 2.190222767239902169e-05 1.984888513106852770e-05 5.237070843577384949e-03 9.782459586858749390e-02 1.211088150739669800e-03 1.880829483270645142e-01 2.033834606409072876e-01 1.147807342931628227e-04 2.190222767239902169e-05 1.984888513106852770e-05 5.237070843577384949e-03
3.400000000000000000e+04 9.360481798648834229e-02 2.013540128245949745e-03 1.874646246433258057e-01 2.041808068752288818e-01 1.043763550114817917e-04 1.992078250623308122e-05 1.957841959665529430e-05 5.321392323821783066e-03 9.424638748168945312e-02 1.268104300834238529e-03 1.891227662563323975e-01 2.037378549575805664e-01 1.043763550114817917e-04 1.992078250623308122e-05 1.957841959665529430e-05 5.321392323821783066e-03
3.600000000000000000e+04 9.027780592441558838e-02 2.109590684995055199e-03 1.884052008390426636e-01 2.042657732963562012e-01 9.443143062526360154e-05 1.803671148081775755e-05 1.911282743094488978e-05 5.415511783212423325e-03 9.095192700624465942e-02 1.328891026787459850e-03 1.900740712881088257e-01 2.040211558341979980e-01 9.443143062526360154e-05 1.803671148081775755e-05 1.911282743094488978e-05 5.415511783212423325e-03
3.800000000000000000e+04 8.721531182527542114e-02 2.207535784691572189e-03 1.892647743225097656e-01 2.042959332466125488e-01 8.496671216562390327e-05 1.625384720682632178e-05 1.852024070103652775e-05 5.517533048987388611e-03 8.791908621788024902e-02 1.392836798913776875e-03 1.909463554620742798e-01 2.042446285486221313e-01 8.496671216562390327e-05 1.625384720682632178e-05 1.852024070103652775e-05 5.517533048987388611e-03
4.000000000000000000e+04 8.441172540187835693e-02 2.306668786332011223e-03 1.900432258844375610e-01 2.042760252952575684e-01 7.618262316100299358e-05 1.447658178221900016e-05 1.772255382093135267e-05 5.625251680612564087e-03 8.514276891946792603e-02 1.459476188756525517e-03 1.917389035224914551e-01 2.044114321470260620e-01 7.618262316100299358e-05 1.447658178221900016e-05 1.772255382093135267e-05 5.625251680612564087e-03
4.200000000000000000e+04 8.182682096958160400e-02 2.406306564807891846e-03 1.907588541507720947e-01 2.042233943939208984e-01 6.827506877016276121e-05 1.283686833630781621e-05 1.686254108790308237e-05 5.737440660595893860e-03 8.258256316184997559e-02 1.528096618130803108e-03 1.924700886011123657e-01 2.045367807149887085e-01 6.827506877016276121e-05 1.283686833630781621e-05 1.686254108790308237e-05 5.737440660595893860e-03
4.400000000000000000e+04 7.945203781127929688e-02 2.505838172510266304e-03 1.914125978946685791e-01 2.041407972574234009e-01 6.112272967584431171e-05 1.142687233368633315e-05 1.598623930476605892e-05 5.852935835719108582e-03 8.023019134998321533e-02 1.598210772499442101e-03 1.931406855583190918e-01 2.046227008104324341e-01 6.112272967584431171e-05 1.142687233368633315e-05 1.598623930476605892e-05 5.852935835719108582e-03
4.600000000000000000e+04 7.726927846670150757e-02 2.604801673442125320e-03 1.920113563537597656e-01 2.040371298789978027e-01 5.478699677041731775e-05 1.016433634504210204e-05 1.511848313384689391e-05 5.968562327325344086e-03 7.806786894798278809e-02 1.669303630478680134e-03 1.937569379806518555e-01 2.046770304441452026e-01 5.478699677041731775e-05 1.016433634504210204e-05 1.511848313384689391e-05 5.968562327325344086e-03
4.800000000000000000e+04 7.526127249002456665e-02 2.702777273952960968e-03 1.925609111785888672e-01 2.039163410663604736e-01 4.889615593128837645e-05 9.004507774079684168e-06 1.414238158758962527e-05 6.084644235670566559e-03 7.607840001583099365e-02 1.740902429446578026e-03 1.943247020244598389e-01 2.047035545110702515e-01 4.889615593128837645e-05 9.004507774079684168e-06 1.414238158758962527e-05 6.084644235670566559e-03
5.000000000000000000e+04 7.340408116579055786e-02 2.799269044771790504e-03 1.930704712867736816e-01 2.037836462259292603e-01 4.374459604150615633e-05 7.988031939021311700e-06 1.320621504419250414e-05 6.199887022376060486e-03 7.423806935548782349e-02 1.812441740185022354e-03 1.948528736829757690e-01 2.047071009874343872e-01 4.374459604150615633e-05 7.988031939021311700e-06 1.320621504419250414e-05 6.199887022376060486e-03
5.200000000000000000e+04 7.170535624027252197e-02 2.893994562327861786e-03 1.935317814350128174e-01 2.036348581314086914e-01 3.907471909769810736e-05 7.081976946210488677e-06 1.228120527230203152e-05 6.313636433333158493e-03 7.255490869283676147e-02 1.883724937215447426e-03 1.953330785036087036e-01 2.046842128038406372e-01 3.907471909769810736e-05 7.081976946210488677e-06 1.228120527230203152e-05 6.313636433333158493e-03
5.400000000000000000e+04 7.013926655054092407e-02 2.986262319609522820e-03 1.939561963081359863e-01 2.034786790609359741e-01 3.489475056994706392e-05 6.229627160792006180e-06 1.136163336923345923e-05 6.425728090107440948e-03 7.100290060043334961e-02 1.954006729647517204e-03 1.957768052816390991e-01 2.046431750059127808e-01 3.489475056994706392e-05 6.229627160792006180e-06 1.136163336923345923e-05 6.425728090107440948e-03
5.600000000000000000e+04 6.869948655366897583e-02 3.076632274314761162e-03 1.943437457084655762e-01 2.033153623342514038e-01 3.114779974566772580e-05 5.554108156502479687e-06 1.048710510076489300e-05 6.533886305987834930e-03 6.957613676786422729e-02 2.023553475737571716e-03 1.961832940578460693e-01 2.045853734016418457e-01 3.114779974566772580e-05 5.554108156502479687e-06 1.048710510076489300e-05 6.533886305987834930e-03
5.800000000000000000e+04 6.737236678600311279e-02 3.164259949699044228e-03 1.946988850831985474e-01 2.031464576721191406e-01 2.786725963233038783e-05 4.914900728181237355e-06 9.643521480029448867e-06 6.639547180384397507e-03 6.826084107160568237e-02 2.091648289933800697e-03 1.965575069189071655e-01 2.045124918222427368e-01 2.786725963233038783e-05 4.914900728181237355e-06 9.643521480029448867e-06 6.639547180384397507e-03
6.000000000000000000e+04 6.614633649587631226e-02 3.249040339142084122e-03 1.950258016586303711e-01 2.029750943183898926e-01 2.496182059985585511e-05 4.362214440334355459e-06 8.861899914336390793e-06 6.741068791598081589e-03 6.704565137624740601e-02 2.158061834052205086e-03 1.969032436609268188e-01 2.044282853603363037e-01 2.496182059985585511e-05 4.362214440334355459e-06 8.861899914336390793e-06 6.741068791598081589e-03
6.200000000000000000e+04 6.501261144876480103e-02 3.330988576635718346e-03 1.953265815973281860e-01 2.028019577264785767e-01 2.250943180115427822e-05 3.919010396202793345e-06 8.184429134416859597e-06 6.837819702923297882e-03 6.592186540365219116e-02 2.222679555416107178e-03 1.972223818302154541e-01 2.043338716030120850e-01 2.250943180115427822e-05 3.919010396202793345e-06 8.184429134416859597e-06 6.837819702923297882e-03
6.400000000000000000e+04 6.396312266588211060e-02 3.409835509955883026e-03 1.956031620502471924e-01 2.026281356811523438e-01 2.021703767240978777e-05 3.503223979350877926e-06 7.518196071032434702e-06 6.930441129952669144e-03 6.488145887851715088e-02 2.285209950059652328e-03 1.975170969963073730e-01 2.042307853698730469e-01 2.021703767240978777e-05 3.503223979350877926e-06 7.518196071032434702e-06 6.930441129952669144e-03
6.500000000000000000e+04 6.346929818391799927e-02 3.448062576353549957e-03 1.957319378852844238e-01 2.025408148765563965e-01 1.915715074574109167e-05 3.289705091447103769e-06 7.179544354585232213e-06 6.974715739488601685e-03 6.439194083213806152e-02 2.315666992217302322e-03 1.976547241210937500e-01 2.041760534048080444e-01 1.915715074574109167e-05 3.289705091447103769e-06 7.179544354585232213e-06 6.974715739488601685e-03
6.500000000000000000e+04 6.346929818391799927e-02 3.448062576353549957e-03 1.957319378852844238e-01 2.025408148765563965e-01 1.915715074574109167e-05 3.289705091447103769e-06 7.179544354585232213e-06 6.974715739488601685e-03 6.439194083213806152e-02 2.315666992217302322e-03 1.976547241210937500e-01 2.041760534048080444e-01 1.915715074574109167e-05 3.289705091447103769e-06 7.179544354585232213e-06 6.974715739488601685e-03
6.501800000000000000e+04 6.346929818391799927e-02 3.448062576353549957e-03 1.957319378852844238e-01 2.025408148765563965e-01 1.915715074574109167e-05 3.289705091447103769e-06 7.179544354585232213e-06 6.974715739488601685e-03 6.439194083213806152e-02 2.315666992217302322e-03 1.976547241210937500e-01 2.041760534048080444e-01 1.915715074574109167e-05 3.289705091447103769e-06 7.179544354585232213e-06 6.974715739488601685e-03
