# x
0.000000000000000000e+00
0.000000000000000000e+00
0.000000000000000000e+00
0.000000000000000000e+00
0.000000000000000000e+00
0.000000000000000000e+00
0.000000000000000000e+00
0.000000000000000000e+00
0.000000000000000000e+00
0.000000000000000000e+00
0.000000000000000000e+00
0.000000000000000000e+00
0.000000000000000000e+00
0.000000000000000000e+00
0.000000000000000000e+00
0.000000000000000000e+00
0.000000000000000000e+00
0.000000000000000000e+00
0.000000000000000000e+00
0.000000000000000000e+00
0.000000000000000000e+00
0.000000000000000000e+00
0.000000000000000000e+00
0.000000000000000000e+00
0.000000000000000000e+00
0.000000000000000000e+00
0.000000000000000000e+00
0.000000000000000000e+00
1.019999980926513672e+01
0.000000000000000000e+00
0.000000000000000000e+00
1.019999980926513672e+01
0.000000000000000000e+00
0.000000000000000000e+00
0.000000000000000000e+00
0.000000000000000000e+00
0.000000000000000000e+00
1.019999980926513672e+01
5.099999904632568359e+00
2.549999952316284180e+00
7.649999618530273438e+00
1.274999976158142090e+00
6.375000000000000000e+00
3.824999809265136719e+00
8.925000190734863281e+00
6.374999880790710449e-01
5.737499713897705078e+00
3.187500000000000000e+00
8.287499427795410156e+00
1.912499904632568359e+00
7.012499809265136719e+00
4.462500095367431641e+00
9.562500000000000000e+00
3.187499940395355225e-01
5.418749809265136719e+00
2.868749856948852539e+00
7.968750000000000000e+00
1.593750000000000000e+00
6.693749904632568359e+00
4.143749713897705078e+00
9.243749618530273438e+00
9.562499523162841797e-01
6.056250095367431641e+00
3.506249904632568359e+00
8.606249809265136719e+00
2.231250047683715820e+00
7.331249713897705078e+00
4.781250000000000000e+00
9.881249427795410156e+00
1.593749970197677612e-01
5.259375095367431641e+00
2.709374904632568359e+00
7.809374809265136719e+00
1.434374928474426270e+00
6.534374713897705078e+00
3.984375000000000000e+00
9.084374427795410156e+00
7.968750000000000000e-01
5.896874904632568359e+00
3.346874952316284180e+00
8.446874618530273438e+00
2.071874856948852539e+00
7.171875000000000000e+00
4.621874809265136719e+00
9.721875190734863281e+00
4.781249761581420898e-01
5.578125000000000000e+00
3.028125047683715820e+00
8.128125190734863281e+00
1.753124952316284180e+00
6.853125095367431641e+00
4.303124904632568359e+00
9.403124809265136719e+00
1.115625023841857910e+00
6.215624809265136719e+00
3.665624856948852539e+00
8.765625000000000000e+00
2.390625000000000000e+00
7.490624904632568359e+00
4.940624713897705078e+00
1.004062461853027344e+01
7.968749850988388062e-02
5.179687500000000000e+00
2.629687547683715820e+00
7.729687213897705078e+00
1.354687452316284180e+00
6.454687595367431641e+00
3.904687404632568359e+00
9.004687309265136719e+00
7.171874642372131348e-01
5.817187309265136719e+00
3.267187356948852539e+00
8.367187500000000000e+00
1.992187500000000000e+00
7.092187404632568359e+00
4.542187213897705078e+00
9.642187118530273438e+00
3.984375000000000000e-01
5.498437404632568359e+00
2.948437452316284180e+00
8.048437118530273438e+00
1.673437476158142090e+00
6.773437500000000000e+00
4.223437309265136719e+00
9.323437690734863281e+00
1.035937428474426270e+00
6.135937213897705078e+00
3.585937500000000000e+00
8.685936927795410156e+00
2.310937404632568359e+00
7.410937309265136719e+00
4.860937595367431641e+00
9.960937500000000000e+00
2.390624880790710449e-01
5.339062213897705078e+00
2.789062500000000000e+00
7.889062404632568359e+00
1.514062523841857910e+00
6.614062309265136719e+00
4.064062595367431641e+00
9.164062500000000000e+00
8.765624761581420898e-01
5.976562500000000000e+00
3.426562547683715820e+00
8.526562690734863281e+00
2.151562452316284180e+00
7.251562595367431641e+00
4.701562404632568359e+00
9.801562309265136719e+00
5.578125119209289551e-01
5.657812595367431641e+00
3.107812404632568359e+00
8.207812309265136719e+00
1.832812428474426270e+00
6.932812213897705078e+00
4.382812500000000000e+00
9.482811927795410156e+00
1.195312500000000000e+00
6.295312404632568359e+00
3.745312452316284180e+00
8.845312118530273438e+00
2.470312356948852539e+00
7.570312500000000000e+00
5.020312309265136719e+00
1.012031269073486328e+01
3.984374925494194031e-02
5.139843463897705078e+00
2.589843750000000000e+00
7.689843654632568359e+00
1.314843773841857910e+00
6.414843559265136719e+00
3.864843606948852539e+00
8.964843750000000000e+00
6.773437261581420898e-01
5.777343750000000000e+00
3.227343797683715820e+00
8.327343940734863281e+00
1.952343702316284180e+00
7.052343845367431641e+00
4.502343654632568359e+00
9.602343559265136719e+00
3.585937321186065674e-01
5.458593845367431641e+00
2.908593654632568359e+00
8.008593559265136719e+00
1.633593678474426270e+00
6.733593463897705078e+00
4.183593750000000000e+00
9.283593177795410156e+00
9.960937500000000000e-01
6.096093654632568359e+00
3.546093702316284180e+00
8.646093368530273438e+00
2.271093606948852539e+00
7.371093750000000000e+00
4.821093559265136719e+00
9.921093940734863281e+00
1.992187500000000000e-01
5.299218654632568359e+00
2.749218702316284180e+00
7.849218368530273438e+00
1.474218726158142090e+00
6.574218750000000000e+00
4.024218559265136719e+00
9.124218940734863281e+00
8.367187380790710449e-01
5.936718463897705078e+00
3.386718750000000000e+00
8.486718177795410156e+00
2.111718654632568359e+00
7.211718559265136719e+00
4.661718845367431641e+00
9.761718750000000000e+00
5.179687142372131348e-01
5.617968559265136719e+00
3.067968606948852539e+00
8.167968750000000000e+00
1.792968750000000000e+00
6.892968654632568359e+00
4.342968463897705078e+00
9.442968368530273438e+00
1.155468702316284180e+00
6.255468845367431641e+00
3.705468654632568359e+00
8.805468559265136719e+00
2.430468797683715820e+00
7.530468463897705078e+00
4.980468750000000000e+00
1.008046817779541016e+01
1.195312440395355225e-01
5.219531059265136719e+00
2.669531106948852539e+00
7.769531250000000000e+00
1.394531250000000000e+00
6.494531154632568359e+00
3.944531202316284180e+00
9.044530868530273438e+00
7.570312619209289551e-01
5.857031345367431641e+00
3.307031154632568359e+00
8.407031059265136719e+00
2.032031297683715820e+00
7.132030963897705078e+00
4.582031250000000000e+00
9.682030677795410156e+00
4.382812380790710449e-01
5.538280963897705078e+00
2.988281250000000000e+00
8.088280677795410156e+00
1.713281273841857910e+00
6.813281059265136719e+00
4.263281345367431641e+00
9.363281250000000000e+00
1.075781226158142090e+00
6.175781250000000000e+00
3.625781297683715820e+00
8.725781440734863281e+00
2.350781202316284180e+00
7.450781345367431641e+00
4.900781154632568359e+00
1.000078105926513672e+01
2.789062559604644775e-01
5.378906250000000000e+00
2.828906297683715820e+00
7.928905963897705078e+00
1.553906202316284180e+00
6.653906345367431641e+00
4.103906154632568359e+00
9.203906059265136719e+00
9.164062142372131348e-01
6.016406059265136719e+00
3.466406106948852539e+00
8.566406250000000000e+00
2.191406250000000000e+00
7.291406154632568359e+00
4.741405963897705078e+00
9.841405868530273438e+00
5.976562500000000000e-01
5.697656154632568359e+00
3.147656202316284180e+00
8.247655868530273438e+00
1.872656226158142090e+00
6.972656250000000000e+00
4.422656059265136719e+00
9.522656440734863281e+00
1.235156178474426270e+00
6.335155963897705078e+00
3.785156250000000000e+00
8.885155677795410156e+00
2.510156154632568359e+00
7.610156059265136719e+00
5.060156345367431641e+00
1.016015625000000000e+01
1.992187462747097015e-02
5.119921684265136719e+00
2.569921731948852539e+00
7.669921875000000000e+00
1.294921875000000000e+00
6.394921779632568359e+00
3.844921827316284180e+00
8.944921493530273438e+00
6.574218869209289551e-01
5.757421970367431641e+00
3.207421779632568359e+00
8.307421684265136719e+00
1.932421803474426270e+00
7.032421588897705078e+00
4.482421875000000000e+00
9.582421302795410156e+00
3.386718630790710449e-01
5.438671588897705078e+00
2.888671875000000000e+00
7.988671779632568359e+00
1.613671898841857910e+00
6.713671684265136719e+00
4.163671970367431641e+00
9.263671875000000000e+00
9.761718511581420898e-01
6.076171875000000000e+00
3.526171922683715820e+00
8.626172065734863281e+00
2.251171827316284180e+00
7.351171970367431641e+00
4.801171779632568359e+00
9.901171684265136719e+00
1.792968660593032837e-01
5.279296875000000000e+00
2.729296922683715820e+00
7.829296588897705078e+00
1.454296827316284180e+00
6.554296970367431641e+00
4.004296779632568359e+00
9.104296684265136719e+00
8.167968392372131348e-01
5.916796684265136719e+00
3.366796731948852539e+00
8.466796875000000000e+00
2.091796875000000000e+00
7.191796779632568359e+00
4.641796588897705078e+00
9.741796493530273438e+00
4.980468750000000000e-01
5.598046779632568359e+00
3.048046827316284180e+00
8.148046493530273438e+00
1.773046851158142090e+00
6.873046875000000000e+00
4.323046684265136719e+00
9.423047065734863281e+00
1.135546803474426270e+00
6.235546588897705078e+00
3.685546875000000000e+00
8.785546302795410156e+00
2.410546779632568359e+00
7.510546684265136719e+00
4.960546970367431641e+00
1.006054687500000000e+01
9.960937500000000000e-02
5.199609279632568359e+00
2.649609327316284180e+00
7.749608993530273438e+00
1.374609351158142090e+00
6.474609375000000000e+00
3.924609184265136719e+00
9.024609565734863281e+00
7.371093630790710449e-01
5.837109088897705078e+00
3.287109375000000000e+00
8.387108802795410156e+00
2.012109279632568359e+00
7.112109184265136719e+00
4.562109470367431641e+00
9.662109375000000000e+00
4.183593690395355225e-01
5.518359184265136719e+00
2.968359231948852539e+00
8.068359375000000000e+00
1.693359375000000000e+00
6.793359279632568359e+00
4.243359088897705078e+00
9.343358993530273438e+00
1.055859327316284180e+00
6.155859470367431641e+00
3.605859279632568359e+00
8.705859184265136719e+00
2.330859422683715820e+00
7.430859088897705078e+00
4.880859375000000000e+00
9.980858802795410156e+00
2.589843571186065674e-01
5.358984470367431641e+00
2.808984279632568359e+00
7.908984184265136719e+00
1.533984303474426270e+00
6.633984088897705078e+00
4.083984375000000000e+00
9.183983802795410156e+00
8.964843750000000000e-01
5.996484279632568359e+00
3.446484327316284180e+00
8.546483993530273438e+00
2.171484231948852539e+00
7.271484375000000000e+00
4.721484184265136719e+00
9.821484565734863281e+00
5.777343511581420898e-01
5.677734375000000000e+00
3.127734422683715820e+00
8.227734565734863281e+00
1.852734327316284180e+00
6.952734470367431641e+00
4.402734279632568359e+00
9.502734184265136719e+00
1.215234398841857910e+00
6.315234184265136719e+00
3.765234231948852539e+00
8.865234375000000000e+00
2.490234375000000000e+00
7.590234279632568359e+00
5.040234088897705078e+00
1.014023399353027344e+01
5.976562201976776123e-02
5.159765720367431641e+00
2.609765529632568359e+00
7.709765434265136719e+00
1.334765553474426270e+00
6.434765338897705078e+00
3.884765625000000000e+00
8.984765052795410156e+00
6.972656250000000000e-01
5.797265529632568359e+00
3.247265577316284180e+00
8.347265243530273438e+00
1.972265601158142090e+00
7.072265625000000000e+00
4.522265434265136719e+00
9.622265815734863281e+00
3.785156309604644775e-01
5.478515625000000000e+00
2.928515672683715820e+00
8.028515815734863281e+00
1.653515577316284180e+00
6.753515720367431641e+00
4.203515529632568359e+00
9.303515434265136719e+00
1.016015648841857910e+00
6.116015434265136719e+00
3.566015481948852539e+00
8.666015625000000000e+00
2.291015625000000000e+00
7.391015529632568359e+00
4.841015338897705078e+00
9.941015243530273438e+00
2.191406190395355225e-01
5.319140434265136719e+00
2.769140481948852539e+00
7.869140625000000000e+00
1.494140625000000000e+00
6.594140529632568359e+00
4.044140338897705078e+00
9.144140243530273438e+00
8.566406369209289551e-01
5.956640720367431641e+00
3.406640529632568359e+00
8.506640434265136719e+00
2.131640672683715820e+00
7.231640338897705078e+00
4.681640625000000000e+00
9.781640052795410156e+00
5.378906130790710449e-01
5.637890338897705078e+00
3.087890625000000000e+00
8.187890052795410156e+00
1.812890648841857910e+00
6.912890434265136719e+00
4.362890720367431641e+00
9.462890625000000000e+00
1.175390601158142090e+00
6.275390625000000000e+00
3.725390672683715820e+00
8.825390815734863281e+00
2.450390577316284180e+00
7.550390720367431641e+00
5.000390529632568359e+00
1.010039043426513672e+01
1.394531279802322388e-01
5.239452838897705078e+00
2.689453125000000000e+00
7.789453029632568359e+00
1.414453148841857910e+00
6.514452934265136719e+00
3.964452981948852539e+00
9.064453125000000000e+00
7.769531011581420898e-01
5.876953125000000000e+00
3.326953172683715820e+00
8.426953315734863281e+00
2.051953077316284180e+00
7.151953220367431641e+00
4.601953029632568359e+00
9.701952934265136719e+00
4.582031071186065674e-01
5.558203220367431641e+00
3.008203029632568359e+00
8.108202934265136719e+00
1.733203053474426270e+00
6.833202838897705078e+00
4.283203125000000000e+00
9.383202552795410156e+00
1.095703125000000000e+00
6.195703029632568359e+00
3.645703077316284180e+00
8.745702743530273438e+00
2.370702981948852539e+00
7.470703125000000000e+00
4.920702934265136719e+00
1.002070331573486328e+01
2.988281250000000000e-01
5.398828029632568359e+00
2.848828077316284180e+00
7.948827743530273438e+00
1.573828101158142090e+00
6.673828125000000000e+00
4.123827934265136719e+00
9.223828315734863281e+00
9.363281130790710449e-01
6.036327838897705078e+00
3.486328125000000000e+00
8.586327552795410156e+00
2.211328029632568359e+00
7.311327934265136719e+00
4.761328220367431641e+00
9.861328125000000000e+00
6.175780892372131348e-01
5.717577934265136719e+00
3.167577981948852539e+00
8.267578125000000000e+00
1.892578125000000000e+00
6.992578029632568359e+00
4.442577838897705078e+00
9.542577743530273438e+00
1.255078077316284180e+00
6.355078220367431641e+00
3.805078029632568359e+00
8.905077934265136719e+00
2.530078172683715820e+00
7.630077838897705078e+00
5.080078125000000000e+00
1.018007755279541016e+01
9.960937313735485077e-03
5.109961032867431641e+00
2.559960842132568359e+00
7.659960746765136719e+00
1.284960865974426270e+00
6.384960651397705078e+00
3.834960937500000000e+00
8.934960365295410156e+00
6.474609375000000000e-01
5.747460842132568359e+00
3.197460889816284180e+00
8.297460556030273438e+00
1.922460913658142090e+00
7.022460937500000000e+00
4.472460746765136719e+00
9.572461128234863281e+00
3.287109434604644775e-01
5.428710937500000000e+00
2.878710985183715820e+00
7.978710651397705078e+00
1.603710889816284180e+00
6.703711032867431641e+00
4.153710842132568359e+00
9.253710746765136719e+00
9.662109017372131348e-01
6.066210746765136719e+00
3.516210794448852539e+00
8.616210937500000000e+00
2.241210937500000000e+00
7.341210842132568359e+00
4.791210651397705078e+00
9.891210556030273438e+00
1.693359315395355225e-01
5.269335746765136719e+00
2.719335794448852539e+00
7.819335937500000000e+00
1.444335937500000000e+00
6.544335842132568359e+00
3.994335889816284180e+00
9.094335556030273438e+00
8.068359494209289551e-01
5.906836032867431641e+00
3.356835842132568359e+00
8.456835746765136719e+00
2.081835985183715820e+00
7.181835651397705078e+00
4.631835937500000000e+00
9.731835365295410156e+00
4.880859255790710449e-01
5.588085651397705078e+00
3.038085937500000000e+00
8.138085365295410156e+00
1.763085961341857910e+00
6.863085746765136719e+00
4.313086032867431641e+00
9.413085937500000000e+00
1.125585913658142090e+00
6.225585937500000000e+00
3.675585985183715820e+00
8.775586128234863281e+00
2.400585889816284180e+00
7.500586032867431641e+00
4.950585842132568359e+00
1.005058574676513672e+01
8.964843302965164185e-02
5.189648151397705078e+00
2.639648437500000000e+00
7.739648342132568359e+00
1.364648461341857910e+00
6.464648246765136719e+00
3.914648294448852539e+00
9.014648437500000000e+00
7.271484136581420898e-01
5.827148437500000000e+00
3.277148485183715820e+00
8.377148628234863281e+00
2.002148389816284180e+00
7.102148532867431641e+00
4.552148342132568359e+00
9.652148246765136719e+00
4.083984196186065674e-01
5.508398532867431641e+00
2.958398342132568359e+00
8.058398246765136719e+00
1.683398365974426270e+00
6.783398151397705078e+00
4.233398437500000000e+00
9.333397865295410156e+00
1.045898437500000000e+00
