# step, loss_train, loss_test, metrics_test
0.000000000000000000e+00 5.059563064575195312e+01 6.700156250000000000e+03 1.824761962890625000e+01 1.151738160842796788e-05 7.331643104553222656e-01 8.711115121841430664e-01 0.000000000000000000e+00 6.399997472763061523e-01 5.059562683105468750e+01 6.700156738281250000e+03 1.824762153625488281e+01 1.151738069893326610e-05 7.331643104553222656e-01 8.711115121841430664e-01 0.000000000000000000e+00 6.399997472763061523e-01
5.000000000000000000e+03 2.353332238271832466e-03 1.682201400399208069e-08 6.919386796653270721e-04 3.362034261226654053e-01 4.441274106502532959e-01 3.102407157421112061e-01 2.359054982662200928e-03 4.590339064598083496e-01 2.353332238271832466e-03 1.681955907884002954e-08 6.919384468346834183e-04 3.362034559249877930e-01 4.441274106502532959e-01 3.102407157421112061e-01 2.359054982662200928e-03 4.590339064598083496e-01
1.000000000000000000e+04 1.452555352443596348e-05 6.576551822945475578e-05 2.345644752494990826e-04 1.419772394001483917e-02 4.781602910952642560e-05 6.228942424058914185e-03 2.335254878360615294e-09 5.770210027694702148e-01 1.452554806746775284e-05 6.576612940989434719e-05 2.345638349652290344e-04 1.419772394001483917e-02 4.781602910952642560e-05 6.228942424058914185e-03 2.335254878360615294e-09 5.770210027694702148e-01
1.500000000000000000e+04 3.502834715618519112e-06 5.988433713355334476e-06 4.103847604710608721e-04 2.479479415342211723e-03 1.623709499835968018e-02 1.290715415962040424e-03 1.101982896216213703e-03 9.190018475055694580e-02 3.502839263092027977e-06 5.988387783872894943e-06 4.103852843400090933e-04 2.479478949680924416e-03 1.623709499835968018e-02 1.290715415962040424e-03 1.101982896216213703e-03 9.190018475055694580e-02
2.000000000000000000e+04 2.718093661258080829e-08 7.866219675634056330e-09 8.312199497595429420e-07 2.531147401896305382e-05 1.018536277115345001e-04 1.992828856600681320e-06 1.717082000141090248e-06 6.136629264801740646e-03 2.718054048500562203e-08 7.863315332201636920e-09 8.311852184306189884e-07 2.531147401896305382e-05 1.018536277115345001e-04 1.992828856600681320e-06 1.717082000141090248e-06 6.136629264801740646e-03
2.500000000000000000e+04 8.712511601061123656e-09 3.166201745230523557e-09 1.809130480978637934e-07 3.990844106738222763e-06 1.380815410811919719e-05 1.940735501193557866e-07 1.176122523816047760e-07 1.509234774857759476e-03 8.712290444634618325e-09 3.165156359230536509e-09 1.808650296197811258e-07 3.990846380474977195e-06 1.380815410811919719e-05 1.940735501193557866e-07 1.176122523816047760e-07 1.509234774857759476e-03
3.000000000000000000e+04 2.306164333276683465e-06 1.674540544627234340e-04 2.779908012598752975e-03 9.168270764803310158e-08 3.565359747881302610e-06 7.748078445501960232e-08 9.755975042935460806e-06 5.333462613634765148e-04 2.306170699739595875e-06 1.674540544627234340e-04 2.779907546937465668e-03 9.168254422320387675e-08 3.565359747881302610e-06 7.748078445501960232e-08 9.755975042935460806e-06 5.333462613634765148e-04
3.500000000000000000e+04 1.961954332330151374e-08 3.367527767750289058e-07 5.091188540973234922e-06 1.840368035743722430e-08 1.068213350663427263e-06 4.121444163729393040e-08 2.273524728479969781e-07 2.457003865856677294e-04 1.961951667794892273e-08 3.367466661075013690e-07 5.091008461022283882e-06 1.840384378226644913e-08 1.068213350663427263e-06 4.121444163729393040e-08 2.273524728479969781e-07 2.457003865856677294e-04
4.000000000000000000e+04 8.592760423198342323e-07 2.052047602774109691e-05 2.996742841787636280e-04 1.362757666356628761e-05 1.504995452705770731e-06 8.790003448666539043e-06 1.383790804538875818e-04 1.515015319455415010e-04 8.592793960815470200e-07 2.052056152024306357e-05 2.996748662553727627e-04 1.362757757306098938e-05 1.504995452705770731e-06 8.790003448666539043e-06 1.383790804538875818e-04 1.515015319455415010e-04
4.500000000000000000e+04 5.640288236463675275e-11 2.963156120472376642e-08 4.131615582991798874e-07 1.221179068977562565e-08 4.783831286658823956e-07 5.339996000941482635e-09 1.768919122291379153e-09 1.043799857143312693e-04 5.641190639615878410e-11 2.963321144022756926e-08 4.131493653858342441e-07 1.221166012754792973e-08 4.783831286658823956e-07 5.339996000941482635e-09 1.768919122291379153e-09 1.043799857143312693e-04
5.000000000000000000e+04 7.063238438576036060e-09 4.204139258945360780e-10 2.046363078989088535e-08 1.306536432821303606e-06 1.578706587679334916e-08 1.331591192865744233e-08 1.296914842185969974e-08 1.013921864796429873e-04 7.063146068020387247e-09 4.201308467788322787e-10 2.045560876240415382e-08 1.306535295952926390e-06 1.578706587679334916e-08 1.331591192865744233e-08 1.296914842185969974e-08 1.013921864796429873e-04
5.500000000000000000e+04 7.490295494960719225e-09 2.907603402491076849e-06 3.995433144154958427e-05 1.216573195961245801e-06 4.159247168900037650e-09 8.712522117093612906e-07 7.694090527365915477e-06 7.954963803058490157e-05 7.490200459869811311e-09 2.907628186221700162e-06 3.995420411229133606e-05 1.216573082274408080e-06 4.159247168900037650e-09 8.712522117093612906e-07 7.694090527365915477e-06 7.954963803058490157e-05
6.000000000000000000e+04 2.456673246342688799e-05 9.296936332248151302e-04 1.412004791200160980e-02 2.024254897037280898e-08 8.981535870589141268e-08 7.133452495367009760e-09 6.977229350013658404e-05 5.333729859557934105e-05 2.456671063555404544e-05 9.296929929405450821e-04 1.412003301084041595e-02 2.024255074672964838e-08 8.981535870589141268e-08 7.133452495367009760e-09 6.977229350013658404e-05 5.333729859557934105e-05
6.500000000000000000e+04 4.401722319968826014e-10 1.202330873750767637e-10 9.094947017729282379e-09 4.837409917080037758e-10 2.852812315268238308e-07 1.561661910898237693e-09 3.061188857955698950e-09 7.499282946810126305e-05 4.401954356580972672e-10 1.202806743094697595e-10 9.093145791894130525e-09 4.837673595048386233e-10 2.852812315268238308e-07 1.561661910898237693e-09 3.061188857955698950e-09 7.499282946810126305e-05
7.000000000000000000e+04 5.024243137086159550e-07 1.381925267196493223e-05 2.117362892022356391e-04 2.619038070861279266e-07 1.661186388446367346e-07 2.215565331198376953e-07 3.522763654473237693e-05 7.212511263787746429e-05 5.024251663598988671e-07 1.381930633215233684e-05 2.117359836120158434e-04 2.619038070861279266e-07 1.661186388446367346e-07 2.215565331198376953e-07 3.522763654473237693e-05 7.212511263787746429e-05
7.500000000000000000e+04 1.020787343541940118e-09 4.014594212620181679e-10 1.783584302472718264e-08 2.566957846283912659e-08 1.897393389072021819e-07 4.578772361263361290e-10 2.927473596869845096e-09 7.323483441723510623e-05 1.020718620736715820e-09 4.014873433710874906e-10 1.783657310738817614e-08 2.566957846283912659e-08 1.897393389072021819e-07 4.578772361263361290e-10 2.927473596869845096e-09 7.323483441723510623e-05
8.000000000000000000e+04 1.628321797397802584e-07 1.047054138325620443e-05 1.499907957622781396e-04 2.725645913415064570e-07 1.022967310859712597e-07 1.351601213173125871e-07 2.227294828571757535e-07 6.640375795541331172e-05 1.628322365831991192e-07 1.047054320224560797e-05 1.499910140410065651e-04 2.725645913415064570e-07 1.022967310859712597e-07 1.351601213173125871e-07 2.227294828571757535e-07 6.640375795541331172e-05
8.500000000000000000e+04 8.424604763801468721e-11 6.627974280526416351e-10 2.213612049217772437e-08 4.798160802010897896e-08 3.739858414064656245e-07 3.581192231649765745e-09 3.020104832884840107e-09 6.526621291413903236e-05 8.423455682970981684e-11 6.623258608229320998e-10 2.212511418520080042e-08 4.798187447363488900e-08 3.739858414064656245e-07 3.581192231649765745e-09 3.020104832884840107e-09 6.526621291413903236e-05
9.000000000000000000e+04 1.211674043588573113e-05 4.077033663634210825e-04 6.258260458707809448e-03 3.431552499932877254e-07 8.867574763371521840e-08 1.741824888767951052e-07 3.217850826331414282e-05 5.120256173540838063e-05 1.211674407386453822e-05 4.077036574017256498e-04 6.258261390030384064e-03 3.431541415466199396e-07 8.867574763371521840e-08 1.741824888767951052e-07 3.217850826331414282e-05 5.120256173540838063e-05
9.500000000000000000e+04 1.365459856295103691e-09 4.805770226212757734e-10 1.991182507765643095e-08 9.400736189490999095e-08 1.250573120614717482e-07 3.999362174766929456e-09 5.731297214595088008e-09 6.285148265305906534e-05 1.365488055959929170e-09 4.809180831344406215e-10 1.991109499499543745e-08 9.400737610576470615e-08 1.250573120614717482e-07 3.999362174766929456e-09 5.731297214595088008e-09 6.285148265305906534e-05
9.500000000000000000e+04 1.365459856295103691e-09 4.805770226212757734e-10 1.991182507765643095e-08 9.400736189490999095e-08 1.250573120614717482e-07 3.999362174766929456e-09 5.731297214595088008e-09 6.285148265305906534e-05 1.365488055959929170e-09 4.809180831344406215e-10 1.991109499499543745e-08 9.400737610576470615e-08 1.250573120614717482e-07 3.999362174766929456e-09 5.731297214595088008e-09 6.285148265305906534e-05
9.501100000000000000e+04 1.365459856295103691e-09 4.805770226212757734e-10 1.991182507765643095e-08 9.400736189490999095e-08 1.250573120614717482e-07 3.999362174766929456e-09 5.731297214595088008e-09 6.285148265305906534e-05 1.365488055959929170e-09 4.809180831344406215e-10 1.991109499499543745e-08 9.400737610576470615e-08 1.250573120614717482e-07 3.999362174766929456e-09 5.731297214595088008e-09 6.285148265305906534e-05
