# step, loss_train, loss_test, metrics_test
0.000000000000000000e+00 4.585458755493164062e+01 6.626289550781250000e+03 2.340979957580566406e+01 2.800400579872075468e-06 7.331643104553222656e-01 8.711115121841430664e-01 0.000000000000000000e+00 6.399997472763061523e-01 4.585459518432617188e+01 6.626290527343750000e+03 2.340980148315429688e+01 2.800400352498400025e-06 7.331643104553222656e-01 8.711115121841430664e-01 0.000000000000000000e+00 6.399997472763061523e-01
5.000000000000000000e+03 7.349441875703632832e-04 1.085037456505233422e-05 1.037876863847486675e-04 1.480388939380645752e-01 7.255237102508544922e-01 4.363918900489807129e-01 7.373043918050825596e-04 4.892389476299285889e-01 7.349442457780241966e-04 1.085024996427819133e-05 1.037876863847486675e-04 1.480388939380645752e-01 7.255237102508544922e-01 4.363918900489807129e-01 7.373043918050825596e-04 4.892389476299285889e-01
1.000000000000000000e+04 4.166097205597907305e-04 7.795132696628570557e-04 4.133913666009902954e-03 1.966971531510353088e-02 7.198689579963684082e-01 1.164489239454269409e-02 2.671243157237768173e-03 5.116456747055053711e-01 4.166097205597907305e-04 7.795122219249606133e-04 4.133929498493671417e-03 1.966971345245838165e-02 7.198689579963684082e-01 1.164489239454269409e-02 2.671243157237768173e-03 5.116456747055053711e-01
1.500000000000000000e+04 2.251119667562306859e-06 2.628011941396835027e-08 4.245696982252411544e-05 7.456318126060068607e-04 5.115509405732154846e-02 3.167184069752693176e-03 3.504226953054967453e-08 4.345201849937438965e-01 2.251110345241613686e-06 2.628750728206341591e-08 4.245672243996523321e-05 7.456317543983459473e-04 5.115509405732154846e-02 3.167184069752693176e-03 3.504226953054967453e-08 4.345201849937438965e-01
2.000000000000000000e+04 3.618766786530613899e-04 1.682090573012828827e-02 1.965980380773544312e-01 4.459943011170253158e-05 1.567164435982704163e-04 2.696908495636307634e-06 5.632301908917725086e-04 8.010270074009895325e-03 3.618767368607223034e-04 1.682090573012828827e-02 1.965980082750320435e-01 4.459942283574491739e-05 1.567164435982704163e-04 2.696908495636307634e-06 5.632301908917725086e-04 8.010270074009895325e-03
2.500000000000000000e+04 4.517874074849714816e-08 6.192380386238482970e-09 3.209633234746434027e-07 1.509092498963582329e-06 1.257242547580972314e-05 1.707664409877907019e-07 2.954420779133215547e-07 1.829688902944326401e-03 4.517680451954220189e-08 6.189502688158654564e-09 3.209133012660458917e-07 1.509092498963582329e-06 1.257242547580972314e-05 1.707664409877907019e-07 2.954420779133215547e-07 1.829688902944326401e-03
3.000000000000000000e+04 1.005820081445563119e-06 4.107332358671555994e-07 3.726056547748157755e-07 1.369365963910240680e-05 3.117839071364869596e-07 9.551879429636755958e-07 2.075553784379735589e-04 6.973609561100602150e-04 1.005814851851027925e-06 4.107470203962293454e-07 3.725995441072882386e-07 1.369365963910240680e-05 3.117839071364869596e-07 9.551879429636755958e-07 2.075553784379735589e-04 6.973609561100602150e-04
3.500000000000000000e+04 1.908916402726390515e-08 5.151741788722574711e-08 3.961758920922875404e-07 1.150634005853135022e-07 7.441789193762815557e-07 2.749630034770689235e-08 1.368171751892077737e-06 3.956909058615565300e-04 1.908982127929448325e-08 5.152067217295552837e-08 3.962120445066830143e-07 1.150637913838181703e-07 7.441789193762815557e-07 2.749630034770689235e-08 1.368171751892077737e-06 3.956909058615565300e-04
4.000000000000000000e+04 9.508823062276405835e-09 6.483696779469028115e-08 8.592760423198342323e-07 4.930043928652594332e-07 1.408607772646064404e-06 1.657554093981161714e-08 4.525363905827362032e-08 3.006737679243087769e-04 9.509173892752187385e-09 6.483696779469028115e-08 8.593648885835136753e-07 4.930035402139765210e-07 1.408607772646064404e-06 1.657554093981161714e-08 4.525363905827362032e-08 3.006737679243087769e-04
4.500000000000000000e+04 1.038813297782326117e-05 1.604939461685717106e-04 1.793266739696264267e-03 6.370684104695101269e-07 4.165399900557531510e-07 5.352198968466836959e-07 6.313918129308149219e-05 2.739774645306169987e-04 1.038812479237094522e-05 1.604936696821823716e-04 1.793266856111586094e-03 6.370684673129289877e-07 4.165399900557531510e-07 5.352198968466836959e-07 6.313918129308149219e-05 2.739774645306169987e-04
5.000000000000000000e+04 6.436415844746079529e-09 4.459591029792875361e-11 4.980392986908555031e-09 2.093293147709118784e-07 7.617637152179668192e-07 1.206732669345456088e-08 3.377089896616780607e-08 2.611018135212361813e-04 6.436889243843779695e-09 4.447997525858227164e-11 4.990706514718112885e-09 2.093293147709118784e-07 7.617637152179668192e-07 1.206732669345456088e-08 3.377089896616780607e-08 2.611018135212361813e-04
5.500000000000000000e+04 5.253725898768379921e-09 6.877129976601281669e-08 3.251689122407697141e-07 5.838966643523235689e-09 5.275728085507580545e-07 4.548214960209406854e-08 1.386334957942381152e-07 2.292357530677691102e-04 5.253241397440433502e-09 6.878053682157769799e-08 3.252281146615132457e-07 5.838967531701655389e-09 5.275728085507580545e-07 4.548214960209406854e-08 1.386334957942381152e-07 2.292357530677691102e-04
6.000000000000000000e+04 8.058320963755249977e-05 3.798816353082656860e-03 4.339030012488365173e-02 4.113246632186928764e-09 2.785325932563864626e-06 1.283879441871249583e-06 3.855676186503842473e-05 2.774791792035102844e-04 8.058321691351011395e-05 3.798817051574587822e-03 4.339029639959335327e-02 4.113246632186928764e-09 2.785325932563864626e-06 1.283879441871249583e-06 3.855676186503842473e-05 2.774791792035102844e-04
6.500000000000000000e+04 4.609435563907027245e-06 2.389530418440699577e-04 2.856863895431160927e-03 6.274945896223016462e-09 9.859573992798686959e-07 1.125641801991150714e-10 2.173489292545127682e-06 2.268235693918541074e-04 4.609443294611992314e-06 2.389536384725943208e-04 2.856867387890815735e-03 6.274898822766772355e-09 9.859573992798686959e-07 1.125641801991150714e-10 2.173489292545127682e-06 2.268235693918541074e-04
7.000000000000000000e+04 1.722640341483838711e-08 4.263005948246245680e-08 2.751221472863107920e-07 7.296922177602027659e-08 4.810249265574384481e-07 6.969020205360720865e-08 4.613867474745347863e-07 2.065078151645138860e-04 1.722640341483838711e-08 4.262908248620078666e-08 2.750824137365270872e-07 7.296907256204576697e-08 4.810249265574384481e-07 6.969020205360720865e-08 4.613867474745347863e-07 2.065078151645138860e-04
7.500000000000000000e+04 1.185755172627978027e-05 5.082710413262248039e-04 5.707528907805681229e-03 8.613481440988834947e-06 7.445807170824991772e-08 5.391520403463800903e-07 5.798741403850726783e-05 1.939177454914897680e-04 1.185754990729037672e-05 5.082710995338857174e-04 5.707534495741128922e-03 8.613481440988834947e-06 7.445807170824991772e-08 5.391520403463800903e-07 5.798741403850726783e-05 1.939177454914897680e-04
8.000000000000000000e+04 1.668968963031147723e-07 1.644081180529610720e-06 1.830286055337637663e-05 3.531448783178348094e-06 1.243677427709144467e-08 5.351325853553134948e-07 1.993628984564566053e-06 2.089132758555933833e-04 1.668974078938845196e-07 1.644063331696088426e-06 1.830277687986381352e-05 3.531448783178348094e-06 1.243677427709144467e-08 5.351325853553134948e-07 1.993628984564566053e-06 2.089132758555933833e-04
8.500000000000000000e+04 1.879354805112143367e-08 1.501511270873834292e-08 2.573908943759306567e-07 5.313900146575178951e-07 2.287398359612780041e-07 8.568399323394260136e-08 3.994465203049912816e-07 1.979926601052284241e-04 1.879401878568387474e-08 1.501839008710703638e-08 2.574088284745812416e-07 5.313899578140990343e-07 2.287398359612780041e-07 8.568399323394260136e-08 3.994465203049912816e-07 1.979926601052284241e-04
9.000000000000000000e+04 2.273736754432320595e-09 2.319438863196410239e-09 7.439302862621843815e-08 2.006402723964129109e-07 9.309939628110441845e-07 1.889202749794094416e-08 2.565048085045873449e-08 1.963373506441712379e-04 2.274022747883464035e-09 2.320615477557907980e-09 7.440880267495231237e-08 2.006402581855581957e-07 9.309939628110441845e-07 1.889202749794094416e-08 2.565048085045873449e-08 1.963373506441712379e-04
9.500000000000000000e+04 2.694002034786535660e-07 1.029536997521063313e-05 1.256098039448261261e-04 1.777678562575601973e-06 3.939568116173575163e-10 4.494801544296933571e-07 2.866995782824233174e-05 1.950365840457379818e-04 2.693996350444649579e-07 1.029538725560996681e-05 1.256098184967413545e-04 1.777680154191330075e-06 3.939568116173575163e-10 4.494801544296933571e-07 2.866995782824233174e-05 1.950365840457379818e-04
9.500000000000000000e+04 2.694002034786535660e-07 1.029536997521063313e-05 1.256098039448261261e-04 1.777678562575601973e-06 3.939568116173575163e-10 4.494801544296933571e-07 2.866995782824233174e-05 1.950365840457379818e-04 2.693996350444649579e-07 1.029538725560996681e-05 1.256098184967413545e-04 1.777680154191330075e-06 3.939568116173575163e-10 4.494801544296933571e-07 2.866995782824233174e-05 1.950365840457379818e-04
9.501600000000000000e+04 2.694002034786535660e-07 1.029536997521063313e-05 1.256098039448261261e-04 1.777678562575601973e-06 3.939568116173575163e-10 4.494801544296933571e-07 2.866995782824233174e-05 1.950365840457379818e-04 2.693996350444649579e-07 1.029538725560996681e-05 1.256098184967413545e-04 1.777680154191330075e-06 3.939568116173575163e-10 4.494801544296933571e-07 2.866995782824233174e-05 1.950365840457379818e-04
