# x
0.000000000000000000e+00
0.000000000000000000e+00
0.000000000000000000e+00
0.000000000000000000e+00
0.000000000000000000e+00
0.000000000000000000e+00
0.000000000000000000e+00
0.000000000000000000e+00
0.000000000000000000e+00
0.000000000000000000e+00
0.000000000000000000e+00
0.000000000000000000e+00
0.000000000000000000e+00
0.000000000000000000e+00
0.000000000000000000e+00
0.000000000000000000e+00
0.000000000000000000e+00
0.000000000000000000e+00
0.000000000000000000e+00
0.000000000000000000e+00
0.000000000000000000e+00
0.000000000000000000e+00
0.000000000000000000e+00
0.000000000000000000e+00
0.000000000000000000e+00
0.000000000000000000e+00
0.000000000000000000e+00
0.000000000000000000e+00
0.000000000000000000e+00
0.000000000000000000e+00
0.000000000000000000e+00
0.000000000000000000e+00
0.000000000000000000e+00
0.000000000000000000e+00
0.000000000000000000e+00
0.000000000000000000e+00
0.000000000000000000e+00
9.600000000000000000e+01
9.600000000000000000e+01
0.000000000000000000e+00
9.600000000000000000e+01
9.600000000000000000e+01
9.600000000000000000e+01
9.600000000000000000e+01
9.600000000000000000e+01
9.600000000000000000e+01
9.600000000000000000e+01
0.000000000000000000e+00
0.000000000000000000e+00
9.600000000000000000e+01
0.000000000000000000e+00
0.000000000000000000e+00
0.000000000000000000e+00
0.000000000000000000e+00
0.000000000000000000e+00
9.600000000000000000e+01
4.800000000000000000e+01
2.400000000000000000e+01
7.200000000000000000e+01
1.200000000000000000e+01
6.000000000000000000e+01
3.600000000000000000e+01
8.400000000000000000e+01
6.000000000000000000e+00
5.400000000000000000e+01
3.000000000000000000e+01
7.800000000000000000e+01
1.800000000000000000e+01
6.600000000000000000e+01
4.200000000000000000e+01
9.000000000000000000e+01
3.000000000000000000e+00
5.100000000000000000e+01
2.700000000000000000e+01
7.500000000000000000e+01
1.500000000000000000e+01
6.300000000000000000e+01
3.900000000000000000e+01
8.700000000000000000e+01
9.000000000000000000e+00
5.700000000000000000e+01
3.300000000000000000e+01
8.100000000000000000e+01
2.100000000000000000e+01
6.900000000000000000e+01
4.500000000000000000e+01
9.300000000000000000e+01
1.500000000000000000e+00
4.950000000000000000e+01
2.550000000000000000e+01
7.350000000000000000e+01
1.350000000000000000e+01
6.150000000000000000e+01
3.750000000000000000e+01
8.550000000000000000e+01
7.500000000000000000e+00
5.550000000000000000e+01
3.150000000000000000e+01
7.950000000000000000e+01
1.950000000000000000e+01
6.750000000000000000e+01
4.350000000000000000e+01
9.150000000000000000e+01
4.500000000000000000e+00
5.250000000000000000e+01
2.850000000000000000e+01
7.650000000000000000e+01
1.650000000000000000e+01
6.450000000000000000e+01
4.050000000000000000e+01
8.850000000000000000e+01
1.050000000000000000e+01
5.850000000000000000e+01
3.450000000000000000e+01
8.250000000000000000e+01
2.250000000000000000e+01
7.050000000000000000e+01
4.650000000000000000e+01
9.450000000000000000e+01
7.500000000000000000e-01
4.875000000000000000e+01
2.475000000000000000e+01
7.275000000000000000e+01
1.275000000000000000e+01
6.075000000000000000e+01
3.675000000000000000e+01
8.475000000000000000e+01
6.750000000000000000e+00
5.475000000000000000e+01
3.075000000000000000e+01
7.875000000000000000e+01
1.875000000000000000e+01
6.675000000000000000e+01
4.275000000000000000e+01
9.075000000000000000e+01
3.750000000000000000e+00
