# step, loss_train, loss_test, metrics_test
0.000000000000000000e+00 5.232056140899658203e+00 1.436067657470703125e+02 1.832447631835937500e+03 4.165315151214599609e+00 1.322499990463256836e+00 3.600000000000000000e+01 4.579599914550781250e+02 1.000000000000000000e+00 5.231003284454345703e+00 1.435995330810546875e+02 1.832451660156250000e+03 4.150410175323486328e+00 1.322499990463256836e+00 3.600000000000000000e+01 4.579599914550781250e+02 1.000000000000000000e+00
2.000000000000000000e+03 2.549815368652343750e+01 2.889841556549072266e+00 1.477739238739013672e+01 1.265707683563232422e+01 4.044530868530273438e+00 6.110454559326171875e+00 4.538082599639892578e+00 4.297607421875000000e+01 2.612614822387695312e+01 2.901578426361083984e+00 7.990185737609863281e+00 1.110665321350097656e+01 4.044530868530273438e+00 6.110454559326171875e+00 4.538082599639892578e+00 4.297607421875000000e+01
4.000000000000000000e+03 1.201776313781738281e+01 5.711169838905334473e-01 6.611120223999023438e+00 1.950127601623535156e+01 1.511355876922607422e+00 8.737879991531372070e-01 3.863855600357055664e-01 1.918558311462402344e+01 1.242288208007812500e+01 5.821229815483093262e-01 4.154707908630371094e+00 1.548618698120117188e+01 1.511355876922607422e+00 8.737879991531372070e-01 3.863855600357055664e-01 1.918558311462402344e+01
6.000000000000000000e+03 7.317941188812255859e+00 4.294931590557098389e-01 3.912440061569213867e+00 2.117286491394042969e+01 9.501824975013732910e-01 1.490270495414733887e-01 8.449794054031372070e-01 1.470387363433837891e+01 7.560491561889648438e+00 3.759649097919464111e-01 2.285838842391967773e+00 1.692310905456542969e+01 9.501824975013732910e-01 1.490270495414733887e-01 8.449794054031372070e-01 1.470387363433837891e+01
8.000000000000000000e+03 3.949089288711547852e+00 2.936131954193115234e-01 3.129339218139648438e+00 2.125941467285156250e+01 7.399457693099975586e-01 4.873470962047576904e-02 6.206225752830505371e-01 1.244953250885009766e+01 4.052995204925537109e+00 2.222397327423095703e-01 1.857231616973876953e+00 1.734826087951660156e+01 7.399457693099975586e-01 4.873470962047576904e-02 6.206225752830505371e-01 1.244953250885009766e+01
1.000000000000000000e+04 1.733237624168395996e+00 3.295493721961975098e-01 2.591566801071166992e+00 2.088076782226562500e+01 5.809422135353088379e-01 4.892669245600700378e-02 4.136791527271270752e-01 1.073780059814453125e+01 1.751599073410034180e+00 2.623645663261413574e-01 1.667511463165283203e+00 1.746064186096191406e+01 5.809422135353088379e-01 4.892669245600700378e-02 4.136791527271270752e-01 1.073780059814453125e+01
1.200000000000000000e+04 8.287919759750366211e-01 2.976582944393157959e-01 1.979680061340332031e+00 2.042016029357910156e+01 4.644503891468048096e-01 8.074562996625900269e-02 3.134028911590576172e-01 9.284720420837402344e+00 8.111298680305480957e-01 2.261301428079605103e-01 1.348439574241638184e+00 1.757566833496093750e+01 4.644503891468048096e-01 8.074562996625900269e-02 3.134028911590576172e-01 9.284720420837402344e+00
1.400000000000000000e+04 4.757450222969055176e-01 2.969769835472106934e-01 1.571295619010925293e+00 1.980144500732421875e+01 3.716120123863220215e-01 1.257752776145935059e-01 2.664378881454467773e-01 7.904951095581054688e+00 4.356022179126739502e-01 2.246886938810348511e-01 1.167003273963928223e+00 1.773602867126464844e+01 3.716120123863220215e-01 1.257752776145935059e-01 2.664378881454467773e-01 7.904951095581054688e+00
1.600000000000000000e+04 3.374439179897308350e-01 3.606623113155364990e-01 1.452304959297180176e+00 1.917308425903320312e+01 2.956358492374420166e-01 1.694849282503128052e-01 2.365447282791137695e-01 6.532853126525878906e+00 2.872976064682006836e-01 2.806664109230041504e-01 1.219598174095153809e+00 1.810829353332519531e+01 2.956358492374420166e-01 1.694849282503128052e-01 2.365447282791137695e-01 6.532853126525878906e+00
1.800000000000000000e+04 2.574931383132934570e-01 4.542259573936462402e-01 1.414865255355834961e+00 1.889904594421386719e+01 2.419282793998718262e-01 1.748350262641906738e-01 1.790632456541061401e-01 5.367394924163818359e+00 2.147948741912841797e-01 3.771451413631439209e-01 1.299058675765991211e+00 1.870191764831542969e+01 2.419282793998718262e-01 1.748350262641906738e-01 1.790632456541061401e-01 5.367394924163818359e+00
2.000000000000000000e+04 1.999972462654113770e-01 4.999080598354339600e-01 1.250752210617065430e+00 1.888827323913574219e+01 2.173174768686294556e-01 1.381384134292602539e-01 1.253066062927246094e-01 4.714683055877685547e+00 1.663317084312438965e-01 4.309863150119781494e-01 1.177720546722412109e+00 1.905493736267089844e+01 2.173174768686294556e-01 1.381384134292602539e-01 1.253066062927246094e-01 4.714683055877685547e+00
2.200000000000000000e+04 1.720832139253616333e-01 5.388404130935668945e-01 1.141599297523498535e+00 1.874484634399414062e+01 2.091520279645919800e-01 1.064444035291671753e-01 1.028152629733085632e-01 4.447012901306152344e+00 1.427741199731826782e-01 4.735915064811706543e-01 1.069102048873901367e+00 1.900224685668945312e+01 2.091520279645919800e-01 1.064444035291671753e-01 1.028152629733085632e-01 4.447012901306152344e+00
2.400000000000000000e+04 1.629172116518020630e-01 5.922477245330810547e-01 1.111888885498046875e+00 1.849489021301269531e+01 2.063196450471878052e-01 8.848164975643157959e-02 9.540676325559616089e-02 4.331411838531494141e+00 1.362235695123672485e-01 5.301014780998229980e-01 1.032533288002014160e+00 1.877261352539062500e+01 2.063196450471878052e-01 8.848164975643157959e-02 9.540676325559616089e-02 4.331411838531494141e+00
2.600000000000000000e+04 1.615974158048629761e-01 6.416432857513427734e-01 1.109692931175231934e+00 1.822616004943847656e+01 2.054791003465652466e-01 7.680454105138778687e-02 9.254413098096847534e-02 4.267351150512695312e+00 1.370907127857208252e-01 5.835279822349548340e-01 1.024945735931396484e+00 1.850614547729492188e+01 2.054791003465652466e-01 7.680454105138778687e-02 9.254413098096847534e-02 4.267351150512695312e+00
2.800000000000000000e+04 1.630189269781112671e-01 6.783704161643981934e-01 1.112719774246215820e+00 1.797003173828125000e+01 2.056416273117065430e-01 6.782495230436325073e-02 9.078631550073623657e-02 4.221694469451904297e+00 1.405360102653503418e-01 6.247230768203735352e-01 1.025008678436279297e+00 1.824673080444335938e+01 2.056416273117065430e-01 6.782495230436325073e-02 9.078631550073623657e-02 4.221694469451904297e+00
3.000000000000000000e+04 1.650785505771636963e-01 7.027118802070617676e-01 1.114815950393676758e+00 1.773262214660644531e+01 2.063204050064086914e-01 6.050511822104454041e-02 8.913986384868621826e-02 4.183872222900390625e+00 1.444938331842422485e-01 6.534582376480102539e-01 1.026095151901245117e+00 1.800402259826660156e+01 2.063204050064086914e-01 6.050511822104454041e-02 8.913986384868621826e-02 4.183872222900390625e+00
3.200000000000000000e+04 1.670079827308654785e-01 7.172482609748840332e-01 1.114602923393249512e+00 1.751300811767578125e+01 2.072141021490097046e-01 5.451111868023872375e-02 8.740469813346862793e-02 4.150209903717041016e+00 1.482042968273162842e-01 6.720270514488220215e-01 1.026256561279296875e+00 1.777826881408691406e+01 2.072141021490097046e-01 5.451111868023872375e-02 8.740469813346862793e-02 4.150209903717041016e+00
3.400000000000000000e+04 1.685939878225326538e-01 7.242163419723510742e-01 1.111755013465881348e+00 1.730889701843261719e+01 2.081269770860671997e-01 4.961212351918220520e-02 8.559615910053253174e-02 4.119324207305908203e+00 1.514648199081420898e-01 6.825816035270690918e-01 1.024747371673583984e+00 1.756767272949218750e+01 2.081269770860671997e-01 4.961212351918220520e-02 8.559615910053253174e-02 4.119324207305908203e+00
3.600000000000000000e+04 1.698343753814697266e-01 7.252228856086730957e-01 1.106241822242736816e+00 1.711811447143554688e+01 2.089631110429763794e-01 4.561952874064445496e-02 8.376787602901458740e-02 4.090459346771240234e+00 1.542810052633285522e-01 6.867659091949462891e-01 1.021264076232910156e+00 1.737028121948242188e+01 2.089631110429763794e-01 4.561952874064445496e-02 8.376787602901458740e-02 4.090459346771240234e+00
3.800000000000000000e+04 1.707890480756759644e-01 7.216333746910095215e-01 1.098256111145019531e+00 1.693882751464843750e+01 2.096706032752990723e-01 4.236720502376556396e-02 8.197461813688278198e-02 4.063094139099121094e+00 1.567054092884063721e-01 6.859784722328186035e-01 1.015767216682434082e+00 1.718437576293945312e+01 2.096706032752990723e-01 4.236720502376556396e-02 8.197461813688278198e-02 4.063094139099121094e+00
4.000000000000000000e+04 1.715308576822280884e-01 7.143439650535583496e-01 1.088063240051269531e+00 1.676949691772460938e+01 2.102282941341400146e-01 3.970102965831756592e-02 8.025263249874114990e-02 4.036882877349853516e+00 1.587921977043151855e-01 6.811989545822143555e-01 1.008362174034118652e+00 1.700849914550781250e+01 2.102282941341400146e-01 3.970102965831756592e-02 8.025263249874114990e-02 4.036882877349853516e+00
4.200000000000000000e+04 1.721084117889404297e-01 7.040117383003234863e-01 1.075789213180541992e+00 1.660897254943847656e+01 2.106468528509140015e-01 3.751833364367485046e-02 7.860238850116729736e-02 4.011519908905029297e+00 1.605695784091949463e-01 6.731373667716979980e-01 9.991109967231750488e-01 1.684153938293457031e+01 2.106468528509140015e-01 3.751833364367485046e-02 7.860238850116729736e-02 4.011519908905029297e+00
4.400000000000000000e+04 1.725640594959259033e-01 6.913518309593200684e-01 1.061807513236999512e+00 1.645631980895996094e+01 2.109453529119491577e-01 3.574232012033462524e-02 7.704550772905349731e-02 3.986726760864257812e+00 1.620607823133468628e-01 6.625467538833618164e-01 9.882835149765014648e-01 1.668255996704101562e+01 2.109453529119491577e-01 3.574232012033462524e-02 7.704550772905349731e-02 3.986726760864257812e+00
4.600000000000000000e+04 1.729236543178558350e-01 6.768466830253601074e-01 1.046397805213928223e+00 1.631078147888183594e+01 2.111483663320541382e-01 3.428145870566368103e-02 7.557339966297149658e-02 3.962386369705200195e+00 1.632853001356124878e-01 6.499228477478027344e-01 9.761021137237548828e-01 1.653083038330078125e+01 2.111483663320541382e-01 3.428145870566368103e-02 7.557339966297149658e-02 3.962386369705200195e+00
4.800000000000000000e+04 1.732124239206314087e-01 6.611976623535156250e-01 1.030051350593566895e+00 1.617177200317382812e+01 2.112827599048614502e-01 3.308397531509399414e-02 7.417261600494384766e-02 3.938406467437744141e+00 1.642735600471496582e-01 6.359753608703613281e-01 9.629840254783630371e-01 1.638577461242675781e+01 2.112827599048614502e-01 3.308397531509399414e-02 7.417261600494384766e-02 3.938406467437744141e+00
5.000000000000000000e+04 1.734521239995956421e-01 6.450106501579284668e-01 1.013281702995300293e+00 1.603882598876953125e+01 2.113771885633468628e-01 3.209544345736503601e-02 7.285081595182418823e-02 3.914757013320922852e+00 1.650657355785369873e-01 6.213065385818481445e-01 9.493668675422668457e-01 1.624694061279296875e+01 2.113771885633468628e-01 3.209544345736503601e-02 7.285081595182418823e-02 3.914757013320922852e+00
5.200000000000000000e+04 1.737000048160552979e-01 6.288415789604187012e-01 9.966384172439575195e-01 1.591143035888671875e+01 2.114644944667816162e-01 3.126979619264602661e-02 7.159192860126495361e-02 3.891510009765625000e+00 1.657394468784332275e-01 6.064922809600830078e-01 9.357287883758544922e-01 1.611383056640625000e+01 2.114644944667816162e-01 3.126979619264602661e-02 7.159192860126495361e-02 3.891510009765625000e+00
5.400000000000000000e+04 1.739935427904129028e-01 6.132271289825439453e-01 9.806556105613708496e-01 1.578915214538574219e+01 2.115709781646728516e-01 3.054267726838588715e-02 7.040270417928695679e-02 3.868692874908447266e+00 1.663546562194824219e-01 5.920703411102294922e-01 9.225264191627502441e-01 1.598603057861328125e+01 2.115709781646728516e-01 3.054267726838588715e-02 7.040270417928695679e-02 3.868692874908447266e+00
5.600000000000000000e+04 1.743762642145156860e-01 5.985315442085266113e-01 9.657511115074157715e-01 1.567155361175537109e+01 2.117134481668472290e-01 2.987716905772686005e-02 6.926660984754562378e-02 3.846388578414916992e+00 1.669744253158569336e-01 5.784637331962585449e-01 9.101645946502685547e-01 1.586310863494873047e+01 2.117134481668472290e-01 2.987716905772686005e-02 6.926660984754562378e-02 3.846388578414916992e+00
5.800000000000000000e+04 1.748743057250976562e-01 5.849896669387817383e-01 9.522517919540405273e-01 1.555818748474121094e+01 2.118993252515792847e-01 2.923089079558849335e-02 6.818456947803497314e-02 3.824681997299194336e+00 1.676385998725891113e-01 5.659273862838745117e-01 8.989325165748596191e-01 1.574463844299316406e+01 2.118993252515792847e-01 2.923089079558849335e-02 6.818456947803497314e-02 3.824681997299194336e+00
6.000000000000000000e+04 1.754934787750244141e-01 5.725905895233154297e-01 9.401201605796813965e-01 1.544876003265380859e+01 2.121324390172958374e-01 2.860006690025329590e-02 6.715355068445205688e-02 3.803578376770019531e+00 1.683643311262130737e-01 5.544761419296264648e-01 8.887949585914611816e-01 1.563030242919921875e+01 2.121324390172958374e-01 2.860006690025329590e-02 6.715355068445205688e-02 3.803578376770019531e+00
6.000000000000000000e+04 1.754934787750244141e-01 5.725905895233154297e-01 9.401201605796813965e-01 1.544876003265380859e+01 2.121324390172958374e-01 2.860006690025329590e-02 6.715355068445205688e-02 3.803578376770019531e+00 1.683643311262130737e-01 5.544761419296264648e-01 8.887949585914611816e-01 1.563030242919921875e+01 2.121324390172958374e-01 2.860006690025329590e-02 6.715355068445205688e-02 3.803578376770019531e+00
6.100000000000000000e+04 1.414404988288879395e+00 8.572985231876373291e-02 2.090645283460617065e-01 6.715776920318603516e+00 1.577298641204833984e-01 7.548690191470086575e-04 1.970518007874488831e-02 1.265038728713989258e+00 1.414404988288879395e+00 8.572985231876373291e-02 2.090645283460617065e-01 6.715776920318603516e+00 1.577298641204833984e-01 7.548690191470086575e-04 1.970518007874488831e-02 1.265038728713989258e+00
6.154900000000000000e+04 5.520168542861938477e-01 4.339965879917144775e-01 2.402171939611434937e-01 5.451057910919189453e+00 6.987584382295608521e-02 3.907680511474609375e-03 1.823175698518753052e-02 1.018998861312866211e+00 5.426719188690185547e-01 2.449060082435607910e-01 2.570269405841827393e-01 5.313813686370849609e+00 6.987584382295608521e-02 3.907680511474609375e-03 1.823175698518753052e-02 1.018998861312866211e+00
