# step, loss_train, loss_test, metrics_test
0.000000000000000000e+00 5.250427722930908203e+00 1.439486846923828125e+02 1.832118530273437500e+03 3.753203868865966797e+00 1.322499990463256836e+00 3.600000000000000000e+01 4.579599914550781250e+02 1.000000000000000000e+00 5.250206947326660156e+00 1.439484863281250000e+02 1.832121093750000000e+03 3.758155822753906250e+00 1.322499990463256836e+00 3.600000000000000000e+01 4.579599914550781250e+02 1.000000000000000000e+00
2.000000000000000000e+03 2.543082809448242188e+01 5.959860839843750000e+02 5.522963867187500000e+02 2.997136592864990234e+00 1.099313423037528992e-02 3.286727523803710938e+01 4.066437377929687500e+02 1.523129940032958984e-01 2.567237281799316406e+01 6.017108154296875000e+02 5.385651855468750000e+02 3.006283044815063477e+00 1.099313423037528992e-02 3.286727523803710938e+01 4.066437377929687500e+02 1.523129940032958984e-01
4.000000000000000000e+03 3.579149246215820312e+01 7.211183471679687500e+02 3.090472717285156250e+02 3.322733402252197266e+00 1.384504437446594238e+00 2.315264892578125000e+01 3.163070983886718750e+02 4.846055030822753906e+00 3.587274551391601562e+01 7.289187011718750000e+02 3.046860351562500000e+02 3.328913211822509766e+00 1.384504437446594238e+00 2.315264892578125000e+01 3.163070983886718750e+02 4.846055030822753906e+00
6.000000000000000000e+03 3.668837738037109375e+01 6.957125244140625000e+02 2.992973022460937500e+02 3.458959579467773438e+00 2.156612634658813477e+00 1.386155128479003906e+01 2.327953186035156250e+02 9.899115562438964844e+00 3.690856552124023438e+01 7.037985839843750000e+02 3.006555786132812500e+02 3.488833904266357422e+00 2.156612634658813477e+00 1.386155128479003906e+01 2.327953186035156250e+02 9.899115562438964844e+00
8.000000000000000000e+03 3.676354598999023438e+01 6.684490356445312500e+02 2.992358398437500000e+02 3.495870590209960938e+00 1.515863060951232910e+00 8.396993637084960938e+00 1.732942047119140625e+02 1.478160667419433594e+01 3.712520980834960938e+01 6.767905273437500000e+02 3.026229553222656250e+02 3.532032966613769531e+00 1.515863060951232910e+00 8.396993637084960938e+00 1.732942047119140625e+02 1.478160667419433594e+01
1.000000000000000000e+04 3.613919448852539062e+01 6.340985717773437500e+02 2.931023254394531250e+02 3.454180717468261719e+00 6.561564803123474121e-01 6.029255867004394531e+00 1.365884246826171875e+02 1.975927734375000000e+01 3.654893875122070312e+01 6.422346801757812500e+02 2.969770202636718750e+02 3.486957311630249023e+00 6.561564803123474121e-01 6.029255867004394531e+00 1.365884246826171875e+02 1.975927734375000000e+01
1.200000000000000000e+04 3.463777542114257812e+01 5.818593139648437500e+02 2.715270080566406250e+02 3.333184719085693359e+00 1.153342947363853455e-01 6.316937923431396484e+00 1.197467422485351562e+02 2.475261116027832031e+01 3.503429794311523438e+01 5.888275146484375000e+02 2.750708923339843750e+02 3.357378721237182617e+00 1.153342947363853455e-01 6.316937923431396484e+00 1.197467422485351562e+02 2.475261116027832031e+01
1.400000000000000000e+04 3.187083816528320312e+01 4.704068603515625000e+02 2.171264801025390625e+02 3.082222223281860352e+00 1.873076148331165314e-02 1.142575740814208984e+01 1.269845123291015625e+02 3.003265190124511719e+01 3.219292068481445312e+01 4.742308959960937500e+02 2.193562469482421875e+02 3.092017889022827148e+00 1.873076148331165314e-02 1.142575740814208984e+01 1.269845123291015625e+02 3.003265190124511719e+01
1.600000000000000000e+04 2.988137245178222656e+01 2.353646697998046875e+02 1.162373352050781250e+02 2.761712074279785156e+00 2.024219930171966553e-01 2.655597305297851562e+01 1.565910797119140625e+02 3.914966201782226562e+01 3.015782928466796875e+01 2.333771362304687500e+02 1.156070022583007812e+02 2.733001470565795898e+00 2.024219930171966553e-01 2.655597305297851562e+01 1.565910797119140625e+02 3.914966201782226562e+01
1.800000000000000000e+04 2.823759078979492188e+01 9.630812835693359375e+01 5.496329879760742188e+01 2.717796325683593750e+00 3.553218841552734375e-01 3.182124900817871094e+01 1.429845123291015625e+02 5.710143280029296875e+01 2.848592185974121094e+01 9.258744812011718750e+01 5.389329528808593750e+01 2.636650323867797852e+00 3.553218841552734375e-01 3.182124900817871094e+01 1.429845123291015625e+02 5.710143280029296875e+01
2.000000000000000000e+04 2.642163467407226562e+01 5.051634597778320312e+01 3.061731338500976562e+01 2.646595716476440430e+00 4.683432579040527344e-01 2.652588462829589844e+01 1.125493850708007812e+02 6.877313995361328125e+01 2.662936210632324219e+01 4.712087631225585938e+01 2.976391983032226562e+01 2.552642345428466797e+00 4.683432579040527344e-01 2.652588462829589844e+01 1.125493850708007812e+02 6.877313995361328125e+01
2.200000000000000000e+04 2.484483909606933594e+01 3.021009635925292969e+01 1.800844383239746094e+01 2.569900512695312500e+00 5.673970580101013184e-01 2.022849655151367188e+01 8.781948852539062500e+01 7.071249389648437500e+01 2.502763938903808594e+01 2.726142501831054688e+01 1.750732803344726562e+01 2.468486309051513672e+00 5.673970580101013184e-01 2.022849655151367188e+01 8.781948852539062500e+01 7.071249389648437500e+01
2.400000000000000000e+04 2.328279304504394531e+01 1.960477638244628906e+01 1.102671051025390625e+01 2.560395956039428711e+00 6.810943484306335449e-01 1.476090908050537109e+01 6.906656646728515625e+01 6.663861846923828125e+01 2.344352531433105469e+01 1.700000953674316406e+01 1.078317451477050781e+01 2.440883398056030273e+00 6.810943484306335449e-01 1.476090908050537109e+01 6.906656646728515625e+01 6.663861846923828125e+01
2.600000000000000000e+04 2.182716178894042969e+01 1.379058265686035156e+01 7.185617923736572266e+00 2.633867263793945312e+00 8.087389469146728516e-01 1.035555934906005859e+01 5.479198074340820312e+01 5.943336486816406250e+01 2.197079658508300781e+01 1.142034053802490234e+01 7.096036911010742188e+00 2.486176490783691406e+00 8.087389469146728516e-01 1.035555934906005859e+01 5.479198074340820312e+01 5.943336486816406250e+01
2.800000000000000000e+04 2.056031227111816406e+01 1.055100059509277344e+01 5.090371608734130859e+00 2.789292097091674805e+00 9.337016344070434570e-01 6.996612548828125000e+00 4.379873275756835938e+01 5.098384094238281250e+01 2.069554519653320312e+01 8.346078872680664062e+00 5.081119060516357422e+00 2.606552839279174805e+00 9.337016344070434570e-01 6.996612548828125000e+00 4.379873275756835938e+01 5.098384094238281250e+01
3.000000000000000000e+04 1.949938011169433594e+01 8.637479782104492188e+00 3.920610904693603516e+00 3.015878677368164062e+00 1.034919738769531250e+00 4.568179607391357422e+00 3.516449737548828125e+01 4.260721206665039062e+01 1.963444328308105469e+01 6.571747303009033203e+00 3.938895225524902344e+00 2.795495510101318359e+00 1.034919738769531250e+00 4.568179607391357422e+00 3.516449737548828125e+01 4.260721206665039062e+01
3.200000000000000000e+04 1.861008071899414062e+01 7.349039077758789062e+00 3.233841419219970703e+00 3.295685291290283203e+00 1.098599076271057129e+00 2.895176649093627930e+00 2.821596908569335938e+01 3.514648818969726562e+01 1.874904441833496094e+01 5.418775081634521484e+00 3.233844041824340820e+00 3.038973093032836914e+00 1.098599076271057129e+00 2.895176649093627930e+00 2.821596908569335938e+01 3.514648818969726562e+01
3.400000000000000000e+04 1.783948326110839844e+01 6.345855712890625000e+00 2.825784921646118164e+00 3.606794595718383789e+00 1.124401211738586426e+00 1.790072560310363770e+00 2.252589416503906250e+01 2.897765731811523438e+01 1.798281288146972656e+01 4.550990581512451172e+00 2.762629270553588867e+00 3.317374229431152344e+00 1.124401211738586426e+00 1.790072560310363770e+00 2.252589416503906250e+01 2.897765731811523438e+01
3.600000000000000000e+04 1.713767242431640625e+01 5.495590686798095703e+00 2.608348131179809570e+00 3.926700353622436523e+00 1.122251749038696289e+00 1.086738705635070801e+00 1.785423851013183594e+01 2.411216354370117188e+01 1.728461837768554688e+01 3.832550048828125000e+00 2.442599058151245117e+00 3.608850002288818359e+00 1.122251749038696289e+00 1.086738705635070801e+00 1.785423851013183594e+01 2.411216354370117188e+01
3.800000000000000000e+04 1.646743202209472656e+01 4.761312484741210938e+00 2.529659986495971680e+00 4.235932350158691406e+00 1.104890704154968262e+00 6.531955003738403320e-01 1.406036853790283203e+01 2.036236190795898438e+01 1.661734771728515625e+01 3.222976684570312500e+00 2.235022068023681641e+00 3.893527746200561523e+00 1.104890704154968262e+00 6.531955003738403320e-01 1.406036853790283203e+01 2.036236190795898438e+01
4.000000000000000000e+04 1.580666923522949219e+01 4.136740207672119141e+00 2.544332504272460938e+00 4.520291328430175781e+00 1.082563638687133789e+00 3.925615549087524414e-01 1.103084659576416016e+01 1.748524856567382812e+01 1.595906066894531250e+01 2.714070081710815430e+00 2.110459566116333008e+00 4.156432151794433594e+00 1.082563638687133789e+00 3.925615549087524414e-01 1.103084659576416016e+01 1.748524856567382812e+01
4.200000000000000000e+04 1.514724349975585938e+01 3.615610122680664062e+00 2.610043764114379883e+00 4.771779537200927734e+00 1.061399221420288086e+00 2.383394241333007812e-01 8.650984764099121094e+00 1.526040554046630859e+01 1.530157184600830078e+01 2.299476623535156250e+00 2.040055274963378906e+00 4.388782501220703125e+00 1.061399221420288086e+00 2.383394241333007812e-01 8.650984764099121094e+00 1.526040554046630859e+01
4.400000000000000000e+04 1.449015426635742188e+01 3.187150716781616211e+00 2.692613601684570312e+00 4.987367153167724609e+00 1.044117450714111328e+00 1.476760357618331909e-01 6.804259777069091797e+00 1.351539611816406250e+01 1.464567661285400391e+01 1.968771576881408691e+00 1.998337388038635254e+00 4.586975097656250000e+00 1.044117450714111328e+00 1.476760357618331909e-01 6.804259777069091797e+00 1.351539611816406250e+01
4.500000000000000000e+04 1.416407680511474609e+01 3.002877950668334961e+00 2.732100009918212891e+00 5.081888198852539062e+00 1.037269115447998047e+00 1.174491792917251587e-01 6.046397686004638672e+00 1.278214073181152344e+01 1.431988620758056641e+01 1.830364823341369629e+00 1.981723666191101074e+00 4.673312187194824219e+00 1.037269115447998047e+00 1.174491792917251587e-01 6.046397686004638672e+00 1.278214073181152344e+01
4.500000000000000000e+04 1.416407680511474609e+01 3.002877950668334961e+00 2.732100009918212891e+00 5.081888198852539062e+00 1.037269115447998047e+00 1.174491792917251587e-01 6.046397686004638672e+00 1.278214073181152344e+01 1.431988620758056641e+01 1.830364823341369629e+00 1.981723666191101074e+00 4.673312187194824219e+00 1.037269115447998047e+00 1.174491792917251587e-01 6.046397686004638672e+00 1.278214073181152344e+01
4.600000000000000000e+04 2.071318030357360840e-01 3.004612214863300323e-02 7.121472153812646866e-03 1.966266147792339325e-02 3.949512574763502926e-06 2.497254172340035439e-07 6.386926543200388551e-06 9.301311373710632324e-01 2.071318030357360840e-01 3.004612214863300323e-02 7.121472153812646866e-03 1.966266147792339325e-02 3.949512574763502926e-06 2.497254172340035439e-07 6.386926543200388551e-06 9.301311373710632324e-01
4.700000000000000000e+04 1.021825149655342102e-01 3.662779554724693298e-02 1.391077321022748947e-02 2.894570678472518921e-02 2.300269843544811010e-04 8.839202564558945596e-06 2.095475792884826660e-09 8.235313296318054199e-01 1.021825149655342102e-01 3.662779554724693298e-02 1.391077321022748947e-02 2.894570678472518921e-02 2.300269843544811010e-04 8.839202564558945596e-06 2.095475792884826660e-09 8.235313296318054199e-01
4.800000000000000000e+04 1.435041576623916626e-01 6.800018996000289917e-02 2.511733025312423706e-02 1.215546391904354095e-02 1.149544987129047513e-04 9.301654063165187836e-05 1.555826747789978981e-05 1.566279083490371704e-01 1.435041576623916626e-01 6.800018996000289917e-02 2.511733025312423706e-02 1.215546391904354095e-02 1.149544987129047513e-04 9.301654063165187836e-05 1.555826747789978981e-05 1.566279083490371704e-01
4.900000000000000000e+04 4.100188985466957092e-02 9.987882338464260101e-03 7.814193144440650940e-03 6.838120985776185989e-03 6.200945063028484583e-05 2.281973138451576233e-06 3.681765520013868809e-06 1.635115477256476879e-04 4.100188985466957092e-02 9.987882338464260101e-03 7.814193144440650940e-03 6.838120985776185989e-03 6.200945063028484583e-05 2.281973138451576233e-06 3.681765520013868809e-06 1.635115477256476879e-04
4.929800000000000000e+04 3.961031138896942139e-02 5.736213643103837967e-03 4.186775069683790207e-03 6.852965336292982101e-03 8.717703167349100113e-06 1.419039108441211283e-07 1.633088686503469944e-08 4.846697265747934580e-09 1.397955036163330078e+01 5.906596679687500000e+02 7.924737304687500000e+03 2.451070022583007812e+01 8.717703167349100113e-06 1.419039108441211283e-07 1.633088686503469944e-08 4.846697265747934580e-09
4.929800000000000000e+04 3.961031138896942139e-02 5.736213643103837967e-03 4.186775069683790207e-03 6.852965336292982101e-03 8.717703167349100113e-06 1.419039108441211283e-07 1.633088686503469944e-08 4.846697265747934580e-09 1.397955036163330078e+01 5.906596679687500000e+02 7.924737304687500000e+03 2.451070022583007812e+01 8.717703167349100113e-06 1.419039108441211283e-07 1.633088686503469944e-08 4.846697265747934580e-09
4.931800000000000000e+04 3.961301222443580627e-02 5.735564976930618286e-03 4.183992277830839157e-03 6.853139027953147888e-03 8.730378795007709414e-06 1.341104507446289062e-07 1.833905116654932499e-08 4.174637524556601420e-09 1.397883510589599609e+01 5.906449584960937500e+02 7.924495117187500000e+03 2.451063537597656250e+01 8.730378795007709414e-06 1.341104507446289062e-07 1.833905116654932499e-08 4.174637524556601420e-09
