# step, loss_train, loss_test, metrics_test
0.000000000000000000e+00 5.291896343231201172e+00 1.439950408935546875e+02 1.831982055664062500e+03 3.942477703094482422e+00 1.322499990463256836e+00 3.600000000000000000e+01 4.579599914550781250e+02 1.000000000000000000e+00 5.291965961456298828e+00 1.439949951171875000e+02 1.831982543945312500e+03 3.940849542617797852e+00 1.322499990463256836e+00 3.600000000000000000e+01 4.579599914550781250e+02 1.000000000000000000e+00
2.000000000000000000e+03 8.384465217590332031e+00 3.997046947479248047e-01 8.917732238769531250e+00 2.040491485595703125e+01 1.152392625808715820e+00 2.302906215190887451e-01 8.214377164840698242e-01 1.691280746459960938e+01 8.631484031677246094e+00 3.624196648597717285e-01 6.221546173095703125e+00 1.695873260498046875e+01 1.152392625808715820e+00 2.302906215190887451e-01 8.214377164840698242e-01 1.691280746459960938e+01
4.000000000000000000e+03 1.586072087287902832e+00 3.569305241107940674e-01 2.878005981445312500e+00 2.190114974975585938e+01 6.005033850669860840e-01 2.794837579131126404e-02 3.888151347637176514e-01 1.160778427124023438e+01 1.633377075195312500e+00 3.176724314689636230e-01 1.537013173103332520e+00 1.834857177734375000e+01 6.005033850669860840e-01 2.794837579131126404e-02 3.888151347637176514e-01 1.160778427124023438e+01
6.000000000000000000e+03 3.772946298122406006e-01 3.870655596256256104e-01 1.631534337997436523e+00 2.071091270446777344e+01 4.207322001457214355e-01 6.792657077312469482e-02 2.152453213930130005e-01 9.236079216003417969e+00 3.877818286418914795e-01 3.388990163803100586e-01 9.850879907608032227e-01 1.787185287475585938e+01 4.207322001457214355e-01 6.792657077312469482e-02 2.152453213930130005e-01 9.236079216003417969e+00
8.000000000000000000e+03 8.566476106643676758e-01 1.718178391456604004e+00 1.374513149261474609e+00 1.965562248229980469e+01 3.594889342784881592e-01 5.694532766938209534e-02 2.145468145608901978e-01 7.983143329620361328e+00 8.456081151962280273e-01 1.591012954711914062e+00 1.100253343582153320e+00 1.754526329040527344e+01 3.594889342784881592e-01 5.694532766938209534e-02 2.145468145608901978e-01 7.983143329620361328e+00
1.000000000000000000e+04 9.936245083808898926e-01 1.758516550064086914e+00 1.359871983528137207e+00 1.876983261108398438e+01 3.148956894874572754e-01 4.248899966478347778e-02 2.163315862417221069e-01 6.986845970153808594e+00 9.644241333007812500e-01 1.579557895660400391e+00 1.146208047866821289e+00 1.731506919860839844e+01 3.148956894874572754e-01 4.248899966478347778e-02 2.163315862417221069e-01 6.986845970153808594e+00
1.200000000000000000e+04 1.004961729049682617e+00 1.705821037292480469e+00 1.291977524757385254e+00 1.820119857788085938e+01 2.886512577533721924e-01 3.495840355753898621e-02 2.074816673994064331e-01 6.213658332824707031e+00 9.688706398010253906e-01 1.511250257492065430e+00 1.111895799636840820e+00 1.725697517395019531e+01 2.886512577533721924e-01 3.495840355753898621e-02 2.074816673994064331e-01 6.213658332824707031e+00
1.400000000000000000e+04 9.666973352432250977e-01 1.631811976432800293e+00 1.222866892814636230e+00 1.778994750976562500e+01 2.714718878269195557e-01 3.206674754619598389e-02 1.944591104984283447e-01 5.611001968383789062e+00 9.263327121734619141e-01 1.438336849212646484e+00 1.062935233116149902e+00 1.723664283752441406e+01 2.714718878269195557e-01 3.206674754619598389e-02 1.944591104984283447e-01 5.611001968383789062e+00
1.600000000000000000e+04 9.033021926879882812e-01 1.545564293861389160e+00 1.154278039932250977e+00 1.744872856140136719e+01 2.591713070869445801e-01 3.118856251239776611e-02 1.799990981817245483e-01 5.145428657531738281e+00 8.594824075698852539e-01 1.362827777862548828e+00 1.007166504859924316e+00 1.718002319335937500e+01 2.591713070869445801e-01 3.118856251239776611e-02 1.799990981817245483e-01 5.145428657531738281e+00
1.800000000000000000e+04 8.263758420944213867e-01 1.450946807861328125e+00 1.081998109817504883e+00 1.712875747680664062e+01 2.501987516880035400e-01 3.093375824391841888e-02 1.654763668775558472e-01 4.793704032897949219e+00 7.817050218582153320e-01 1.282576560974121094e+00 9.439322948455810547e-01 1.705595779418945312e+01 2.501987516880035400e-01 3.093375824391841888e-02 1.654763668775558472e-01 4.793704032897949219e+00
2.000000000000000000e+04 7.472982406616210938e-01 1.355034112930297852e+00 1.007737398147583008e+00 1.680919265747070312e+01 2.438006401062011719e-01 3.069653920829296112e-02 1.518719792366027832e-01 4.535288810729980469e+00 7.051298022270202637e-01 1.200401663780212402e+00 8.766213059425354004e-01 1.686499404907226562e+01 2.438006401062011719e-01 3.069653920829296112e-02 1.518719792366027832e-01 4.535288810729980469e+00
2.200000000000000000e+04 6.761720776557922363e-01 1.267604470252990723e+00 9.389615058898925781e-01 1.648970794677734375e+01 2.394148558378219604e-01 3.020063601434230804e-02 1.400034129619598389e-01 4.348965167999267578e+00 6.388932466506958008e-01 1.124281764030456543e+00 8.133087158203125000e-01 1.662630844116210938e+01 2.394148558378219604e-01 3.020063601434230804e-02 1.400034129619598389e-01 4.348965167999267578e+00
2.400000000000000000e+04 6.198018789291381836e-01 1.195484161376953125e+00 8.828426003456115723e-01 1.617783927917480469e+01 2.365849167108535767e-01 2.930512651801109314e-02 1.303775161504745483e-01 4.215376853942871094e+00 5.881699919700622559e-01 1.061378121376037598e+00 7.616879940032958984e-01 1.636263084411621094e+01 2.365849167108535767e-01 2.930512651801109314e-02 1.303775161504745483e-01 4.215376853942871094e+00
2.600000000000000000e+04 5.794183015823364258e-01 1.138630390167236328e+00 8.410524725914001465e-01 1.587964344024658203e+01 2.349024564027786255e-01 2.805881202220916748e-02 1.229813918471336365e-01 4.118862628936767578e+00 5.529561042785644531e-01 1.012931942939758301e+00 7.240754961967468262e-01 1.609127426147460938e+01 2.349024564027786255e-01 2.805881202220916748e-02 1.229813918471336365e-01 4.118862628936767578e+00
2.800000000000000000e+04 5.517894625663757324e-01 1.093750596046447754e+00 8.111076354980468750e-01 1.559860610961914062e+01 2.340145707130432129e-01 2.664183452725410461e-02 1.173393875360488892e-01 4.047207832336425781e+00 5.295951366424560547e-01 9.762117266654968262e-01 6.982110738754272461e-01 1.582375621795654297e+01 2.340145707130432129e-01 2.664183452725410461e-02 1.173393875360488892e-01 4.047207832336425781e+00
3.000000000000000000e+04 5.328009724617004395e-01 1.057595610618591309e+00 7.895870208740234375e-01 1.533665561676025391e+01 2.336297929286956787e-01 2.521051466464996338e-02 1.128886044025421143e-01 3.991293907165527344e+00 5.140330195426940918e-01 9.479448199272155762e-01 6.806666851043701172e-01 1.556738567352294922e+01 2.336297929286956787e-01 2.521051466464996338e-02 1.128886044025421143e-01 3.991293907165527344e+00
3.200000000000000000e+04 5.193653702735900879e-01 1.027709007263183594e+00 7.737055420875549316e-01 1.509423351287841797e+01 2.335358262062072754e-01 2.384300157427787781e-02 1.091959774494171143e-01 3.944984197616577148e+00 5.033720135688781738e-01 9.255889654159545898e-01 6.686201095581054688e-01 1.532596206665039062e+01 2.335358262062072754e-01 2.384300157427787781e-02 1.091959774494171143e-01 3.944984197616577148e+00
3.400000000000000000e+04 5.094897150993347168e-01 1.002204895019531250e+00 7.614305019378662109e-01 1.487043857574462891e+01 2.335990816354751587e-01 2.255986444652080536e-02 1.059853360056877136e-01 3.904652595520019531e+00 4.957857131958007812e-01 9.072382450103759766e-01 6.600635647773742676e-01 1.510060691833496094e+01 2.335990816354751587e-01 2.255986444652080536e-02 1.059853360056877136e-01 3.904652595520019531e+00
3.600000000000000000e+04 5.019593834877014160e-01 9.798842072486877441e-01 7.514910101890563965e-01 1.466372680664062500e+01 2.337569296360015869e-01 2.136152796447277069e-02 1.031078100204467773e-01 3.868230342864990234e+00 4.901786744594573975e-01 8.916670680046081543e-01 6.537320017814636230e-01 1.489096355438232422e+01 2.337569296360015869e-01 2.136152796447277069e-02 1.031078100204467773e-01 3.868230342864990234e+00
3.800000000000000000e+04 4.960277974605560303e-01 9.599166512489318848e-01 7.430729269981384277e-01 1.447228145599365234e+01 2.339791059494018555e-01 2.024498395621776581e-02 1.004777625203132629e-01 3.834635019302368164e+00 4.858713746070861816e-01 8.780287504196166992e-01 6.488266587257385254e-01 1.469590187072753906e+01 2.339791059494018555e-01 2.024498395621776581e-02 1.004777625203132629e-01 3.834635019302368164e+00
4.000000000000000000e+04 4.912504553794860840e-01 9.418614506721496582e-01 7.357634902000427246e-01 1.429442882537841797e+01 2.342685461044311523e-01 1.920054107904434204e-02 9.803690016269683838e-02 3.803185462951660156e+00 4.824614524841308594e-01 8.658643364906311035e-01 6.449331641197204590e-01 1.451414680480957031e+01 2.342685461044311523e-01 1.920054107904434204e-02 9.803690016269683838e-02 3.803185462951660156e+00
4.200000000000000000e+04 4.873163402080535889e-01 9.253186583518981934e-01 7.292271852493286133e-01 1.412860107421875000e+01 2.346194833517074585e-01 1.823265850543975830e-02 9.577237814664840698e-02 3.773557662963867188e+00 4.796698093414306641e-01 8.547686934471130371e-01 6.417182683944702148e-01 1.434436225891113281e+01 2.346194833517074585e-01 1.823265850543975830e-02 9.577237814664840698e-02 3.773557662963867188e+00
4.400000000000000000e+04 4.840468466281890869e-01 9.100452065467834473e-01 7.232965230941772461e-01 1.397345638275146484e+01 2.350369691848754883e-01 1.733008213341236115e-02 9.365569800138473511e-02 3.745470523834228516e+00 4.773491919040679932e-01 8.445030450820922852e-01 6.390171051025390625e-01 1.418533229827880859e+01 2.350369691848754883e-01 1.733008213341236115e-02 9.365569800138473511e-02 3.745470523834228516e+00
4.600000000000000000e+04 4.813094139099121094e-01 8.958927392959594727e-01 7.179031372070312500e-01 1.382779598236083984e+01 2.355150580406188965e-01 1.649093069136142731e-02 9.167928248643875122e-02 3.718828439712524414e+00 4.753977954387664795e-01 8.349372744560241699e-01 6.367433667182922363e-01 1.403591823577880859e+01 2.355150580406188965e-01 1.649093069136142731e-02 9.167928248643875122e-02 3.718828439712524414e+00
4.800000000000000000e+04 4.790186583995819092e-01 8.826750516891479492e-01 7.129798531532287598e-01 1.369061374664306641e+01 2.360533326864242554e-01 1.571405678987503052e-02 8.982110023498535156e-02 3.693456888198852539e+00 4.737652540206909180e-01 8.259184360504150391e-01 6.348009109497070312e-01 1.389513969421386719e+01 2.360533326864242554e-01 1.571405678987503052e-02 8.982110023498535156e-02 3.693456888198852539e+00
5.000000000000000000e+04 4.770935475826263428e-01 8.702647686004638672e-01 7.084861397743225098e-01 1.356098747253417969e+01 2.366429567337036133e-01 1.499268691986799240e-02 8.808041363954544067e-02 3.669323444366455078e+00 4.723995327949523926e-01 8.173592090606689453e-01 6.331581473350524902e-01 1.376208305358886719e+01 2.366429567337036133e-01 1.499268691986799240e-02 8.808041363954544067e-02 3.669323444366455078e+00
5.200000000000000000e+04 4.754857122898101807e-01 8.585505485534667969e-01 7.043629884719848633e-01 1.343819808959960938e+01 2.372780293226242065e-01 1.432362757623195648e-02 8.644758164882659912e-02 3.646325111389160156e+00 4.712846875190734863e-01 8.091909885406494141e-01 6.317455172538757324e-01 1.363601303100585938e+01 2.372780293226242065e-01 1.432362757623195648e-02 8.644758164882659912e-02 3.646325111389160156e+00
5.400000000000000000e+04 4.741560518741607666e-01 8.474628329277038574e-01 7.006202936172485352e-01 1.332156753540039062e+01 2.379457056522369385e-01 1.370397955179214478e-02 8.490782231092453003e-02 3.624397277832031250e+00 4.704028367996215820e-01 8.013838529586791992e-01 6.305680274963378906e-01 1.351625251770019531e+01 2.379457056522369385e-01 1.370397955179214478e-02 8.490782231092453003e-02 3.624397277832031250e+00
5.600000000000000000e+04 4.730730056762695312e-01 8.369057178497314453e-01 6.972011327743530273e-01 1.321056461334228516e+01 2.386402785778045654e-01 1.312544289976358414e-02 8.346783369779586792e-02 3.603451728820800781e+00 4.697390794754028320e-01 7.938762903213500977e-01 6.295719146728515625e-01 1.340225219726562500e+01 2.386402785778045654e-01 1.312544289976358414e-02 8.346783369779586792e-02 3.603451728820800781e+00
5.800000000000000000e+04 4.722000658512115479e-01 8.268195390701293945e-01 6.940575838088989258e-01 1.310472393035888672e+01 2.393483668565750122e-01 1.258900575339794159e-02 8.210901170969009399e-02 3.583422899246215820e+00 4.692685902118682861e-01 7.866477370262145996e-01 6.287209987640380859e-01 1.329353809356689453e+01 2.393483668565750122e-01 1.258900575339794159e-02 8.210901170969009399e-02 3.583422899246215820e+00
6.000000000000000000e+04 4.715238511562347412e-01 8.172129988670349121e-01 6.912159919738769531e-01 1.300362873077392578e+01 2.400632053613662720e-01 1.208817772567272186e-02 8.083724975585937500e-02 3.564251422882080078e+00 4.689858555793762207e-01 7.797203660011291504e-01 6.280379891395568848e-01 1.318969440460205078e+01 2.400632053613662720e-01 1.208817772567272186e-02 8.083724975585937500e-02 3.564251422882080078e+00
6.200000000000000000e+04 4.710204601287841797e-01 8.080264925956726074e-01 6.886181831359863281e-01 1.290692806243896484e+01 2.407812923192977905e-01 1.162053272128105164e-02 7.963676005601882935e-02 3.545876264572143555e+00 4.688720703125000000e-01 7.730683684349060059e-01 6.274847388267517090e-01 1.309034919738769531e+01 2.407812923192977905e-01 1.162053272128105164e-02 7.963676005601882935e-02 3.545876264572143555e+00
6.400000000000000000e+04 4.706645905971527100e-01 7.991464734077453613e-01 6.861626505851745605e-01 1.281432437896728516e+01 2.414971590042114258e-01 1.118176896125078201e-02 7.850936800241470337e-02 3.528220653533935547e+00 4.688992202281951904e-01 7.665960788726806641e-01 6.269727349281311035e-01 1.299520683288574219e+01 2.414971590042114258e-01 1.118176896125078201e-02 7.850936800241470337e-02 3.528220653533935547e+00
6.500000000000000000e+04 4.705519080162048340e-01 7.949105501174926758e-01 6.850810647010803223e-01 1.276947498321533203e+01 2.418499588966369629e-01 1.097259484231472015e-02 7.797371596097946167e-02 3.519647598266601562e+00 4.689750075340270996e-01 7.635173797607421875e-01 6.268197298049926758e-01 1.294912242889404297e+01 2.418499588966369629e-01 1.097259484231472015e-02 7.797371596097946167e-02 3.519647598266601562e+00
6.500000000000000000e+04 4.705519080162048340e-01 7.949105501174926758e-01 6.850810647010803223e-01 1.276947498321533203e+01 2.418499588966369629e-01 1.097259484231472015e-02 7.797371596097946167e-02 3.519647598266601562e+00 4.689750075340270996e-01 7.635173797607421875e-01 6.268197298049926758e-01 1.294912242889404297e+01 2.418499588966369629e-01 1.097259484231472015e-02 7.797371596097946167e-02 3.519647598266601562e+00
6.600000000000000000e+04 8.724222779273986816e-01 2.023194134235382080e-01 1.802948266267776489e-01 6.763640403747558594e+00 1.084181070327758789e-01 3.436413360759615898e-03 5.931592080742120743e-03 1.096328735351562500e+00 8.724222779273986816e-01 2.023194134235382080e-01 1.802948266267776489e-01 6.763640403747558594e+00 1.084181070327758789e-01 3.436413360759615898e-03 5.931592080742120743e-03 1.096328735351562500e+00
6.700000000000000000e+04 9.933222085237503052e-02 2.284654378890991211e-01 1.389217674732208252e-01 5.070270538330078125e+00 1.682995469309389591e-03 3.088396333623677492e-04 2.712143817916512489e-03 1.023847222328186035e+00 9.933222085237503052e-02 2.284654378890991211e-01 1.389217674732208252e-01 5.070270538330078125e+00 1.682995469309389591e-03 3.088396333623677492e-04 2.712143817916512489e-03 1.023847222328186035e+00
6.800000000000000000e+04 5.486566573381423950e-02 4.302425310015678406e-02 7.886853814125061035e-02 4.061904430389404297e+00 1.726711634546518326e-04 2.612941898405551910e-05 2.875171048799529672e-06 1.018907666206359863e+00 5.486566573381423950e-02 4.302425310015678406e-02 7.886853814125061035e-02 4.061904430389404297e+00 1.726711634546518326e-04 2.612941898405551910e-05 2.875171048799529672e-06 1.018907666206359863e+00
6.900000000000000000e+04 1.147913560271263123e-01 7.049378752708435059e-02 8.397679775953292847e-02 3.328404903411865234e+00 3.079657908529043198e-03 2.839964872691780329e-05 3.598071052692830563e-04 1.015118837356567383e+00 1.147913560271263123e-01 7.049378752708435059e-02 8.397679775953292847e-02 3.328404903411865234e+00 3.079657908529043198e-03 2.839964872691780329e-05 3.598071052692830563e-04 1.015118837356567383e+00
6.920300000000000000e+04 8.546963334083557129e-02 7.404064387083053589e-02 6.705120205879211426e-02 3.345241546630859375e+00 4.573614336550235748e-03 1.359356683678925037e-04 9.837094694375991821e-07 1.014844775199890137e+00 7.503116875886917114e-02 2.222715318202972412e-01 7.100802659988403320e-02 3.445844650268554688e+00 4.573614336550235748e-03 1.359356683678925037e-04 9.837094694375991821e-07 1.014844775199890137e+00
