# step, loss_train, loss_test, metrics_test
0.000000000000000000e+00 4.471462631225585938e+01 6.284877441406250000e+03 2.165962791442871094e+01 1.693748527031857520e-05 7.331643104553222656e-01 8.711115121841430664e-01 0.000000000000000000e+00 6.399997472763061523e-01 4.471462249755859375e+01 6.284877441406250000e+03 2.165962409973144531e+01 1.693748527031857520e-05 7.331643104553222656e-01 8.711115121841430664e-01 0.000000000000000000e+00 6.399997472763061523e-01
5.000000000000000000e+03 2.716609451454132795e-04 2.766260877251625061e-06 4.764352343045175076e-04 3.443164825439453125e-01 5.462552309036254883e-01 2.816209197044372559e-01 4.914196324534714222e-04 4.641329050064086914e-01 2.716609742492437363e-04 2.766260877251625061e-06 4.764352634083479643e-04 3.443165123462677002e-01 5.462552309036254883e-01 2.816209197044372559e-01 4.914196324534714222e-04 4.641329050064086914e-01
1.000000000000000000e+04 1.404718030244112015e-03 1.536362077558806050e-07 6.206135149113833904e-04 1.760521978139877319e-01 4.262180328369140625e-01 1.901353001594543457e-01 7.882835716009140015e-02 5.082568526268005371e-01 1.404717913828790188e-03 1.536327545181848109e-07 6.206133402884006500e-04 1.760522127151489258e-01 4.262180328369140625e-01 1.901353001594543457e-01 7.882835716009140015e-02 5.082568526268005371e-01
1.500000000000000000e+04 1.170856307908252347e-06 2.051822320936480537e-06 1.202065959660103545e-05 9.902239777147769928e-03 5.474120378494262695e-03 7.250418275361880660e-05 6.795975195927894674e-07 5.527338981628417969e-01 1.170858922705519944e-06 2.051822320936480537e-06 1.202066232508514076e-05 9.902239777147769928e-03 5.474120378494262695e-03 7.250418275361880660e-05 6.795975195927894674e-07 5.527338981628417969e-01
2.000000000000000000e+04 5.632170086755650118e-06 3.563985444543504855e-07 4.280046778148971498e-05 5.397140630520880222e-04 3.318932279944419861e-02 1.194070093333721161e-03 3.850185894407331944e-04 1.290874779224395752e-01 5.632169632008299232e-06 3.564091457519680262e-07 4.280045686755329370e-05 5.397140630520880222e-04 3.318932279944419861e-02 1.194070093333721161e-03 3.850185894407331944e-04 1.290874779224395752e-01
2.500000000000000000e+04 3.706488627130966051e-08 7.129264401051216282e-10 1.375994770569377579e-06 4.207558959024026990e-06 1.458675833418965340e-04 9.219290291184734087e-07 9.203871013596653938e-05 6.875276099890470505e-03 3.706509588141670974e-08 7.130438461899757385e-10 1.375974079564912245e-06 4.207559413771377876e-06 1.458675833418965340e-04 9.219290291184734087e-07 9.203871013596653938e-05 6.875276099890470505e-03
3.000000000000000000e+04 7.739953566954227426e-09 3.115188662583534551e-10 1.874768429388495861e-07 9.246784316019329708e-07 1.941366645041853189e-05 7.374411126193081145e-08 2.018322575736419822e-08 1.667873002588748932e-03 7.739856755506480113e-09 3.112745616817846894e-10 1.874614099506288767e-07 9.246784884453518316e-07 1.941366645041853189e-05 7.374411126193081145e-08 2.018322575736419822e-08 1.667873002588748932e-03
3.500000000000000000e+04 2.087510786452639877e-08 7.252789373524137773e-07 1.105229694076115265e-05 7.711621918815581012e-08 4.784333668794715777e-06 5.739197561638320622e-09 4.492325842875288799e-06 5.444571725092828274e-04 2.087494976876769215e-08 7.252751856867689639e-07 1.105235514842206612e-05 7.711622629358316772e-08 4.784333668794715777e-06 5.739197561638320622e-09 4.492325842875288799e-06 5.444571725092828274e-04
4.000000000000000000e+04 1.846396507909631168e-10 8.558260766733383207e-09 3.283599170345041784e-08 2.769433748994742928e-08 1.639797801544773392e-06 7.442555016723417793e-08 3.354647333253524266e-07 2.251481055282056332e-04 1.846842678787652403e-10 8.557435648981481791e-09 3.283275873400270939e-08 2.769434104266110808e-08 1.639797801544773392e-06 7.442555016723417793e-08 3.354647333253524266e-07 2.251481055282056332e-04
4.500000000000000000e+04 1.100258564812328643e-10 1.120588422054424882e-08 2.096304907439616727e-09 5.640287348285255575e-09 5.222186132414208259e-07 1.270040002054884098e-07 2.562471081546391360e-06 1.017778922687284648e-04 1.100488589145243168e-10 1.120588422054424882e-08 2.095475792884826660e-09 5.640288236463675275e-09 5.222186132414208259e-07 1.270040002054884098e-07 2.562471081546391360e-06 1.017778922687284648e-04
5.000000000000000000e+04 6.244778205655165948e-07 3.062170071643777192e-05 3.609657578635960817e-04 4.128551722715201322e-09 4.002378375389525900e-07 3.835226358717136463e-09 2.470567551426938735e-06 5.705289368052035570e-05 6.244769110708148219e-07 3.062177347601391375e-05 3.609657578635960817e-04 4.128551722715201322e-09 4.002378375389525900e-07 3.835226358717136463e-09 2.470567551426938735e-06 5.705289368052035570e-05
5.500000000000000000e+04 4.429532509675482288e-07 2.377218152105342597e-05 2.923251013271510601e-04 1.169310266391221376e-07 1.877752708878688281e-08 8.530062700629059691e-08 4.858113970840349793e-05 2.944524749182164669e-05 4.429510340742126573e-07 2.377205601078458130e-05 2.923235588241368532e-04 1.169310124282674224e-07 1.877752708878688281e-08 8.530062700629059691e-08 4.858113970840349793e-05 2.944524749182164669e-05
6.000000000000000000e+04 8.017072832444682717e-05 3.974557388573884964e-03 4.571224749088287354e-02 5.784440304523741361e-07 1.631414534131181426e-06 5.732876502406725194e-07 4.426313971634954214e-04 5.386787051975261420e-06 8.017074287636205554e-05 3.974556457251310349e-03 4.571224376559257507e-02 5.784441441392118577e-07 1.631414534131181426e-06 5.732876502406725194e-07 4.426313971634954214e-04 5.386787051975261420e-06
6.500000000000000000e+04 1.850928867952461587e-07 9.185485396301373839e-06 1.031948922900483012e-04 5.167991545818040322e-08 2.934496023954125121e-08 9.923164867586820037e-08 2.087884422508068383e-05 1.173431246570544317e-05 1.850948194714874262e-07 9.185606359096709639e-06 1.031959618558175862e-04 5.167990835275304562e-08 2.934496023954125121e-08 9.923164867586820037e-08 2.087884422508068383e-05 1.173431246570544317e-05
7.000000000000000000e+04 1.657411985434009694e-10 1.051816855834886155e-09 1.537267735329805873e-08 2.880837658269380652e-13 2.950855737537949608e-08 9.323741778644034639e-11 8.458472144923234737e-09 7.615257345605641603e-06 1.657554093981161714e-10 1.051375875249505043e-09 1.537046045996248722e-08 2.877698079828405753e-13 2.950855737537949608e-08 9.323741778644034639e-11 8.458472144923234737e-09 7.615257345605641603e-06
7.500000000000000000e+04 1.202806743094697595e-10 2.783889230251190838e-10 6.723780199280326997e-09 5.022684490540996194e-10 1.866334109479339531e-08 2.745679239524179138e-10 1.082120171247424878e-08 6.035495516698574647e-06 1.202806743094697595e-10 2.785327524179592729e-10 6.726622814312577248e-09 5.022684490540996194e-10 1.866334109479339531e-08 2.745679239524179138e-10 1.082120171247424878e-08 6.035495516698574647e-06
8.000000000000000000e+04 7.342080010630525067e-08 3.323151076983776875e-06 3.971379555878229439e-05 1.405557004119373232e-09 6.638914751277980031e-09 2.106484231489957892e-08 4.427001343287884083e-08 4.631986485037487000e-06 7.342078589545053546e-08 3.323142891531460918e-06 3.971369005739688873e-05 1.405598748505099138e-09 6.638914751277980031e-09 2.106484231489957892e-08 4.427001343287884083e-08 4.631986485037487000e-06
8.500000000000000000e+04 7.367865345608848315e-11 5.662133088779608414e-12 3.641532075882025765e-10 1.427992613045603321e-09 8.025609510298181704e-09 3.139177806588122621e-11 7.427928272463191206e-10 4.520290985965402797e-06 7.366907084360718727e-11 5.684341886080801487e-12 3.637978807091712952e-10 1.428034579475934152e-09 8.025609510298181704e-09 3.139177806588122621e-11 7.427928272463191206e-10 4.520290985965402797e-06
9.000000000000000000e+04 1.644688040869368706e-06 7.799548620823770761e-05 9.471060475334525108e-04 6.933551510712732124e-09 1.208041933153936043e-08 1.869591947922799591e-08 5.004465037927730009e-06 2.880833335439092480e-06 1.644686676627316047e-06 7.799545710440725088e-05 9.471054654568433762e-04 6.933504881345697868e-09 1.208041933153936043e-08 1.869591947922799591e-08 5.004465037927730009e-06 2.880833335439092480e-06
9.500000000000000000e+04 1.061453431816516968e-07 4.318339051678776741e-06 5.364443859434686601e-05 3.606226073316065595e-08 2.420144085135689238e-10 2.241813490400090814e-08 2.694121576496399939e-06 3.383829607628285885e-06 1.061449808048564591e-07 4.318320407037390396e-06 5.364418029785156250e-05 3.606215059903661313e-08 2.420144085135689238e-10 2.241813490400090814e-08 2.694121576496399939e-06 3.383829607628285885e-06
9.500000000000000000e+04 1.061453431816516968e-07 4.318339051678776741e-06 5.364443859434686601e-05 3.606226073316065595e-08 2.420144085135689238e-10 2.241813490400090814e-08 2.694121576496399939e-06 3.383829607628285885e-06 1.061449808048564591e-07 4.318320407037390396e-06 5.364418029785156250e-05 3.606215059903661313e-08 2.420144085135689238e-10 2.241813490400090814e-08 2.694121576496399939e-06 3.383829607628285885e-06
9.501800000000000000e+04 1.061453431816516968e-07 4.318339051678776741e-06 5.364443859434686601e-05 3.606226073316065595e-08 2.420144085135689238e-10 2.241813490400090814e-08 2.694121576496399939e-06 3.383829607628285885e-06 1.061449808048564591e-07 4.318320407037390396e-06 5.364418029785156250e-05 3.606215059903661313e-08 2.420144085135689238e-10 2.241813490400090814e-08 2.694121576496399939e-06 3.383829607628285885e-06
